587729149846946423	151.6302307	-2.6460239	24.78881	23.20717	22.42489	22.17604	21.59792	0.8004343	2.96956	2.96992	1.568981	0.9702734	3.021278	-1000	23.65955
588848900971299284	145.45984766	0.73067629	23.25372	22.02243	20.98888	19.82232	19.12142	1.554151	11.30187	2.08801	2.969621	3.543597	2.928718	0.209427	22.09095
588848900971299318	145.49148089	0.81142239	24.0182	22.6754	21.8848	22.13977	21.10087	0.9191305	4.58233	2.969576	2.969621	2.969343	1.731193	-1000	22.52478
588848900971299351	145.51571884	0.8119699	21.97238	20.33965	19.05633	18.48833	17.98102	2.298752	2.968804	2.969576	5.429862	4.643391	5.976612	-1000	20.37925
588848900971299417	145.41028077	0.76702728	24.03287	23.21998	21.54947	22.09391	22.55378	0.913731	7.356313	2.969576	1.660887	1.218365	7.357388	-1000	25.12463
588848900971299466	145.4591352	0.78563664	23.33361	22.59439	21.89726	21.75632	20.90756	1.401438	7.356313	1.246984	2.969621	2.969343	7.357388	0.1983915	22.15332
588848900971299467	145.45958328	0.8300211	23.98151	23.36105	21.55215	21.0198	22.04584	2.012526	4.58233	4.583522	2.969621	2.549849	0.5666928	-1000	23.04206
588848900971299482	145.4815763	0.66145645	24.69664	23.5141	22.31234	22.40301	22.08356	0.6857619	2.968804	2.969576	1.561259	1.386041	2.969238	-1000	24.03119
588848900971299487	145.48376761	0.80762705	25.30762	23.15425	21.49183	21.1665	21.41977	1.422653	0.2868288	7.358226	2.969621	2.193806	2.482898	-1000	22.41646
588848900971299493	145.48992235	0.72567956	24.42973	23.61314	21.71837	21.07846	20.61037	0.7630399	2.968804	2.969576	1.97493	1.794239	18.01493	-1000	23.89034
588848900971299523	145.51377073	0.63330075	26.3645	23.8718	21.72996	20.43219	19.57593	0.8289049	2.968804	2.969576	2.027697	1.223765	1.272521	-1000	27.87862
588848900971299539	145.52479075	0.81062146	24.4189	24.1595	21.94943	21.84866	21.29464	0.7451159	4.58233	2.969576	1.606268	1.697589	2.112998	-1000	23.94489
588848900971299545	145.52859944	0.74192023	23.78025	22.63156	21.43512	21.1114	20.29651	1.519234	2.968804	1.941552	7.358338	1.784513	1.411308	1.75618	23.90639
588848900971299550	145.53051891	0.70641412	24.66139	24.15052	22.46281	22.74343	23.00653	0.5482915	2.968804	4.583522	1.760163	2.969343	2.969238	-1000	23.342
588848900971299566	145.54302418	0.63885935	24.61051	23.07082	22.10776	21.80989	23.80116	0.8741475	2.968804	2.969576	1.852828	1.796201	2.969238	-1000	23.67639
588848900971299606	145.42070942	0.78899461	23.76043	24.93266	22.64569	21.77532	21.42199	0.7274609	2.968804	4.583522	2.969621	2.552354	1.40784	-1000	26.80835
588848900971299631	145.44846039	0.68877235	25.82293	25.65308	22.98492	21.25353	20.98834	0.6781611	2.968804	2.969576	1.826927	1.609371	2.969238	-1000	27.31894
588848900971299642	145.46758201	0.71718836	26.40375	23.29693	22.77264	21.67951	23.49056	1.61189	4.58233	7.358226	2.969621	1.777678	0.4844781	-1000	22.891
588848900971299647	145.47529439	0.67613626	24.82423	24.66483	22.33971	20.96085	20.00053	1.144856	2.968804	4.583522	2.969621	1.780061	2.389208	-1000	23.42165
588848900971299675	145.5239471	0.78911471	25.69453	23.9794	22.53469	21.5825	21.00816	0.6344765	2.968804	2.969576	1.321034	2.155089	2.007335	-1000	24.5556
588848900971299706	145.47505946	0.7063353	23.55217	25.78945	23.67198	24.55047	19.91768	1.271414	2.968804	2.969576	27.91846	2.969343	1.086532	-1000	25.11933
588848900971299713	145.5273391	0.71662112	24.66865	25.13125	24.95786	24.30276	20.48908	-9999	2.968804	4.583522	4.583591	2.969343	1.108509	-1000	25.18422
588848900971299716	145.54378987	0.70630274	23.69642	25.01012	24.32699	23.80344	20.56828	-9999	4.58233	2.969576	2.969621	2.969343	1.172643	-1000	25.79452
588848900971299727	145.46261658	0.80102095	23.34283	24.51865	25.06407	24.25666	20.51984	-9999	2.968804	2.969576	2.969621	2.969343	2.450801	-1000	25.07645
588848900971364394	145.57337388	0.80214628	23.94492	23.42139	21.62559	20.36131	20.05558	1.257854	7.356958	2.969459	2.970076	4.712948	2.79011	-1000	22.66218
588848900971364411	145.58866632	0.64663977	22.51854	22.24463	21.29034	21.27278	22.3305	1.956452	2.969064	43.76221	2.970076	2.96966	0.6939678	-1000	21.88878
588848900971364423	145.61149189	0.78861921	23.39388	22.89024	22.16545	21.6372	23.10297	1.031578	2.969064	2.969459	2.970076	3.621594	7.357596	-1000	22.50988
588848900971364468	145.69138797	0.73488714	24.02189	24.11707	22.23827	22.47523	23.20859	1.198838	7.356958	7.357935	2.970076	7.358435	0.2460234	-1000	25.637
588848900971364493	145.56329399	0.80261605	23.04446	20.52044	19.47627	19.04267	18.64659	1.632664	0.7790153	3.621742	3.403719	3.407566	3.682686	0.2678038	20.57559
588848900971364500	145.56330774	0.65310264	25.53976	24.01094	22.30289	21.78634	21.24389	0.8936051	2.969064	2.969459	2.970076	0.9860418	1.467565	-1000	23.73522