587729149846946413	151.61564824	-2.64874101	23.03209	24.46582	22.25314	21.88347	21.01253	0.8642855	0.8930709	2.96992	1.642771	2.850993	1.738506	-1000	23.88792
587729149846946428	151.63263451	-2.61203165	24.60177	23.23802	21.90563	21.30927	20.81629	0.7675635	2.96956	2.96992	1.67355	2.791054	2.852454	-1000	22.65133
587729149846946431	151.63467964	-2.60794565	22.30244	23.18203	21.87818	22.29712	22.54776	0.8005416	2.96956	2.96992	1.761578	1.811976	4.583613	-1000	23.56943
588848900971299281	145.45683475	0.65745008	22.08725	20.96209	20.23095	19.82823	19.63539	1.135214	2.968804	1.957836	2.498626	1.923241	7.357388	0.1748162	21.08744
588848900971299284	145.45984766	0.73067629	23.25372	22.02243	20.98888	19.82232	19.12142	1.554151	11.30187	2.08801	2.969621	3.543597	2.928718	0.209427	22.09095
588848900971299300	145.47396353	0.81066028	23.6384	22.40554	21.16771	21.13859	20.37821	0.8738989	2.968804	2.969576	2.042646	1.916619	4.011299	-1000	22.3641
588848900971299317	145.4909632	0.83783288	24.75526	22.16235	21.05073	20.48334	20.46729	2.966501	11.30187	2.969576	11.30498	2.969343	11.30352	-1000	24.48825
588848900971299336	145.50273895	0.67556376	22.21518	21.03337	20.39481	20.07448	19.93913	1.642314	7.356313	2.590113	7.358338	4.139858	4.177183	0.2025354	21.20942
588848900971299349	145.51237728	0.75650715	24.37643	21.80083	21.03934	20.93127	20.95691	1.007723	0.6530089	2.969576	2.223655	2.226439	2.969238	-1000	21.93731
588848900971299351	145.51571884	0.8119699	21.97238	20.33965	19.05633	18.48833	17.98102	2.298752	2.968804	2.969576	5.429862	4.643391	5.976612	-1000	20.37925
588848900971299359	145.52278599	0.73743127	25.39848	23.00308	21.62613	21.17581	20.61108	0.6494257	2.968804	0.6760682	1.170723	1.195276	11.30352	0.06361668	22.89283
588848900971299371	145.53369256	0.69376455	24.42073	22.46383	21.95002	22.27146	21.4034	0.8910947	2.968804	7.358226	2.169474	2.969343	1.804231	-1000	21.99969
588848900971299376	145.53592825	0.74163715	22.7391	22.38043	21.29219	20.91273	20.28859	1.045565	2.968804	2.969576	2.088232	2.683713	2.265066	-1000	22.21405
588848900971299377	145.53675221	0.65398933	22.52655	21.43119	20.20559	19.72333	19.29918	0.9955355	7.356313	2.023339	2.427963	1.916594	2.06026	0.2268728	21.48598
588848900971299387	145.54922361	0.66317347	22.54039	21.64163	20.54163	20.219	19.76741	1.293309	2.968804	2.969576	2.833007	1.837932	1.591196	-1000	21.39459
588848900971299429	145.418098	0.77868929	23.67902	23.80864	22.45864	21.86776	22.05835	0.5421513	2.968804	4.583522	1.366174	1.910112	2.969238	-1000	23.66347
588848900971299444	145.44289579	0.83614777	23.35308	23.49414	21.27679	21.28481	20.72615	1.084137	7.356313	7.358226	1.881075	2.969343	0.8007905	-1000	23.042
588848900971299459	145.45176627	0.7860589	23.71013	23.31589	22.06541	21.25928	20.52785	0.9350412	2.12454	2.969576	2.969621	1.707383	7.357388	-1000	23.05268
588848900971299466	145.4591352	0.78563664	23.33361	22.59439	21.89726	21.75632	20.90756	1.401438	7.356313	1.246984	2.969621	2.969343	7.357388	0.1983915	22.15332
588848900971299472	145.46333768	0.79294916	24.42138	23.53896	21.93285	21.9669	20.92374	1.72368	7.356313	2.969576	7.358338	2.969343	4.2945	-1000	26.69785
588848900971299483	145.48191068	0.68134822	23.35847	23.01978	21.80967	21.75535	21.57507	0.8593693	1.055061	2.969576	1.914025	2.969343	2.692236	-1000	23.61715
588848900971299497	145.49284917	0.76606983	25.67846	23.76615	23.00797	21.97245	21.57972	0.2315967	2.968804	0.09089738	0.7944964	1.970299	2.308155	0.04267498	23.84753
588848900971299520	145.51029387	0.64923264	24.62503	24.68353	22.55071	21.63859	20.79974	0.714626	0.7109507	4.583522	2.969621	1.583248	1.577128	-1000	23.05674
588848900971299533	145.52160759	0.78778518	24.19623	23.19629	21.80399	20.73878	20.11323	0.7972086	4.58233	2.969576	2.033435	2.46422	2.909252	-1000	24.41818
588848900971299553	145.5328557	0.73742912	24.62729	23.24893	22.05316	22.11275	21.03881	0.7109339	4.58233	2.969576	1.233709	2.108019	2.010997	-1000	22.95362
588848900971299563	145.54104331	0.64498687	24.50617	23.48153	22.17264	21.34911	20.50685	0.6651803	2.968804	2.969576	1.384132	1.732309	3.256243	-1000	23.27613
588848900971299597	145.40770777	0.83754805	22.75649	24.48568	22.25183	21.19889	20.4181	3.516418	11.30187	2.969576	2.969621	2.486006	2.455128	-1000	25.10212
588848900971299636	145.46009295	0.81126981	25.27539	23.65169	22.67978	21.42384	20.75367	1.920937	4.58233	2.969576	2.969621	1.539007	1.784063	-1000	24.22967
588848900971299659	145.49832188	0.66841488	23.61742	23.30926	22.70238	21.41473	21.32982	0.8811498	1.161304	2.969576	1.727135	1.399646	2.296569	-1000	23.06705
588848900971299675	145.5239471	0.78911471	25.69453	23.9794	22.53469	21.5825	21.00816	0.6344765	2.968804	2.969576	1.321034	2.155089	2.007335	-1000	24.5556