587729149846946415	151.61799583	-2.67001468	26.69439	23.69534	22.19586	22.21873	21.55124	0.6874543	2.96956	2.96992	1.821821	2.969773	1.826231	-1000	24.99403
588848900971299385	145.54624747	0.71817248	23.79659	22.88839	22.18909	22.02524	21.60788	0.6627098	2.968804	2.969576	1.412663	1.514168	2.969238	-1000	22.45487
588848900971299388	145.5493171	0.72441849	23.32897	22.40828	21.25125	20.95493	20.56908	0.9772732	2.968804	2.969576	2.385613	2.801486	2.743705	-1000	22.55342
588848900971299389	145.54954276	0.70376929	23.38449	22.64794	21.45666	21.06194	21.14985	1.029358	2.968804	2.969576	2.373986	1.878305	2.969238	-1000	22.74034
588848900971299434	145.42769243	0.82719714	25.49871	22.68368	20.8117	20.43061	19.69099	3.404019	2.968804	2.969576	2.969621	1.236095	0.9191437	-1000	24.85702
588848900971299440	145.43470618	0.82749359	24.76663	23.25394	21.34079	21.12908	20.42917	1.029968	2.968804	2.969576	2.969621	2.030122	1.682418	-1000	22.77172
588848900971299448	145.4455308	0.75426908	23.79805	24.10101	22.04816	21.03528	21.05826	0.7168141	2.968804	2.969576	2.969621	1.754518	1.393316	-1000	26.98411
588848900971299457	145.45012326	0.73053137	22.90536	23.98158	21.3965	20.62963	20.24568	1.10416	2.968804	2.969576	2.969621	2.061475	3.192441	-1000	22.9837
588848900971299465	145.45903057	0.73754633	23.41209	22.86432	21.94142	21.06899	20.87578	0.9347903	2.968804	2.969576	2.969621	2.093934	1.668647	-1000	22.95048
588848900971299466	145.4591352	0.78563664	23.33361	22.59439	21.89726	21.75632	20.90756	1.401438	7.356313	1.246984	2.969621	2.969343	7.357388	0.1983915	22.15332
588848900971299467	145.45958328	0.8300211	23.98151	23.36105	21.55215	21.0198	22.04584	2.012526	4.58233	4.583522	2.969621	2.549849	0.5666928	-1000	23.04206
588848900971299483	145.48191068	0.68134822	23.35847	23.01978	21.80967	21.75535	21.57507	0.8593693	1.055061	2.969576	1.914025	2.969343	2.692236	-1000	23.61715
588848900971299484	145.48211917	0.83878072	25.80152	23.41142	22.15677	22.17029	21.88067	1.603994	2.968804	2.969576	7.358338	2.969343	2.969238	-1000	23.20848
588848900971299487	145.48376761	0.80762705	25.30762	23.15425	21.49183	21.1665	21.41977	1.422653	0.2868288	7.358226	2.969621	2.193806	2.482898	-1000	22.41646
588848900971299514	145.50720581	0.79820293	23.18396	23.2099	21.58544	20.99649	20.13742	1.331877	1.139988	2.969576	7.358338	1.758628	1.877372	-1000	22.57771
588848900971299529	145.51822309	0.76861513	23.97785	22.55872	20.70843	20.06079	19.38244	1.754943	2.968804	11.3048	2.969621	2.770947	4.075651	-1000	22.04518
588848900971299532	145.52076864	0.73497653	23.41228	23.78833	22.01021	25.17185	23.08792	1.042181	2.968804	2.969576	2.969621	4.583162	0.7481157	-1000	24.53076
588848900971299557	145.53742014	0.6896633	23.45524	22.8105	21.16215	19.77604	18.98633	1.502349	2.968804	2.969576	2.969621	2.431716	3.22686	-1000	23.14372
588848900971299563	145.54104331	0.64498687	24.50617	23.48153	22.17264	21.34911	20.50685	0.6651803	2.968804	2.969576	1.384132	1.732309	3.256243	-1000	23.27613
588848900971299568	145.54354423	0.80960747	26.37629	23.82034	21.59009	20.99459	20.84467	3.859094	2.968804	2.969576	11.30498	1.46507	11.30352	-1000	23.31699
588848900971299569	145.5441279	0.63391582	24.15682	23.00704	21.57583	21.55968	22.25219	1.170358	7.356313	2.054337	2.564924	1.789098	0.578731	1.91881	24.10887
588848900971299612	145.42692007	0.72315125	23.93718	24.18125	23.43418	21.70782	22.00532	-9999	2.968804	2.969576	1.038817	1.405366	2.969238	-1000	24.6326
588848900971299651	145.48418681	0.76695918	24.86128	23.1701	22.8898	21.76474	21.56355	1.034274	4.58233	7.358226	2.969621	1.512194	2.969238	-1000	23.11035
588848900971299679	145.53162305	0.67335761	22.7124	23.13567	22.47221	21.73483	21.38024	1.070598	7.356313	1.243474	2.074179	1.71376	0.8870165	0.01920276	24.9087
588848900971299705	145.46700211	0.81549737	23.81672	25.39005	24.3743	25.41572	20.49094	1.091464	11.30187	2.969576	4.583591	2.969343	1.123992	-1000	23.8424
588848900971299706	145.47505946	0.7063353	23.55217	25.78945	23.67198	24.55047	19.91768	1.271414	2.968804	2.969576	27.91846	2.969343	1.086532	-1000	25.11933
588848900971299709	145.49055033	0.80136181	26.53163	23.94172	25.50469	24.3976	20.15329	1.856273	4.58233	2.969576	2.969621	2.969343	1.310937	-1000	24.6795
588848900971299725	145.54304339	0.71302757	23.13484	23.25957	22.55863	21.84712	21.22829	0.766938	2.968804	2.969576	2.969621	1.98552	1.4069	-1000	25.08102
588848900971364370	145.55559859	0.67095761	25.97182	24.55877	22.79455	21.18157	21.05417	0.8058423	2.969064	2.969459	2.970076	2.399363	2.374831	-1000	24.0969
588848900971364376	145.5574712	0.6850653	25.72916	23.85087	23.43077	21.3915	22.93071	1.76981	4.582732	2.969459	2.970076	2.664793	0.9943619	-1000	23.74727