588848900971299284	145.45984766	0.73067629	23.25372	22.02243	20.98888	19.82232	19.12142	1.554151	11.30187	2.08801	2.969621	3.543597	2.928718	0.209427	22.09095
588848900971299286	145.46026308	0.71590493	23.54765	22.56668	21.82518	21.36222	20.92632	1.359369	0.09978194	2.969576	7.358338	2.031301	2.37015	-1000	22.47549
588848900971299295	145.46674311	0.63192285	23.95409	22.76379	22.50071	21.73485	21.01485	1.585571	2.968804	68.29768	2.969621	1.816337	0.8167335	-1000	22.20367
588848900971299296	145.46778034	0.69660687	22.88753	22.0459	21.4043	20.99609	21.36701	0.827136	0.5750441	1.484013	1.799352	1.600856	1.038247	0.1528674	22.36202
588848900971299298	145.47114681	0.66932087	22.84851	22.53132	21.20048	20.53224	19.91923	0.926931	2.968804	2.969576	1.931132	1.824043	1.933071	-1000	22.33098
588848900971299318	145.49148089	0.81142239	24.0182	22.6754	21.8848	22.13977	21.10087	0.9191305	4.58233	2.969576	2.969621	2.969343	1.731193	-1000	22.52478
588848900971299356	145.51799506	0.67523221	23.26456	21.0423	20.2163	19.69322	19.39753	1.660326	7.356313	2.969576	7.358338	4.063219	4.521453	-1000	20.63875
588848900971299371	145.53369256	0.69376455	24.42073	22.46383	21.95002	22.27146	21.4034	0.8910947	2.968804	7.358226	2.169474	2.969343	1.804231	-1000	21.99969
588848900971299382	145.54268868	0.63588434	25.93043	22.35913	21.5922	21.08586	21.17653	1.107107	2.968804	1.180003	2.441334	7.357649	2.969238	0.0003684443	23.60048
588848900971299413	145.40655238	0.67950423	23.53721	22.78281	21.4816	21.05426	20.83373	0.9209412	2.968804	2.969576	2.358073	1.425919	18.01493	-1000	22.40366
588848900971299431	145.42126101	0.63163653	23.79838	23.94106	22.42077	23.41146	22.56224	0.6403871	258.286	2.969576	1.59747	1.058975	1.05966	-1000	23.79676
588848900971299457	145.45012326	0.73053137	22.90536	23.98158	21.3965	20.62963	20.24568	1.10416	2.968804	2.969576	2.969621	2.061475	3.192441	-1000	22.9837
588848900971299475	145.4659964	0.75587293	23.30211	23.11647	21.90431	21.19567	21.03764	0.9608723	2.968804	2.969576	1.952275	2.439044	4.583	-1000	23.44528
588848900971299483	145.48191068	0.68134822	23.35847	23.01978	21.80967	21.75535	21.57507	0.8593693	1.055061	2.969576	1.914025	2.969343	2.692236	-1000	23.61715
588848900971299496	145.49294563	0.7644599	25.93251	23.88899	21.80904	20.66287	19.95893	1.120963	2.968804	2.969576	2.143806	1.903681	5.190115	-1000	24.63089
588848900971299500	145.49498644	0.75689216	25.34508	23.33305	22.17088	22.08893	22.30173	0.8218986	2.968804	2.969576	1.843609	1.238307	2.969238	-1000	23.68065
588848900971299504	145.50057313	0.83645179	24.62429	23.49146	22.20247	21.3064	20.89618	1.050742	0.727711	2.969576	2.969621	1.776134	1.523224	-1000	23.41769
588848900971299518	145.50792625	0.69715671	22.95144	22.78126	21.57048	21.57692	21.64524	1.767604	18.01229	2.969576	2.969621	2.969343	1.510867	-1000	22.58522
588848900971299545	145.52859944	0.74192023	23.78025	22.63156	21.43512	21.1114	20.29651	1.519234	2.968804	1.941552	7.358338	1.784513	1.411308	1.75618	23.90639
588848900971299550	145.53051891	0.70641412	24.66139	24.15052	22.46281	22.74343	23.00653	0.5482915	2.968804	4.583522	1.760163	2.969343	2.969238	-1000	23.342
588848900971299556	145.53571363	0.7161012	23.87619	24.25732	22.07078	20.99093	20.517	0.8889138	2.968804	2.969576	1.767727	1.84622	1.465108	-1000	26.06859
588848900971299602	145.41693292	0.70428972	23.74264	23.86562	22.55784	21.47437	21.17425	1.772471	0.6435323	2.969576	2.969621	1.638441	1.357504	-1000	24.15458
588848900971299611	145.4247312	0.72597261	22.90399	22.92264	23.073	21.55108	21.69815	2.019895	18.01229	2.969576	0.8245851	1.315127	2.969238	-1000	23.5797
588848900971299612	145.42692007	0.72315125	23.93718	24.18125	23.43418	21.70782	22.00532	-9999	2.968804	2.969576	1.038817	1.405366	2.969238	-1000	24.6326
588848900971299631	145.44846039	0.68877235	25.82293	25.65308	22.98492	21.25353	20.98834	0.6781611	2.968804	2.969576	1.826927	1.609371	2.969238	-1000	27.31894
588848900971299646	145.47416113	0.78370125	23.05705	23.6121	23.23626	21.82742	22.66916	4.013178	1.290474	2.969576	1.199004	2.699659	4.583	-1000	23.40557
588848900971299651	145.48418681	0.76695918	24.86128	23.1701	22.8898	21.76474	21.56355	1.034274	4.58233	7.358226	2.969621	1.512194	2.969238	-1000	23.11035
588848900971299656	145.49087137	0.7019701	23.68132	24.69815	23.07804	21.30259	20.33243	2.003861	2.968804	0.07528759	4.583591	2.549478	1.592524	0.02902999	26.05683
588848900971299679	145.53162305	0.67335761	22.7124	23.13567	22.47221	21.73483	21.38024	1.070598	7.356313	1.243474	2.074179	1.71376	0.8870165	0.01920276	24.9087
588848900971299714	145.5295909	0.78436721	23.78044	24.01717	23.49361	25.52846	19.91284	3.469542	2.968804	2.969576	2.969621	4.583162	3.515733	-1000	25.24575