587729149846946411	151.61429452	-2.66710795	22.59784	23.28817	21.8012	21.31882	20.39063	1.451407	2.96956	68.3056	7.359329	2.969773	11.30503	-1000	21.89149
587729149846946415	151.61799583	-2.67001468	26.69439	23.69534	22.19586	22.21873	21.55124	0.6874543	2.96956	2.96992	1.821821	2.969773	1.826231	-1000	24.99403
588848900971299281	145.45683475	0.65745008	22.08725	20.96209	20.23095	19.82823	19.63539	1.135214	2.968804	1.957836	2.498626	1.923241	7.357388	0.1748162	21.08744
588848900971299300	145.47396353	0.81066028	23.6384	22.40554	21.16771	21.13859	20.37821	0.8738989	2.968804	2.969576	2.042646	1.916619	4.011299	-1000	22.3641
588848900971299301	145.47540241	0.69888989	23.48812	22.6363	21.04421	20.53455	20.02859	0.8442046	1.081055	2.969576	1.677963	1.459948	2.048386	-1000	22.65679
588848900971299345	145.50906084	0.75468322	25.05933	22.12865	21.57598	21.30709	21.69806	0.8850601	0.586255	1.791015	1.945828	1.797477	2.591327	0.5324137	22.23612
588848900971299388	145.5493171	0.72441849	23.32897	22.40828	21.25125	20.95493	20.56908	0.9772732	2.968804	2.969576	2.385613	2.801486	2.743705	-1000	22.55342
588848900971299437	145.43358366	0.73613774	22.94193	23.19376	21.45741	20.9148	21.01748	1.165606	2.968804	2.969576	2.947588	1.802843	4.583	-1000	25.26424
588848900971299458	145.45181363	0.755788	25.03066	23.5121	21.4195	20.28555	19.72819	1.443592	2.968804	2.969576	2.969621	1.615467	1.905096	-1000	24.94587
588848900971299468	145.45970527	0.72406524	23.14553	22.74228	21.45251	21.31032	22.33839	1.384583	2.968804	2.969576	2.319239	1.66054	1.058813	-1000	23.08322
588848900971299497	145.49284917	0.76606983	25.67846	23.76615	23.00797	21.97245	21.57972	0.2315967	2.968804	0.09089738	0.7944964	1.970299	2.308155	0.04267498	23.84753
588848900971299537	145.5238338	0.68895569	25.4908	23.02679	22.08856	22.41105	21.1397	0.8381634	2.968804	2.969576	1.760948	2.969343	2.552073	-1000	22.57266
588848900971299546	145.52841464	0.75677409	24.54795	22.80375	21.71358	21.29157	20.49944	1.307831	2.968804	2.969576	2.969621	2.57987	3.882403	-1000	22.84874
588848900971299563	145.54104331	0.64498687	24.50617	23.48153	22.17264	21.34911	20.50685	0.6651803	2.968804	2.969576	1.384132	1.732309	3.256243	-1000	23.27613
588848900971299571	145.5459405	0.72937051	23.43253	23.238	22.15594	21.93177	21.38751	0.3341197	4.58233	2.969576	2.969621	1.372225	1.404877	-1000	26.38254
588848900971299606	145.42070942	0.78899461	23.76043	24.93266	22.64569	21.77532	21.42199	0.7274609	2.968804	4.583522	2.969621	2.552354	1.40784	-1000	26.80835
588848900971299632	145.44865411	0.79827257	22.88657	24.06833	23.13071	22.05402	22.04836	-9999	2.968804	2.969576	2.969621	2.969343	2.969238	-1000	24.75765
588848900971299638	145.46236692	0.71655743	25.12803	23.50121	23.5076	21.97584	23.17281	0.6500727	2.968804	2.969576	0.7478374	1.12168	0.08259705	-1000	23.09569
588848900971299666	145.51529664	0.71764709	23.84198	24.71976	23.04375	21.76886	21.58686	1.353994	2.968804	2.969576	0.7085953	1.303881	2.923778	-1000	24.72884
588848900971299716	145.54378987	0.70630274	23.69642	25.01012	24.32699	23.80344	20.56828	-9999	4.58233	2.969576	2.969621	2.969343	1.172643	-1000	25.79452
588848900971299727	145.46261658	0.80102095	23.34283	24.51865	25.06407	24.25666	20.51984	-9999	2.968804	2.969576	2.969621	2.969343	2.450801	-1000	25.07645
588848900971364413	145.58926303	0.64211228	22.70613	21.1002	21.57108	19.32983	24.8456	2.127372	0.8424387	2.969459	2.970076	2.933627	2.969321	-1000	22.82337
588848900971364466	145.6978813	0.73024251	23.94073	23.2281	22.50193	22.00099	22.68988	0.6235293	4.582732	2.969459	1.237664	1.809943	0.0870999	-1000	23.73962
588848900971364473	145.70267103	0.73970292	24.71985	24.75656	23.16073	21.67822	22.68759	1.101283	4.582732	2.969459	2.970076	2.96966	0.7946708	-1000	25.58434
588848900971364600	145.61648622	0.81469042	22.58895	20.49676	19.07225	18.52382	18.18875	1.097153	2.969064	2.244728	2.300486	2.195299	9.067618	0.326171	20.52228
588848900971364621	145.68771382	0.68503635	22.23884	21.17876	19.9314	19.43396	19.11503	1.235848	2.969064	2.938628	2.572412	2.751471	3.344766	0.4003254	21.07422
588848900971364647	145.6212695	0.67857325	22.29672	21.19639	19.42806	18.79394	18.38496	1.533676	2.969064	2.969459	3.86728	3.171886	2.281528	-1000	21.05589
588848900971364663	145.57575626	0.78196986	22.1442	25.4716	25.55334	24.71587	22.18386	3.090731	1.892413	2.969459	2.970076	4.583652	4.583129	-1000	24.99777
588848900971364680	145.63159652	0.77226808	22.10562	21.33609	20.39526	20.11269	19.70702	1.04602	1.341588	2.969459	1.992058	1.906423	3.272094	-1000	21.13457
588848900971364717	145.56025239	0.81549053	23.69079	23.01864	22.00236	21.47051	21.63566	0.5814043	2.969064	7.357935	1.844567	1.387005	7.357596	-1000	22.70693