587729149846946415	151.61799583	-2.67001468	26.69439	23.69534	22.19586	22.21873	21.55124	0.6874543	2.96956	2.96992	1.821821	2.969773	1.826231	-1000	24.99403
587729149846946417	151.62364969	-2.55149417	22.57935	23.04046	21.84181	21.5057	21.32171	0.8456959	1.241616	7.359079	2.013697	1.278557	1.891172	-1000	22.71375
587729149846946431	151.63467964	-2.60794565	22.30244	23.18203	21.87818	22.29712	22.54776	0.8005416	2.96956	2.96992	1.761578	1.811976	4.583613	-1000	23.56943
588848900971299306	145.48629064	0.72176867	26.05468	22.47705	22.94662	22.91013	21.8616	0.4344727	2.968804	2.969576	2.969621	0.8553037	4.583	-1000	22.82507
588848900971299311	145.48627915	0.73537959	25.81048	24.24287	22.17102	24.04681	21.70667	0.769655	2.968804	2.969576	2.969621	2.969343	1.039288	-1000	25.66297
588848900971299321	145.49295386	0.63963775	23.80912	22.87169	22.86767	22.89197	21.70979	4.121638	2.968804	2.969576	2.969621	1.03981	2.873605	-1000	23.41612
588848900971299327	145.49702472	0.79009854	25.80452	21.91323	22.43766	22.85776	21.49874	0.6318439	2.968804	2.969576	1.228299	1.237664	2.969238	-1000	22.08295
588848900971299334	145.50227442	0.66003411	23.33905	22.43818	21.12033	20.64142	20.11884	1.049067	2.968804	2.969576	2.267951	1.603164	1.930194	-1000	22.59579
588848900971299378	145.5370497	0.81968934	24.12306	22.89168	22.08695	21.60033	21.71415	0.712598	4.58233	2.969576	1.683445	1.575868	4.583	-1000	23.20863
588848900971299381	145.539437	0.65544603	26.52483	22.68204	21.51409	20.94781	20.53667	1.171212	2.968804	2.969576	2.531837	2.833421	18.01493	-1000	23.25585
588848900971299384	145.54414923	0.65069881	23.26249	21.88025	21.00027	20.62577	20.92036	0.9039369	4.58233	1.887211	2.17968	1.872461	4.013867	0.2516187	21.98515
588848900971299431	145.42126101	0.63163653	23.79838	23.94106	22.42077	23.41146	22.56224	0.6403871	258.286	2.969576	1.59747	1.058975	1.05966	-1000	23.79676
588848900971299459	145.45176627	0.7860589	23.71013	23.31589	22.06541	21.25928	20.52785	0.9350412	2.12454	2.969576	2.969621	1.707383	7.357388	-1000	23.05268
588848900971299473	145.4635014	0.66926472	23.90391	23.13527	21.65048	21.32339	20.9575	1.051067	2.968804	0.09587904	2.506402	2.687082	1.20326	0.05190588	22.57183
588848900971299484	145.48211917	0.83878072	25.80152	23.41142	22.15677	22.17029	21.88067	1.603994	2.968804	2.969576	7.358338	2.969343	2.969238	-1000	23.20848
588848900971299531	145.52070698	0.78911291	23.78153	22.84196	22.02591	21.99368	22.67419	0.7085745	2.968804	2.969576	1.220088	2.969343	4.583	-1000	22.92706
588848900971299546	145.52841464	0.75677409	24.54795	22.80375	21.71358	21.29157	20.49944	1.307831	2.968804	2.969576	2.969621	2.57987	3.882403	-1000	22.84874
588848900971299561	145.53933818	0.77212051	26.22233	22.60443	21.88263	21.94792	22.44409	1.270181	2.968804	2.969576	4.583591	4.583162	2.969238	-1000	22.5699
588848900971299601	145.41480544	0.77628213	27.99274	22.25666	20.35145	20.31045	19.12175	3.793854	2.968804	2.969576	11.30498	1.287476	1.84418	-1000	22.46414
588848900971299642	145.46758201	0.71718836	26.40375	23.29693	22.77264	21.67951	23.49056	1.61189	4.58233	7.358226	2.969621	1.777678	0.4844781	-1000	22.891
588848900971299652	145.48800841	0.67818894	26.01052	23.82951	22.64185	21.73419	21.78361	0.5434768	2.968804	2.969576	1.143132	1.081273	2.969238	-1000	25.0126
588848900971299663	145.51093661	0.77907867	23.34571	24.33494	23.35374	21.09368	20.09864	-9999	2.968804	1.220493	1.012844	2.181863	3.456504	-1000	26.5441
588848900971299666	145.51529664	0.71764709	23.84198	24.71976	23.04375	21.76886	21.58686	1.353994	2.968804	2.969576	0.7085953	1.303881	2.923778	-1000	24.72884
588848900971299670	145.52002556	0.83209212	25.14248	23.74744	22.94181	21.65601	20.52878	1.670548	2.968804	4.583522	2.969621	1.858662	2.113781	-1000	23.34108
588848900971299713	145.5273391	0.71662112	24.66865	25.13125	24.95786	24.30276	20.48908	-9999	2.968804	4.583522	4.583591	2.969343	1.108509	-1000	25.18422
588848900971299720	145.42967206	0.80445264	23.10637	24.39204	22.41352	21.70979	21.65268	1.752366	2.968804	2.969576	2.969621	1.599893	0.09546974	-1000	25.20654
588848900971299721	145.4686822	0.79407172	25.57809	23.77216	22.81149	21.78912	20.94316	2.064505	2.968804	7.358226	2.969621	2.126878	2.647482	-1000	23.44703
588848900971299724	145.49500274	0.83435398	24.09638	24.24121	23.37892	21.91017	21.68969	0.1944294	2.968804	0.7485871	2.969621	1.913321	0.8673345	0.6745976	24.85213
588848900971299726	145.44521806	0.69646292	24.72834	22.70134	23.66689	22.47592	19.57861	-9999	2.968804	11.3048	2.969621	0.6252651	11.30352	-1000	22.543
588848900971364423	145.61149189	0.78861921	23.39388	22.89024	22.16545	21.6372	23.10297	1.031578	2.969064	2.969459	2.970076	3.621594	7.357596	-1000	22.50988