587722951693303810	587722981764694305	6	0.431645844913765
587722951693303810	587729971795263527	3	0.299517139529727
587722951693303820	587729971795263543	3	0.29567732435606
587722951693303822	587729971795263542	6	0.0664177124540425
587722951693303822	587729971795264585	6	0.36464672970173
587722951693303823	587722951961673962	3	0.326315307680684
587722951693303825	587722951961673963	3	0.443115988473556
587722951693303825	587729971795263545	3	0.302637088928997
587722951693303833	587722951693304335	6	0.341618742467667
587722951693303833	587729778527567904	3	0.170777647744972
587722951693303833	587729778527568642	3	0.484854297556349
587722951693303835	587722951693304445	6	0.466442305802732
587722951693303836	587722951693304231	6	0.482970224885878
587722951693303836	587729778527567902	6	0.0738307163211964
587722951693303837	587722951693303834	6	0.414803285040326
587722951693303837	587722951693304231	6	0.389836527858651
587722951693303837	587722951693304336	3	0.246127078453463
587722951693303837	587729778527567904	3	0.184103677838218
587722951693303839	587729971795264591	3	0.415665196839054
587722951693303842	587729778527567914	6	0.00110917289352701
587722951693303843	587722951693304710	3	0.158503707633785
587722951693303844	587722951693304030	6	0.47648935008183
587722951693303846	587722951693304455	3	0.464703061792644
587722951693303846	587729971795264154	6	0.159518725589014
587722951693303848	587722951693304457	6	0.386830840583167
587722951693303848	587722951693304728	3	0.483997612730389
587722951693303850	587722981764695342	3	0.362425265019906
587722951693303850	587729971795263583	6	0.00204191740499447
587722951693303853	587722951693304060	3	0.358494175582453
587722951693303853	587729971795264117	6	0.263864810513638