587722951693303810	587722981764694094	6	0.000689266084394108
587722951693303810	587729971795263522	3	0.371737766400921
587722951693303810	587729971795263527	3	0.299517139529727
587722951693303810	587729971795263827	6	0.432170393001435
587722951693303820	587722951693303823	3	0.176073278309477
587722951693303820	587729971795263552	3	0.174002574158689
587722951693303820	587729971795263554	3	0.318487616878245
587722951693303820	587729971795263558	3	0.436444680104984
587722951693303822	587722951693304033	6	0.456253920794407
587722951693303822	587729971795264243	6	0.137135049537995
587722951693303823	587722951693303825	3	0.359523135544756
587722951693303824	587722951693304035	6	0.417568567584901
587722951693303824	587722951693304433	3	0.163592728559093
587722951693303824	587722951961673957	6	0.438344634921779
587722951693303825	587722951693303824	3	0.31168646528625
587722951693303825	587722951693304430	6	0.446735124396425
587722951693303825	587722951961673958	6	0.441563236031513
587722951693303833	587729778527568379	6	0.456410536503202
587722951693303834	587722951693303833	6	0.287969485769988
587722951693303834	587722951961673950	6	0.450933998413288
587722951693303834	587729778527567886	6	0.450087676023821
587722951693303834	587729778527567903	6	0.00130181256340611
587722951693303834	587729778527567908	3	0.424677461152213
587722951693303835	587729778527567903	6	0.396603522882816
587722951693303835	587729778527569276	6	0.271110239684348
587722951693303835	587729778527569282	3	0.386043873528286
587722951693303836	587722951693304335	6	0.386385242260305
587722951693303836	587729778527567909	3	0.132207830004134
587722951693303836	587729778527569441	3	0.433317394645844
587722951693303837	587722951693303835	3	0.18237420289721