588848900971299304	145.48122408	0.766678	22.89227	0.6035229
588848900971299311	145.48627915	0.73537959	24.24287	2.363302
588848900971299318	145.49148089	0.81142239	22.6754	2.363302
588848900971299326	145.49635491	0.67621502	22.21242	1.316704
588848900971299327	145.49702472	0.79009854	21.91323	0.4630142
588848900971299347	145.50922819	0.6416901	22.50301	0.7777533
588848900971299355	145.51698268	0.78777113	22.98885	0.6701398
588848900971299382	145.54268868	0.63588434	22.35913	4.333695
588848900971299426	145.41580871	0.63897407	23.81913	0.9673837
588848900971299427	145.41670299	0.66922103	23.28917	1.698274
588848900971299433	145.42555831	0.82537848	23.19495	1.553558
588848900971299435	145.42819561	0.66960458	22.12576	8.205412
588848900971299524	145.51379283	0.72693187	23.50622	1.925621
588848900971299536	145.52432384	0.68815325	23.73092	1.738038
588848900971299545	145.52859944	0.74192023	22.63156	1.257598
588848900971299548	145.5297098	0.72470712	23.62498	1.643299
588848900971299550	145.53051891	0.70641412	24.15052	2.363302
588848900971299564	145.54297282	0.72173423	23.65878	0.9558079
588848900971299570	145.54438936	0.7533292	23.93876	2.363302
588848900971299602	145.41693292	0.70428972	23.86562	1.072155
588848900971299606	145.42070942	0.78899461	24.93266	2.034705
588848900971299632	145.44865411	0.79827257	24.06833	2.363302
588848900971299639	145.4632785	0.65026124	24.87734	0.2475788
588848900971299659	145.49832188	0.66841488	23.30926	0.7300916
588848900971299714	145.5295909	0.78436721	24.01717	3.305826
588848900971364368	145.55944989	0.6849233	22.06437	2.754417
588848900971364377	145.55406878	0.68494839	24.33638	2.66106
588848900971364408	145.58177059	0.64713198	21.21034	6.278471
588848900971364436	145.63542941	0.66179896	24.61556	1.120068
588848900971364458	145.69844347	0.75197799	19.4151	3.191937
588848900971364466	145.6978813	0.73024251	23.2281	1.288325
588848900971364467	145.70324296	0.74225149	26.07924	2.363534
588848900971364473	145.70267103	0.73970292	24.75656	2.363534
588848900971364500	145.56330774	0.65310264	24.01094	-0.03052327
588848900971364595	145.58876256	0.7776066	20.77204	2.818635
588848900971364606	145.63625245	0.79659382	20.52677	1.919479
588848900971364681	145.63305891	0.77295669	21.13051	2.363534
588848900971364779	145.59386779	0.79227933	22.6244	1.52088
588848900971364829	145.61194339	0.73468132	24.39001	0.4332577
588848900971364834	145.61429619	0.66261565	23.01233	0.9923467
588848900971364845	145.61780239	0.75902838	22.24995	2.195719
588848900971364859	145.62740299	0.76120348	22.68489	2.363534
588848900971364860	145.62855677	0.77217693	21.69947	1.941905
588848900971364863	145.63096109	0.82393812	20.93216	7.229486
588848900971364873	145.63988094	0.81868762	22.54795	1.304809
588848900971364880	145.64502566	0.75330339	22.52926	1.491442
588848900971364887	145.64803165	0.80108439	22.46015	1.951283
588848900971364900	145.65510946	0.70784493	22.04734	2.296598
588848900971364903	145.65498479	0.65519488	21.67305	1.895191
588848900971364929	145.66682139	0.81226135	22.36388	2.085855
588848900971364931	145.66703706	0.80180301	21.41244	1.483748
588848900971364936	145.66760882	0.71642968	21.34185	2.363534
588848900971364949	145.6715717	0.77841842	22.52704	2.073101
588848900971364966	145.68879971	0.74933285	21.29793	1.033332
588848900971365009	145.55910547	0.63633357	23.71786	1.546269
588848900971365035	145.57186609	0.68318525	23.31956	0.6874434
588848900971365050	145.58481429	0.78653902	23.25371	1.561358
588848900971365076	145.60066989	0.7767086	23.25711	1.565364
588848900971365095	145.60871788	0.69690189	23.24486	0.5559407
588848900971365098	145.61029445	0.76537157	22.87399	1.513943
588848900971365105	145.61284045	0.68497446	23.41884	1.292812
588848900971365109	145.61298198	0.73888002	22.31065	1.531698
588848900971365125	145.62532066	0.71072169	23.67844	0.7769781
588848900971365176	145.66184118	0.67979632	23.48427	1.321891
588848900971365181	145.66594268	0.67898914	23.47458	0.6530881
588848900971365228	145.70219448	0.7856175	22.79032	2.363534
588848900971365256	145.57625403	0.83724627	24.77184	0.4459226
588848900971365282	145.62117051	0.63599826	24.28254	1.592668
588848900971365310	145.67600418	0.8049973	23.57087	1.357478
588848900971365331	145.5644271	0.70630052	24.38757	3.306058
588848900971365358	145.66426892	0.76347289	23.34827	2.363534
588848900971365361	145.57297612	0.75667657	24.43759	1.595161
588848900971429910	145.72531871	0.80990188	22.26833	2.706564
588848900971429924	145.75188741	0.74452371	24.86156	1.556504
588848900971429935	145.74826188	0.8284333	22.79692	2.363344
588848900971429987	145.8428646	0.68247282	22.72453	2.895512
588848900971429988	145.84224451	0.68124958	23.10892	2.363344
588848900971430064	145.79882881	0.65050024	19.24016	2.769792
588848900971430070	145.80425482	0.78651377	20.00661	1.928209
588848900971430121	145.75808377	0.75411806	20.8649	1.190472
588848900971430127	145.76279314	0.66610089	19.70991	4.252793
588848900971430147	145.78868698	0.71829977	22.24929	1.779681
588848900971430153	145.79329387	0.83145166	25.64808	2.363344
588848900971430181	145.84293304	0.74786868	18.93758	3.776392
588848900971430207	145.80096223	0.65367376	21.52907	1.193007
588848900971430304	145.71443335	0.77746123	25.38283	0.8835164
588848900971430330	145.73715191	0.63864828	22.44052	1.178428
588848900971430336	145.74372817	0.69153055	22.02983	1.13412
588848900971430339	145.74494383	0.77448279	21.60043	2.785058
588848900971430350	145.75316863	0.67943542	20.83005	2.822853
588848900971430362	145.76083008	0.70234267	22.58157	1.491423
588848900971430397	145.79604819	0.68878418	22.58177	4.333737
588848900971430414	145.80352846	0.64188445	22.10005	1.358899
588848900971430435	145.81414605	0.71039077	22.56456	1.216347
588848900971430475	145.84173263	0.64679511	22.18289	2.043585
588848900971430482	145.84584619	0.78050133	22.37908	2.363344
588848900971430535	145.72953997	0.67712902	22.76751	1.5097
588848900971430542	145.73713433	0.63024359	22.8955	1.273465
588848900971430557	145.75072213	0.63951229	22.78795	2.363344
588848900971430629	145.8004644	0.69861287	23.55497	2.363344