587729149846946426	151.63062138	-2.65670158	23.38815	1.083491
588848900971299284	145.45984766	0.73067629	22.02243	2.747222
588848900971299296	145.46778034	0.69660687	22.0459	1.021762
588848900971299300	145.47396353	0.81066028	22.40554	1.412679
588848900971299314	145.48987886	0.81906526	21.8112	3.668283
588848900971299331	145.4999451	0.82948516	22.14064	3.340394
588848900971299351	145.51571884	0.8119699	20.33965	3.334176
588848900971299355	145.51698268	0.78777113	22.98885	0.6701398
588848900971299415	145.40903724	0.69057471	23.17939	1.134851
588848900971299455	145.44960438	0.79331627	22.97327	2.717603
588848900971299458	145.45181363	0.755788	23.5121	1.04149
588848900971299465	145.45903057	0.73754633	22.86432	1.604815
588848900971299480	145.47293183	0.77607968	23.58242	-0.006580596
588848900971299493	145.48992235	0.72567956	23.61314	1.269401
588848900971299529	145.51822309	0.76861513	22.55872	2.213141
588848900971299636	145.46009295	0.81126981	23.65169	0.9362029
588848900971299638	145.46236692	0.71655743	23.50121	0.2493445
588848900971299647	145.47529439	0.67613626	24.66483	1.252174
588848900971299652	145.48800841	0.67818894	23.82951	0.1696774
588848900971299705	145.46700211	0.81549737	25.39005	2.363302
588848900971299721	145.4686822	0.79407172	23.77216	1.638713
588848900971299727	145.46261658	0.80102095	24.51865	2.363302
588848900971364367	145.56237168	0.68300984	22.03528	2.259545
588848900971364372	145.56054833	0.67240713	22.26848	2.363534
588848900971364386	145.57254513	0.80791541	21.26065	1.528924
588848900971364410	145.58439276	0.64713241	24.68234	2.363534
588848900971364414	145.58953216	0.63967263	22.55338	2.593574
588848900971364439	145.63826997	0.65947413	22.49428	8.205644
588848900971364472	145.70127523	0.73748058	22.52656	2.363534
588848900971364555	145.6549008	0.63750527	23.63928	1.123282
588848900971364607	145.63503091	0.79471545	24.35971	1.226906
588848900971364639	145.6025506	0.68398725	22.56175	2.875455
588848900971364641	145.61060451	0.67026478	21.32215	1.612658
588848900971364644	145.61436068	0.65494808	22.86809	1.74823
588848900971364711	145.5558064	0.6328828	22.87543	2.363534
588848900971364721	145.56058049	0.754983	20.95599	2.363534
588848900971364728	145.56515777	0.68443358	21.92649	1.583364
588848900971364766	145.58947351	0.76337368	22.25431	2.083621
588848900971364767	145.5902864	0.74380552	22.37201	1.379584
588848900971364801	145.60265126	0.80244873	22.16529	1.760668
588848900971364810	145.60633437	0.76452974	22.03942	2.514327
588848900971364829	145.61194339	0.73468132	24.39001	0.4332577
588848900971364834	145.61429619	0.66261565	23.01233	0.9923467
588848900971364904	145.65618377	0.65554924	22.58127	0.7593572
588848900971364945	145.67079049	0.79022421	21.60174	1.921816
588848900971365003	145.55500589	0.76761722	23.84114	2.363534
588848900971365009	145.55910547	0.63633357	23.71786	1.546269
588848900971365012	145.56162187	0.82774634	22.77994	1.347785
588848900971365053	145.58532263	0.73277215	24.31292	1.339704
588848900971365066	145.59405766	0.70030014	23.78267	0.8409317
588848900971365068	145.59700311	0.69470397	23.77294	1.544838
588848900971365076	145.60066989	0.7767086	23.25711	1.565364
588848900971365079	145.60217556	0.76876434	23.03242	1.31661
588848900971365093	145.60850695	0.82392357	24.28494	1.127814
588848900971365115	145.61873656	0.76382487	22.91346	2.320765
588848900971365135	145.63486895	0.81648218	23.27699	0.9728535
588848900971365154	145.64345458	0.71861519	23.95236	2.363534
588848900971365284	145.62630838	0.69738226	24.11965	0.8086014
588848900971365291	145.63941957	0.66808408	23.65228	2.38331
588848900971365297	145.64405195	0.77827839	23.48121	-0.2228965
588848900971365325	145.70270653	0.65742294	24.70436	2.363534
588848900971365350	145.69733398	0.70631812	26.10123	2.363534
588848900971365359	145.67056893	0.80414522	23.11049	2.149321
588848900971429896	145.72732429	0.80923565	21.9539	3.025634
588848900971429939	145.74759303	0.83370311	22.54338	2.61155
588848900971429969	145.80693058	0.8086544	21.70366	1.214854
588848900971429988	145.84224451	0.68124958	23.10892	2.363344
588848900971430015	145.72547966	0.73065836	19.32508	2.266107
588848900971430093	145.8373404	0.74676143	19.5285	2.188445
588848900971430136	145.77191506	0.82273419	22.0681	0.9335993
588848900971430144	145.78513339	0.78574248	20.3202	1.125131
588848900971430164	145.80473106	0.76806296	19.81295	2.225343
588848900971430182	145.84304803	0.74484924	23.09786	2.537807
588848900971430300	145.71378694	0.64364349	22.59894	2.100741
588848900971430301	145.71213556	0.64267502	23.04279	2.363344
588848900971430317	145.72535238	0.7813429	22.25556	2.363344
588848900971430350	145.75316863	0.67943542	20.83005	2.822853
588848900971430352	145.75577705	0.69554733	22.39137	2.598212
588848900971430360	145.75747915	0.69220419	21.99482	1.731511
588848900971430387	145.78904536	0.81506898	20.65242	2.314387
588848900971430405	145.80031911	0.81262138	22.57833	1.317318
588848900971430408	145.80047907	0.67803736	22.88075	0.3566045
588848900971430435	145.81414605	0.71039077	22.56456	1.216347
588848900971430437	145.81655656	0.68080823	19.41211	3.351076
588848900971430438	145.81740077	0.63906372	21.30039	2.050437
588848900971430444	145.81943056	0.63317692	22.40615	1.910333
588848900971430447	145.82311184	0.79487877	22.28005	0.9600481
588848900971430450	145.82484281	0.74837277	21.95378	0.959306
588848900971430452	145.82647733	0.70946256	22.27321	2.363344
588848900971430478	145.84374452	0.75955652	22.48596	0.8077595
588848900971430515	145.7166986	0.83535507	23.63281	1.250426
588848900971430521	145.71939701	0.76576684	23.85206	2.363344
588848900971430563	145.75421615	0.79033778	23.37125	0.142862
588848900971430582	145.76451402	0.76438303	22.54804	1.580309
588848900971430595	145.77384957	0.75263919	24.09506	0.9558004
588848900971430630	145.80098429	0.78712534	23.37367	0.7292814
588848900971430637	145.80469806	0.80344532	23.07105	2.259089
588848900971430643	145.80922083	0.71320653	23.30211	0.07595335
588848900971430668	145.82067901	0.66641823	25.54118	2.363344
588848900971430706	145.84487896	0.77433954	23.25393	1.110651