JZ^^JxXpUyEN^dtU^foSLhm	4976	2979	6266	9988	9133	3571	4407	769	5272	248	2840	4661	6304	4960	7788	1065	6346	5665	9023	6658	3639	5196	7750	2973	7472	2844	5442	1507	4027	2326	4746
D^adHtAelN\RdfGMcUX]	6389	4732	2264	4748	2000	6560	4000	3685	1418	4411	8215	6681	9155	6874	8488	2248	5381	9139	698	6606	5027	5143	559	8145	3035	9120	1456	2400	1654	8738	2163
[`c`mvcemlJmRUIlRbIryjW	8340	1422	1021	2960	2676	5687	9049	8951	9431	3051	5540	5718	6343	9223	1491	7626	226	3754	5517	5893	3207	9913	5594	6282	9993	101	1108	4190	7290	1606	2505
ueZrMGoQuLpkru]jwDhftDJ	2692	1264	9026	7399	102	571	5585	2124	9616	8548	8907	2271	7022	1255	3265	5660	1797	1740	14	5508	9800	3	6215	6359	7647	967	636	2044	255	9597	1862
rguDFPNsMTW]ZRs	9278	132	7979	1856	5734	7779	6557	9705	6652	7728	5177	6852	524	2955	8219	8876	2485	6939	1492	319	1653	501	708	9517	9856	6098	4637	2920	8537	6589	102
blGA[ctPIKiETDYyqJHDc	913	6037	4900	8079	892	264	3719	1423	5677	2790	8733	7182	4565	4081	3613	7980	9921	1175	9514	8419	71	4942	6269	7782	4040	8152	1533	8387	782	734	2520
blGA[ctPIKiETDYyqJHDc	7287	3276	421	1036	2373	3840	3897	9354	5946	806	3147	1666	5386	5466	4819	2139	7631	9594	1610	6781	7985	9894	5562	6496	6286	6994	2337	7137	2531	7235	6190
vngbJfppcQiVGLLQiG^BxDlwB	8007	8686	3840	3624	5791	8455	5886	856	7376	6874	9707	7915	7859	1884	6468	4560	2988	6822	3508	848	9401	1504	2506	8078	9248	1528	9205	8167	9794	7417	1562
vngbJfppcQiVGLLQiG^BxDlwB	6631	8919	4186	4320	3850	3864	7764	3921	1250	6752	5789	2576	2336	7279	9160	453	8408	4980	4218	6219	5887	245	4966	4063	9755	5927	71	2688	5558	481	710
L^M[kOPFPje`C^y_DJQXpdVGB	9749	9911	5375	8372	616	9556	8366	6253	5434	2245	2194	892	9916	4649	9249	9599	5241	9819	440	7933	1924	7233	3298	4489	205	5800	6402	9054	170	3995	1157
L^M[kOPFPje`C^y_DJQXpdVGB	9628	4317	2604	8458	5484	5571	4964	8286	2657	42	9892	4063	3943	2004	1404	5322	6062	2821	952	5738	5124	2260	7803	8609	2283	6394	9432	8895	1337	6960	5619
mDS`YSyr[UgHqvoAEgd	7333	3396	4015	4408	2707	5124	7208	2956	2035	3390	7916	9984	8971	1990	2672	4429	3133	3703	496	8963	9728	6408	2083	2734	3113	2857	9129	8866	2423	8964	2414
Yc^vxRU_^MXgA]\kTFwpJ`Q	4234	4020	8751	1601	9458	1552	9413	9373	4383	306	365	3138	1592	2357	3047	6861	8315	8888	1688	5662	9620	5994	4472	4710	2115	3214	9150	7479	7146	2313	3094
EGOvdlHcIrZspXItDaqf]P	2321	8480	5215	6011	8414	4475	270	5929	5799	1730	6662	1080	5333	4196	9320	726	6244	7757	3962	7393	1393	5837	2530	6011	4109	1160	4264	7350	7528	5968	4024
L^M[kOPFPje`C^y_DJQXpdVGB	9139	3354	3215	4483	850	2614	9595	717	4233	970	8117	4115	9324	6602	440	2104	7034	518	934	3016	2890	7302	8460	4152	512	3070	7507	9369	8566	5834	8106
DpJRX`cVLpckmiZJEXRcrjHpv	3049	4954	8173	8157	9403	9427	6592	5909	8409	7939	209	5304	9041	1055	1286	7119	8497	2146	9511	979	9705	4294	8878	1617	7771	7048	9861	6695	1758	6200	7803
udPeQJvuTlmlULlyxrTlLrEn	478	9701	7988	5059	9857	7131	3547	7450	5922	793	484	1154	6985	7346	2601	6058	5950	9823	8372	6594	716	1674	624	6445	3121	8974	8556	8288	2107	1752	6791
\XgYuDbPakgIyV	6564	7948	2685	8825	9905	3628	7692	3339	1471	9799	9936	9802	2018	592	7808	5971	8435	7006	4372	8467	9322	8088	6724	8091	3539	2903	9983	6367	7498	1894	5313
RV^pr^LDaEuScUjbk^ZC_	7653	3166	103	3007	5886	1878	691	3231	4807	1780	2695	2536	9374	8000	775	477	6317	6570	130	2494	2488	2095	1503	9924	9980	9284	9122	2096	6351	6282	5942
L^M[kOPFPje`C^y_DJQXpdVGB	3461	2839	2798	7452	4893	671	3210	5185	1571	9955	6469	2952	8855	5906	9599	9993	1720	8522	2395	988	7162	1438	6012	7659	5090	2144	3608	6900	9336	6854	2792
mDS`YSyr[UgHqvoAEgd	3103	6352	9693	4306	1782	2727	2709	829	8582	1389	6730	1600	7770	6923	7190	5481	2265	244	2330	6976	4721	8116	4739	2710	2813	8017	7913	6757	9024	5356	2620
L^M[kOPFPje`C^y_DJQXpdVGB	5528	6942	793	982	6667	3741	3350	2970	6435	5093	1288	4494	2866	7786	1707	6487	9771	9601	170	8910	4099	6339	3861	9130	2467	6139	5131	775	1604	6099	1600
L^M[kOPFPje`C^y_DJQXpdVGB	3233	2073	5771	4659	6725	6222	2846	7134	552	493	3564	2220	9304	548	4055	8455	4475	6376	9097	9476	544	6539	6440	5999	5875	7624	3699	3953	3528	9923	2868
lSlR]\RmI_S^[KMR	8256	1325	1572	1007	911	4864	3280	2410	1117	7278	9257	2493	2430	223	4620	2164	8990	4901	4597	3430	6915	7658	7286	1747	8560	9749	6607	3173	6429	7347	4278
L^M[kOPFPje`C^y_DJQXpdVGB	9972	5430	5568	2000	1355	9163	3682	4842	8812	7612	9665	3143	7783	833	8164	8174	4775	8068	9138	1898	8144	5679	4196	2310	5682	6831	4182	4321	6370	1508	6486
mDS`YSyr[UgHqvoAEgd	1057	436	9576	7187	573	2738	5284	8851	4076	6958	8335	7563	7127	9645	3387	9819	9125	3660	3506	5119	9301	7700	2392	1401	1856	2645	2283	8219	7449	8124	2212
vngbJfppcQiVGLLQiG^BxDlwB	4741	9979	5512	9246	5764	152	3226	4945	4335	9259	3544	8831	8721	2623	1566	9786	3705	430	4538	8743	261	6774	4188	2797	3957	7942	4615	9731	9294	9457	3742
WnGBYD`etdP`a]XU	1522	6456	5504	8463	7708	1422	6873	9960	8174	8622	9636	9221	4942	4722	8930	4146	9653	8199	4854	6828	6160	3753	5075	1106	348	9610	3889	1717	1481	6634	1112
L^M[kOPFPje`C^y_DJQXpdVGB	3889	8013	2077	3178	9529	4573	518	1087	6047	3246	8359	3942	7950	1964	9311	2039	5529	9227	200	5363	5871	9466	997	9303	6441	9410	6146	8391	9256	3398	4121
L^M[kOPFPje`C^y_DJQXpdVGB	9729	9210	4809	2197	8971	7330	34	5458	2813	4386	7687	990	5285	5232	1560	4550	7570	6882	2037	5130	5975	1264	3650	9436	1063	1334	8307	8416	3338	3487	4688
KJDtIuQcTghxEQc	1270	7710	7089	159	8598	1807	7840	1253	5200	5215	5541	9543	2295	6308	7985	7632	1657	2865	5965	1319	1595	5681	332	7532	7967	697	4446	5673	7343	743	4633
]PpyMCheDtvMCCg	2751	5306	4635	3546	75	4116	9283	150	8796	3378	4949	8268	3284	5423	8011	827	5925	8569	3599	8271	4307	6862	1872	8952	4950	7616	6541	4602	965	3889	7015
uUCbtYjIPFQCHFCSTe_Llp^XG	3330	6983	8840	2377	6298	4691	7466	7584	3284	6072	9751	5223	2627	2424	913	3699	1241	4992	4052	9574	8192	2197	8089	4300	8186	2088	4544	4602	3190	6148	9330
EBW]`vPkU^McZv\ErOb	2672	5129	1370	9442	4605	5416	2955	1130	6831	2394	4438	1741	9943	6460	5412	7816	2072	2891	2880	8889	1159	1172	4202	7295	330	282	2927	205	1545	8928	2130
eU\bKacsZk_wRqFQcu\N	5114	9369	7697	6570	3542	6389	6682	847	476	8352	655	2294	86	1224	9515	9560	4271	2	8251	4177	1910	5121	559	1935	2810	2124	8968	7280	3118	3484	8392
mFiGtPdrj_KSTQ\	2413	9175	8613	3909	4190	5337	6152	6791	4683	401	7848	5089	9617	4786	129	508	4169	1322	4872	1674	1126	9440	7278	7095	8838	229	1548	6938	8334	3637	8390
wHnFwrdQKav\AoW\	5766	1489	3986	8083	6614	5127	5625	1974	4395	8399	5298	2444	4959	4108	4091	3651	9683	8794	5997	8996	4758	7647	9162	259	6783	9946	8671	3084	2240	7830	6145
FPdPaCwZB`Do]W	5531	8247	5015	2092	7626	822	4567	1354	1893	2104	797	5038	8510	4406	845	7836	5916	1921	789	7701	9748	500	8190	8464	3266	9126	9547	9632	9711	2854	2967
w`GJKp[lnYCwmY_eVUn	9650	4750	7877	9456	1364	4433	6128	1910	3373	4253	2530	9677	2033	3963	5665	4745	5334	9225	7635	7711	8117	6612	8368	6807	8552	6830	230	2154	9322	1320	1135
lnVlJCvZPqenTodCc	7120	9441	7966	4080	1292	3318	4561	4262	2017	9887	7535	6950	5235	7420	5204	205	1378	9189	1410	8926	5735	6122	7673	6745	9765	7592	513	7302	4586	9716	1516
lBtildVOj\eKctF\ndkJwXvpg	2551	7624	1997	327	2902	6134	6225	903	6101	2124	8861	3182	6164	1532	7148	8049	9672	1598	4954	8823	8007	1786	2486	3689	1959	8217	5584	4547	2995	1415	5979
vngbJfppcQiVGLLQiG^BxDlwB	1513	4589	2777	6180	6833	7393	5668	3241	1235	4523	9610	6230	3929	9608	5741	3189	6267	7760	1592	1689	9080	5299	4145	8080	9051	2508	118	8947	6200	2016	5442
mDS`YSyr[UgHqvoAEgd	4288	1160	9876	1855	4405	6538	472	7338	2738	7038	1407	378	608	1412	1122	9144	7817	3452	8140	6557	7417	7240	137	613	9502	5805	8953	364	5545	3409	958
uKiXxPBiD[gchZiVhss	7213	4961	4875	3217	424	9620	9413	627	70	9320	7404	9481	748	4521	6942	6150	6099	672	1939	8632	2083	2752	2960	9140	7946	1973	9008	3998	6180	8645	6490
dFpAmuf]fYe`[Fk	488	9453	7193	3598	9566	3483	1621	6315	9970	1948	6551	3956	6629	7286	1356	192	4574	8480	642	4391	1765	4774	9243	8725	1682	3043	7911	1975	6962	5172	1165
vmpuh_aZgDeVggsYpqCxH\[M	9605	6071	8344	8508	5433	9779	4687	4099	7224	3710	1274	451	5336	739	8112	352	2913	7265	3417	5155	6716	3130	8946	4709	4615	3231	5190	4849	1823	4260	149
mDS`YSyr[UgHqvoAEgd	6552	3949	3111	9457	3665	9876	8298	2621	3783	6238	6560	6834	529	7525	9790	4752	8672	6287	5295	6977	3806	3036	8366	3898	752	3316	2251	521	8246	474	1090
mDS`YSyr[UgHqvoAEgd	7627	4047	4790	1610	6299	3882	3210	8362	5496	5368	3935	9956	9186	8884	2557	1764	5579	7099	8402	1945	4970	6749	7915	8259	9475	9610	918	7044	9568	6390	5398
W`DxcFxLZhEA[F^VGjM	2990	1331	614	3784	8001	1757	541	4735	4304	699	2400	2617	6194	2902	4989	3181	8778	6146	475	987	3573	7467	5819	3371	6904	647	9209	3763	3828	9464	5529
L^M[kOPFPje`C^y_DJQXpdVGB	9352	9081	5164	413	1867	962	2640	2668	8156	4883	3442	9419	1903	9509	5767	4654	7482	2373	982	2858	2310	9266	7528	6455	2829	1548	2889	2190	7994	8038	5077
reGpymlUPHUrIk	643	1890	255	9399	2223	7005	6786	9035	3088	270	1128	5047	4871	7615	4212	2218	2185	681	7819	5658	234	9658	5412	3562	5508	9903	2153	9283	6561	7434	948
lkvKixDlNucpdton	386	5174	2183	1476	4005	7481	3089	8454	2465	231	9578	261	6570	2047	7346	2867	1259	5957	6186	1954	2782	2863	4277	8058	5358	9122	6266	8483	3468	4633	15
eger[`lAmneLGtIfpCCtAYVdP	7907	807	5188	2656	3509	1764	9216	3487	7908	5328	8050	1273	2724	8474	3001	1556	8321	1676	8642	6191	9157	8156	6368	6051	8497	5544	291	3475	5168	7719	5636
wHnFwrdQKav\AoW\	521	8634	4921	1723	8472	333	3560	9354	6259	3170	3193	9735	3284	8501	7132	9295	8487	1396	6648	3425	40	4160	9794	7006	4360	3898	5556	3160	6585	3334	263
PlblPZsKcajFasZvtkB	2653	7211	961	147	3748	2933	7696	6995	8324	5660	4712	321	8108	7749	4492	6273	2498	3778	5640	1520	3000	6363	2178	8628	3577	4805	4250	2558	5530	8317	8636
L^M[kOPFPje`C^y_DJQXpdVGB	2607	8238	9625	7960	9287	7782	743	2721	1643	5418	1310	5455	4738	6844	5702	3791	2627	1700	1765	2415	3191	4359	5735	2271	8825	5425	1463	2388	5573	5228	7154
kvNrPSjZEvKXT[UmH	7938	7436	3179	2190	7849	6791	2038	8281	6085	1673	4207	1659	254	7133	6790	7822	8475	9929	6707	9346	1896	8619	5274	7139	7647	7308	5384	1751	449	991	852
EGOvdlHcIrZspXItDaqf]P	2901	5429	400	6407	7372	1215	4397	7558	5802	9489	5509	1298	8555	8685	1398	6328	1871	6652	8609	729	3162	4261	90	8837	2494	2916	2854	2608	7826	7876	700
YjiWRbTPVexxGa`Lca	8458	2710	9647	7262	3228	8703	3613	2041	6564	7619	6568	8914	6765	7531	2320	1055	8297	3973	5794	870	3991	4866	4371	2000	3386	5266	774	8583	1352	5881	2432
SsR\wVmSQggYtOh	1908	8292	3408	7413	1447	9785	9667	1507	2617	68	991	3502	7823	9928	8823	2349	441	7617	8294	3490	3602	6838	660	3959	5053	7080	6386	4738	5175	815	7226
Oa\oWNkjLVaFgRlmZGytsT	4500	6615	8025	9850	8452	379	6798	2524	8330	1709	115	1490	8158	4192	475	53	9758	2193	3572	2964	7348	325	8851	2605	9252	8798	2362	9027	2715	8181	3604
trcLOM[tgTsL^MDph	6495	3759	3425	1635	4855	9794	9992	8202	9358	6457	1969	1144	4942	5365	1911	1064	693	7943	9816	7925	2511	7461	8258	7084	7084	8900	1703	8125	240	6111	1241
NijFrEtaYoleWXe	6548	8423	1682	6225	3499	2452	6402	2061	3002	6661	5773	2383	3362	1229	3806	6799	9546	9818	7372	7409	6341	5619	7638	1968	8880	537	3511	7347	6945	5336	8865
G[vcY\YLIXywLIZ`\_	3337	8570	8802	46	9324	1565	7994	9102	7809	8831	4835	9034	1225	1697	8652	1990	9024	985	4669	9230	2955	6266	4313	2186	3194	816	5245	603	488	4610	337
NNFYVlp]co^LdIn	5757	8211	7188	5394	406	245	5018	1052	4127	8880	1713	1441	1114	6475	8725	7782	6029	8989	6405	5846	5217	1200	6273	7579	7597	6097	8620	5651	9471	4878	8474
L^M[kOPFPje`C^y_DJQXpdVGB	383	2690	6230	4562	2999	6117	3142	6708	8010	4451	728	8589	461	7776	296	8594	1459	4335	4540	4336	5972	1258	3603	9088	5957	6293	2613	5394	2261	5200	2199
SdtDhMH_CgORMEqw	987	5335	3910	335	6875	4768	231	6022	2736	6867	3326	3471	6822	9440	6021	1650	8229	6564	7487	8127	8445	3395	9866	5535	5273	2541	6527	7784	1918	9995	1070
XGlpsiQaEiHJsDomXyEUai^	258	7222	7049	7411	9452	2789	5139	3204	6768	1950	7589	6272	6419	1984	3230	7271	1964	9452	6284	2796	8019	2005	4353	8257	6963	9377	6193	9039	2759	5621	7777
Plf_BiFrrJTWnN\`dpdN	5047	6441	8929	4383	7570	3059	6938	8653	8401	7264	1957	412	1571	6451	1682	6697	5880	8996	2512	5795	8211	3755	9475	8797	1655	7683	9504	2921	1115	600	8991
blGA[ctPIKiETDYyqJHDc	1610	6868	4426	2055	4872	6302	6512	8605	4313	6770	1410	8663	1963	2147	8301	1549	6151	5774	4166	7153	3264	5562	8605	1425	642	1034	7339	6866	2277	3575	3493
bWI\TPBgCmA[qtu[DgRbWcqy	5553	2570	6137	606	5119	3893	6998	2200	6590	2117	7759	5739	274	4789	60	8064	7944	827	8448	7898	392	2087	439	3894	3698	9395	5127	2538	8067	786	1824
JtxSxN^EtHExQwVu	4788	8827	2530	4590	5802	7338	6643	3199	6474	9390	4423	8521	5351	6007	2091	8784	3981	8731	5274	1506	6352	3790	7493	8021	2001	2204	602	3514	8842	92	9423
lLeCX`OciqNcHiTUElS	3996	7804	2566	6287	7651	5893	5571	579	3598	8393	5070	2830	8250	2236	6893	7225	3094	3882	2168	6700	753	3197	2935	7268	4878	5569	183	8351	1843	3414	3237
VbgdOi[UmQLJCuwuDaPO	6203	5874	4413	7003	8277	9706	3873	4668	1319	4861	5526	9748	6824	9785	2821	2215	7121	4925	4644	7534	3338	152	1985	6866	3312	2286	8808	3630	5586	6706	4471
aWllEf`AN^qwxvedjk]	4969	5007	4800	7026	5724	9458	8927	3989	8058	2687	3860	3311	714	3657	8275	3531	2607	7327	6988	4060	4340	5993	214	7984	2559	3066	2293	6012	9984	4270	8837
^frgJcIvJcoypuyUTOB^]	180	7998	6250	7150	8784	645	6768	2598	8232	4335	5823	9274	7890	8831	1085	4023	4005	8795	817	7339	681	826	8199	9111	2138	1974	3754	4861	6469	8571	3656
eU\bKacsZk_wRqFQcu\N	3861	9076	7639	3622	3805	9007	3602	7578	7156	3619	6511	1094	7668	8197	246	1286	2658	6247	7768	8047	5690	5330	1071	7104	9989	8938	3329	9602	3620	4895	8508
W`DxcFxLZhEA[F^VGjM	3276	8283	9588	6296	5095	9511	4396	623	8233	3123	3454	3624	3002	8935	4491	3133	6212	9295	1750	7115	9905	298	3204	9682	3600	3016	2666	2883	8800	6123	4675
rngDk\BKbR_RkipxEleFYj	1716	1132	6113	8292	5627	8591	4648	5077	3713	1001	899	5472	8847	6211	112	7696	7932	7098	1876	7472	4806	1291	7538	9745	361	8775	3233	5780	6149	3760	8185
W`DxcFxLZhEA[F^VGjM	5615	5975	9276	1508	5995	3042	8901	8276	434	2929	7197	8480	1457	3471	5427	1616	9163	8689	2896	4822	1950	7125	6535	1374	2771	7317	2725	9086	9149	3571	2771
LqkcpdW_qJY_tcTMr	7953	1783	1938	8993	8027	8671	5773	6902	1770	2584	3213	9391	9446	3317	1331	8976	1818	9163	6146	863	3986	6210	1841	3718	5373	8977	9799	8860	9883	133	7453
ypqr`]DMhQaspbFsfS	2146	7943	1725	3690	2597	5088	9127	6332	8020	6499	6318	2456	8112	8114	9643	1887	5162	4306	6247	4951	3750	1879	4655	5896	9817	5676	8482	2489	9755	6105	1008
dU_beg_i\E^_UDFljkN	8219	7311	3568	4323	8983	5062	3813	1543	8745	1903	6798	8373	8700	3342	7403	4272	7062	1170	136	6626	1941	1138	2087	4816	5892	3648	3960	968	8165	9335	5235
BFRfTuFfMRWMNqeJnblH	7642	6001	1776	8986	2762	1200	5500	9446	5911	7342	8322	4463	5879	2628	4455	8452	9979	9417	7464	5183	5790	4924	1949	7014	9476	9365	168	246	5774	5817	5477
bv^[RdjvNWumCUY	5246	9058	2662	7112	642	242	517	8033	927	9667	5309	6765	4443	724	729	1787	1019	8326	6234	4733	7048	556	1361	3447	7292	2459	785	4064	3781	1466	385
i\UEvZIIZp^aGDmbAsPYroS	7459	1005	7723	7685	7757	8738	4447	2759	3779	6984	8938	7206	646	5001	9057	7433	5587	7064	5236	3167	6191	7604	5854	9301	3992	5412	5428	766	4472	8553	3171
Ose]C\AwYAwuvrrvc	5678	7499	3780	3022	4602	7053	4136	4547	3746	2115	2102	9001	7282	5467	3618	9310	9047	9509	5491	484	5936	6276	7696	9391	1136	58	2694	1123	6777	4752	3263
cPe\OYUv]fFOmnlIO	146	6494	7846	7480	5290	600	5141	1841	9136	9640	9108	4724	2005	6373	6357	3774	2070	335	6128	691	7659	2067	1482	5061	9396	3605	3184	2525	2956	8724	9274
qwJFSaruXaEsV`Wb_WMLIlrNw	8358	9993	2964	5786	9643	8174	9442	8991	9956	9151	244	4990	6686	5527	9033	5818	7544	7797	768	8779	1491	8998	539	441	9346	638	7774	7231	154	6464	5888
kOMMCdiOmmpv__o	4917	703	584	9948	5763	8224	786	862	9372	1736	362	692	2326	2185	1938	5607	3393	4817	2246	3384	4583	8789	5021	3922	923	3141	5673	7514	5932	4381	3187
B[`_L^e^alYJgObj[VOvYXY	9866	9034	2050	9022	7909	4188	2016	8184	2723	7127	8598	1062	8684	5158	2853	1764	3725	1911	9650	7091	9619	8954	5715	2866	6141	6274	2754	4565	9549	1585	9192
L^M[kOPFPje`C^y_DJQXpdVGB	821	9213	6000	4707	2472	592	592	6287	6888	2948	1307	5928	9224	8125	1643	5888	408	5723	9635	4627	4862	9733	9008	1480	5551	351	8106	5166	1173	7717	3121
SjgvqJFYkfFm`MdTr[J	4404	6127	1325	8231	8045	753	3817	4605	7403	149	9700	2478	9233	3310	5926	8615	9462	3393	2309	518	7909	7591	9308	5404	6103	7945	5943	2604	3274	4610	3957
wHnFwrdQKav\AoW\	172	866	770	9075	2213	3205	8463	6876	3929	2179	7690	3296	8833	8211	43	8587	3489	1077	2209	6146	631	9571	7911	1044	9354	4226	9523	8090	5165	288	3571
I`P`pKu^SbWvGy	7010	7496	1112	1397	4934	6963	861	8527	8732	9733	5388	6539	9061	955	4528	6843	5178	4874	5490	9897	6448	3699	6961	6027	8755	6609	425	976	5355	839	4254
PCNMxqFLkqyOO`nyRMXZ	3139	3446	4242	442	6566	9423	1333	232	3195	5283	678	2904	4731	3394	1411	5462	1909	7140	8433	6617	1990	3822	8945	5073	3572	7951	6398	5690	3948	3628	7996
L^M[kOPFPje`C^y_DJQXpdVGB	203	4164	7820	3339	4698	1975	9044	6556	6706	1547	1785	360	9001	438	5379	7262	2808	4286	9213	3790	1883	4013	7747	6410	6302	2752	5906	8953	4400	9827	6442
oX^RD]MNHjJw\oPJelGDcx	4614	6003	2700	3356	2832	3563	1698	1941	8794	683	6493	8929	8827	6282	2533	2223	9277	7694	7766	3567	5882	7666	5465	2516	623	9601	3055	9171	2507	9816	7350
eU\bKacsZk_wRqFQcu\N	6538	3232	9682	1578	7760	48	2226	5201	2107	5279	4336	8131	9440	1662	6686	8408	7804	5767	6805	188	4983	8189	236	5611	6612	7713	1296	4936	2957	7704	4538
YTwSHOSqhUytBrUctu	1114	8006	9303	599	1460	8991	7874	8590	9646	2049	4347	7628	5101	1879	7205	306	3540	5206	1406	7274	13	4575	7247	7768	1021	7865	9352	411	3234	8345	3558
