2188	2	197	587729149846946411	1126.941	562.7115	-0.114195	-0.04601634	0.1481368	0.1512895	281543964623104	23.31134	23.82046	22.48416	21.97772	21.10788	0.8292656	0.4325428	0.1983802	0.175872	0.3514755
2188	2	197	587729149846946413	1135.217	729.9003	0	0	-9999	-9999	281543964754176	22.97637	24.48936	22.43891	22.11502	21.08448	0.6332025	0.6565018	0.1894827	0.1985535	0.3453173
756	5	198	588848900971299337	956.3497	571.1395	0.0246539	0.005647363	0.0197264	0.01225635	68987912448	23.37134	22.90269	21.99443	21.75079	21.28017	0.4925587	0.1631004	0.1127524	0.1321924	0.2761261
756	5	198	588848900971299344	1006.691	740.7363	-0.0008774863	0.00146588	0.009286149	0.01240193	68988043520	23.10316	22.37136	21.63052	21.7037	21.2804	0.3051087	0.1049868	0.08296139	0.1280937	0.232734
756	5	198	588848900971299360	1144.992	931.5157	-0.006335427	0.002749792	0.01023459	0.009108472	68988043520	22.91433	22.33163	21.95072	21.78159	21.6268	0.3072035	0.1025902	0.1098412	0.138947	0.3678158
756	5	198	588848900971299384	1335.346	258.9954	-0.003655467	-0.01771284	0.01045316	0.009740787	68987912448	23.74453	22.23782	21.33209	21.02184	21.27055	0.6249048	0.09291335	0.06331561	0.06943992	0.2683522
756	5	198	588848900971299421	138.4589	1439.111	0	0	-9999	-9999	281543964623616	25.22641	23.2772	22.48899	22.76163	21.89414	0.7438264	0.2265609	0.1800959	0.3364466	0.4481525
756	5	198	588848900971299424	165.4784	218.7445	-0.02203175	-0.01742833	0.01830894	0.01504801	68987912960	23.23542	23.87067	22.1661	21.59902	20.5888	0.4550873	0.3536968	0.1316322	0.1145013	0.1513243
756	5	198	588848900971299460	528.1763	1160.093	0.03875572	0.03564749	0.05982918	0.0778263	281543964623104	24.30027	23.55077	22.42538	21.95485	21.47305	0.8267773	0.2836437	0.167745	0.1649934	0.3328512
756	5	198	588848900971299465	560.9626	1048.475	0.2591485	-0.0473681	0.0981167	0.078761	281640601518336	23.99175	23.46878	22.60753	21.60331	21.40331	0.4863864	0.2652273	0.1958144	0.1205732	0.3134109
756	5	198	588848900971299466	561.7202	1485.639	0	0	-9999	-9999	281543964754176	23.91294	23.20452	22.51329	22.38951	21.68143	0.7021704	0.2136479	0.1839624	0.2422768	0.3914819
756	5	198	588848900971299467	565.5974	1888.928	-0.04796708	-0.1290077	0.1407015	0.09285115	281543964623104	23.86932	24.37331	22.51906	21.85694	21.80548	0.6910137	0.4995608	0.1895426	0.1527586	0.4303807
756	5	198	588848900971299473	601.8571	427.7625	0.1529912	-0.1123131	0.09401052	0.1200701	422446809350400	24.06722	24.00523	22.1336	21.95014	21.38202	1.717519	0.393933	0.1284679	0.1570041	0.2958731
756	5	198	588848900971299476	630.1414	307.5228	0	0	-9999	-9999	281543964623104	23.50588	25.56426	22.57553	22.34159	21.58373	0.5518835	0.5521882	0.188463	0.2177484	0.3424206
756	5	198	588848900971299482	766.2587	356.7962	0	0	-9999	-9999	281543964623104	24.81689	23.81976	22.64935	22.82987	22.16823	0.8416432	0.3423916	0.2002175	0.3282567	0.4961532
756	5	198	588848900971299488	818.2511	1410.652	0	0	-9999	-9999	281543964623104	24.42816	23.86664	22.47457	22.90247	22.19905	0.8415253	0.3630373	0.1768503	0.3687122	0.5345744
756	5	198	588848900971299499	884.2823	427.0799	-0.02265607	-0.04031388	0.04451666	0.03831342	281543964623616	23.77724	23.97396	22.15744	21.60703	21.03675	0.6492476	0.3845362	0.1300727	0.1155088	0.2232916
756	5	198	588848900971299500	887.8793	1224.347	0.04880889	0.008482873	0.06986251	0.07460838	281543964623104	25.23607	23.50793	22.39895	22.22312	22.34545	0.7247739	0.2754136	0.1639646	0.2073566	0.5644816
756	5	198	588848900971299503	914.5516	1029.562	-9999	-9999	-9999	-9999	439804919677184	25.30182	25.63891	22.65316	24.05158	22.68362	0.7006372	0.5451737	0.3402011	0.7059453	0.6050981
756	5	198	588848900971299505	949.3158	272.8362	0.0004799254	0.001446528	0.0109673	0.009350515	68987912960	24.5694	23.4095	21.92375	20.69092	19.88475	0.8493522	0.2468677	0.1060617	0.05267531	0.08233759
756	5	198	588848900971299506	950.8202	1748.582	-8.903778E-05	0.07336713	0.05775371	0.04754423	281543964623104	25.12449	25.50538	22.56315	21.78784	21.73136	0.7624779	0.5752621	0.1932912	0.1430058	0.4097444
756	5	198	588848900971299513	989.0358	766.4084	0	0	-9999	-9999	422281453110016	24.94818	24.113	22.45073	22.9354	21.40512	0.8129421	0.4271993	0.1686421	0.3662811	0.3266949
756	5	198	588848900971299537	1150.473	606.7382	-0.04658345	-0.02728407	0.02203171	0.02212417	70474239312216	24.86039	23.35269	22.31225	22.81316	21.33315	0.8407909	0.2397146	0.1485389	0.3437277	0.2908626
756	5	198	588848900971299551	1225.212	400.1996	0.01179346	0.02709784	0.02081922	0.01527264	439873639153920	25.19341	23.22739	21.30468	20.46299	20.04579	0.7362213	0.2146338	0.0685007	0.04446154	0.09509507
756	5	198	588848900971299566	1325.148	151.4137	0.0252321	-0.03195486	0.02103189	0.02212622	70439879573776	24.86334	23.40002	22.46534	22.1231	23.33645	0.8196492	0.2452058	0.1665393	0.1795282	0.5188227
756	5	198	588848900971299645	690.1163	1897.832	0	0	-9999	-9999	281543964623104	25.16825	24.70651	23.48295	22.1456	21.19519	0.7536888	0.5765895	0.4229657	0.1962381	0.2719266
756	5	198	588848900971299659	918.5267	420.0036	0	0	-9999	-9999	281543964623104	23.64713	23.63492	23.1338	21.84452	21.7376	0.5984625	0.2982447	0.3008104	0.1420171	0.3848593
756	5	198	588848900971299666	1072.735	867.5362	0	0	-9999	-9999	281543964623104	23.9823	24.57452	23.11628	21.89813	21.68477	0.7233733	0.5512348	0.298995	0.1532139	0.382304
756	5	198	588848900971299668	1085.755	1171.432	0.009413722	0.009567514	0.01155556	0.01055416	281543964623616	24.4868	24.18657	23.5726	21.10356	19.29753	0.8410504	0.4536351	0.4306929	0.07802219	0.05308963
756	5	198	588848900971299671	1115.946	451.519	0	0	-9999	-9999	281543964623104	24.01195	24.01839	23.46988	22.23577	21.62605	0.7289688	0.3977224	0.3905041	0.2001735	0.3562115