587729149846946424	197	151.63100763	-2.61310686	2188
588848900971299291	198	145.46577741	0.846023	756
588848900971299298	198	145.47114681	0.66932087	756
588848900971299299	198	145.47144397	0.70647763	756
588848900971299301	198	145.47540241	0.69888989	756
588848900971299303	198	145.47956486	0.82454704	756
588848900971299307	198	145.48677448	0.6243497	756
588848900971299317	198	145.4909632	0.83783288	756
588848900971299324	198	145.49284833	0.84515032	756
588848900971299326	198	145.49635491	0.67621502	756
588848900971299335	198	145.50372024	0.66047414	756
588848900971299337	198	145.50248673	0.6850397	756
588848900971299343	198	145.50582467	0.84394149	756
588848900971299355	198	145.51698268	0.78777113	756
588848900971299361	198	145.52349134	0.62651174	756
588848900971299371	198	145.53369256	0.69376455	756
588848900971299375	198	145.53609487	0.64045267	756
588848900971299380	198	145.53887627	0.74943711	756
588848900971299384	198	145.54414923	0.65069881	756
588848900971299386	198	145.54846389	0.69777642	756
588848900971299389	198	145.54954276	0.70376929	756
588848900971299421	198	145.41259126	0.78051449	756
588848900971299424	198	145.41550991	0.6462642	756
588848900971299452	198	145.44854841	0.62359823	756
588848900971299465	198	145.45903057	0.73754633	756
588848900971299471	198	145.46337075	0.76592852	756
588848900971299491	198	145.48839722	0.78773458	756
588848900971299497	198	145.49284917	0.76606983	756
588848900971299499	198	145.49455668	0.66919153	756
588848900971299532	198	145.52076864	0.73497653	756
588848900971299533	198	145.52160759	0.78778518	756
588848900971299536	198	145.52432384	0.68815325	756
588848900971299546	198	145.52841464	0.75677409	756
588848900971299567	198	145.54297077	0.64004697	756
588848900971299579	198	145.55223284	0.82725616	756
588848900971299600	198	145.41271037	0.71851559	756
588848900971299605	198	145.42051576	0.72076739	756
588848900971299628	198	145.44759231	0.8006282	756
588848900971299630	198	145.44816004	0.74781077	756
588848900971299640	198	145.46345391	0.83713388	756
588848900971299644	198	145.47224813	0.62991528	756
588848900971299658	198	145.4973913	0.70983654	756
588848900971299672	198	145.52028501	0.73155884	756
588848900971299678	198	145.53080356	0.688694	756
588848900971299680	198	145.53201631	0.81672704	756
588848900971299690	198	145.55042303	0.82806075	756
588848900971299701	198	145.43907886	0.83529894	756
588848900971299706	198	145.47505946	0.7063353	756
588848900971299711	198	145.52471138	0.70630913	756
588848900971299718	198	145.52090426	0.82615075	756
588848900971299728	198	145.42592326	0.71483013	756
588848900971299732	198	145.50919547	0.78974857	756
588848900971364389	199	145.57390414	0.67969783	756
588848900971364390	199	145.57592417	0.68149228	756
588848900971364402	199	145.58556062	0.64360475	756
588848900971364404	199	145.58558264	0.65120702	756
588848900971364407	199	145.58515763	0.63940778	756
588848900971364413	199	145.58926303	0.64211228	756
588848900971364420	199	145.60745945	0.78729205	756
588848900971364424	199	145.61055462	0.79047198	756
588848900971364428	199	145.61024264	0.81278566	756
588848900971364435	199	145.63799456	0.66294344	756
588848900971364452	199	145.67701057	0.66111244	756
588848900971364462	199	145.69172947	0.74014503	756
588848900971364463	199	145.68947525	0.74682642	756
588848900971364473	199	145.70267103	0.73970292	756
588848900971364484	199	145.69299244	0.68742507	756
588848900971364510	199	145.58605101	0.63441792	756
588848900971364522	199	145.60202272	0.7034055	756
588848900971364541	199	145.63392348	0.78467105	756
588848900971364564	199	145.67387181	0.8350615	756
588848900971364569	199	145.67702104	0.62479167	756
588848900971364593	199	145.5874041	0.81239249	756
588848900971364597	199	145.58714865	0.77638457	756
588848900971364609	199	145.6410779	0.70118244	756
588848900971364612	199	145.65480213	0.79874268	756
588848900971364635	199	145.59871374	0.63805033	756
588848900971364636	199	145.60245706	0.65830976	756
588848900971364643	199	145.61395218	0.65671257	756
588848900971364662	199	145.56943578	0.65787766	756
588848900971364686	199	145.65664353	0.65425367	756
588848900971364723	199	145.5620888	0.77863464	756
588848900971364727	199	145.56472659	0.75827413	756
588848900971364728	199	145.56515777	0.68443358	756
588848900971364731	199	145.56949293	0.75238328	756
588848900971364744	199	145.57527265	0.74234624	756
588848900971364759	199	145.58613758	0.68581138	756
588848900971364783	199	145.59453073	0.78086589	756
588848900971364787	199	145.59596707	0.80756055	756
588848900971364788	199	145.59751674	0.80515104	756
588848900971364823	199	145.61213046	0.80247525	756
588848900971364836	199	145.6157422	0.81714922	756
588848900971364858	199	145.62657494	0.68031604	756
588848900971364870	199	145.63905795	0.84259804	756
588848900971364887	199	145.64803165	0.80108439	756
588848900971364894	199	145.65246892	0.65481638	756
588848900971364920	199	145.66114533	0.71507157	756
588848900971364930	199	145.6666548	0.84263311	756
588848900971364951	199	145.67195045	0.82097729	756
588848900971364958	199	145.68235597	0.78854333	756
588848900971364974	199	145.69243089	0.62823824	756
588848900971365009	199	145.55910547	0.63633357	756
588848900971365012	199	145.56162187	0.82774634	756
588848900971365021	199	145.56669124	0.73542482	756
588848900971365024	199	145.56743479	0.75457911	756
588848900971365037	199	145.57523714	0.75808216	756
588848900971365040	199	145.57596334	0.76107987	756
588848900971365047	199	145.58253842	0.63987571	756
588848900971365059	199	145.58902951	0.72777624	756
588848900971365064	199	145.59089654	0.70957917	756
588848900971365068	199	145.59700311	0.69470397	756
588848900971365083	199	145.60453002	0.82279461	756
588848900971365095	199	145.60871788	0.69690189	756
588848900971365122	199	145.62232665	0.79255395	756
588848900971365130	199	145.62715646	0.7183449	756
588848900971365137	199	145.63659471	0.83664228	756
588848900971365143	199	145.64116625	0.70631303	756
588848900971365155	199	145.64433678	0.67383234	756
588848900971365157	199	145.64467547	0.79164114	756
588848900971365170	199	145.65931432	0.76153719	756
588848900971365175	199	145.66148589	0.74876219	756
588848900971365184	199	145.66827653	0.73493041	756
588848900971365187	199	145.67014886	0.67469124	756
588848900971365188	199	145.67095038	0.75341724	756
588848900971365214	199	145.68587246	0.7640908	756
588848900971365241	199	145.55703378	0.72129684	756
588848900971365245	199	145.562094	0.69158721	756
588848900971365249	199	145.56795887	0.81972275	756
588848900971365285	199	145.62804312	0.71038231	756
588848900971365339	199	145.59952365	0.67118073	756
588848900971365344	199	145.65871703	0.78671662	756
588848900971365357	199	145.63785112	0.76549995	756
588848900971365367	199	145.57385798	0.79722212	756
588848900971429903	200	145.71975514	0.79806295	756
588848900971429910	200	145.72531871	0.80990188	756
588848900971429913	200	145.7268996	0.79583935	756
588848900971429929	200	145.75390838	0.83438777	756
588848900971429930	200	145.7549368	0.82700747	756
588848900971429931	200	145.75368256	0.83309056	756
588848900971430085	200	145.82101602	0.82746091	756
588848900971430093	200	145.8373404	0.74676143	756
588848900971430120	200	145.75789038	0.75252824	756
588848900971430129	200	145.76343839	0.66330057	756
588848900971430149	200	145.78901725	0.69722876	756
588848900971430150	200	145.79112443	0.63233856	756
588848900971430166	200	145.81492178	0.71287368	756
588848900971430202	200	145.78338373	0.78216242	756
588848900971430228	200	145.73253326	0.65425173	756
588848900971430229	200	145.73630253	0.65408603	756
588848900971430235	200	145.76662287	0.77155549	756
588848900971430261	200	145.82056981	0.65424167	756
588848900971430262	200	145.82352829	0.65789911	756
588848900971430267	200	145.83157932	0.66671376	756
588848900971430268	200	145.83371681	0.65423069	756
588848900971430270	200	145.84167021	0.72375591	756
588848900971430291	200	145.70894145	0.77922273	756
588848900971430297	200	145.71362689	0.76258294	756
588848900971430310	200	145.7170039	0.74788404	756
588848900971430335	200	145.74256963	0.83023844	756
588848900971430354	200	145.75548878	0.65346821	756
588848900971430360	200	145.75747915	0.69220419	756
588848900971430362	200	145.76083008	0.70234267	756
588848900971430376	200	145.77932697	0.72875918	756
588848900971430385	200	145.78698678	0.74910574	756
588848900971430388	200	145.78948689	0.72772115	756
588848900971430400	200	145.7972757	0.83816266	756
588848900971430419	200	145.80577048	0.84608204	756
588848900971430421	200	145.80716159	0.67847917	756
588848900971430429	200	145.81222041	0.78063534	756
588848900971430452	200	145.82647733	0.70946256	756
588848900971430459	200	145.83045811	0.65459202	756
588848900971430472	200	145.83885266	0.70192943	756
588848900971430476	200	145.84264833	0.6993715	756
588848900971430485	200	145.84846881	0.72731305	756
588848900971430507	200	145.70533488	0.67762348	756
588848900971430511	200	145.71136204	0.7816429	756
588848900971430532	200	145.72621704	0.67224909	756
588848900971430534	200	145.72904736	0.71085641	756
588848900971430545	200	145.73993096	0.6708723	756
588848900971430566	200	145.7557055	0.73538495	756
588848900971430568	200	145.75730783	0.68948216	756
588848900971430577	200	145.76309558	0.74157757	756
588848900971430601	200	145.77985841	0.7211081	756
588848900971430623	200	145.79652038	0.6984747	756
588848900971430631	200	145.80102595	0.82898801	756
588848900971430654	200	145.81315825	0.84415436	756
588848900971430659	200	145.81853284	0.75821249	756
588848900971430691	200	145.83482379	0.76078169	756
588848900971430706	200	145.84487896	0.77433954	756
588848900971430710	200	145.84739693	0.66190822	756
588848900971430722	200	145.84992828	0.83752181	756
588848900971430724	200	145.85065536	0.70785177	756
588848900971430730	200	145.85285607	0.77642628	756
588848900971430753	200	145.71251741	0.69444929	756
588848900971430754	200	145.71576711	0.70159417	756
588848900971430763	200	145.73008081	0.77169106	756
588848900971430764	200	145.73043543	0.82936005	756
588848900971430779	200	145.7497001	0.7663483	756
588848900971430786	200	145.76012185	0.83419152	756
588848900971430787	200	145.76022334	0.84271706	756
588848900971430796	200	145.76774276	0.76794431	756
588848900971430809	200	145.78622696	0.83906573	756
588848900971430816	200	145.79050307	0.78285434	756
588848900971430829	200	145.80534991	0.68863572	756
588848900971430833	200	145.81757717	0.84522541	756
588848900971430834	200	145.82431013	0.73317734	756
588848900971430838	200	145.82657813	0.68578816	756
588848900971430843	200	145.83261731	0.68520489	756
588848900971430846	200	145.83918432	0.71185314	756
588848900971430861	200	145.71765989	0.70884288	756
588848900971430862	200	145.72851949	0.70632995	756
588848900971430868	200	145.76351522	0.78834649	756
588848900971430896	200	145.7318428	0.79577704	756
588848900971430902	200	145.82989789	0.72088962	756
588848900971430909	200	145.76408311	0.7274335	756
588848900971495434	201	145.85808333	0.81246447	756
588848900971495467	201	145.90649028	0.70146397	756
588848900971495472	201	145.9148458	0.82407989	756
588848900971495476	201	145.9167514	0.82617015	756
588848900971495489	201	145.93048204	0.66089621	756
588848900971495500	201	145.9385489	0.8363901	756
588848900971495557	201	145.86944667	0.8322468	756
588848900971495568	201	145.89658119	0.6325491	756
588848900971495584	201	145.92502015	0.70181904	756
588848900971495604	201	145.93994363	0.67774959	756
588848900971495662	201	145.8738057	0.72538357	756
588848900971495681	201	145.9492512	0.63155712	756
588848900971495682	201	145.95008459	0.68351396	756
588848900971495715	201	145.90602256	0.80483758	756
588848900971495717	201	145.92058697	0.62265315	756
588848900971495749	201	145.88990747	0.65423846	756
588848900971495753	201	145.90322686	0.82289756	756
588848900971495754	201	145.90854208	0.65407631	756
588848900971495756	201	145.91267401	0.8068142	756
588848900971495761	201	145.91629946	0.74090943	756
588848900971495768	201	145.94002578	0.65789341	756
588848900971495775	201	145.95261692	0.65801379	756
588848900971495785	201	145.9814526	0.65425303	756
588848900971495833	201	145.86862696	0.71494912	756
588848900971495840	201	145.8704341	0.75399346	756
588848900971495849	201	145.87685004	0.67822077	756
588848900971495870	201	145.88986326	0.77637371	756
588848900971495894	201	145.90497133	0.64968236	756
588848900971495905	201	145.91470489	0.78474338	756
588848900971495907	201	145.91767546	0.62826866	756
588848900971495918	201	145.92042182	0.7348199	756
588848900971495925	201	145.92242897	0.70392368	756
588848900971495935	201	145.92850953	0.74456537	756
588848900971495954	201	145.93874952	0.715867	756
588848900971495978	201	145.95241372	0.77781072	756
588848900971495996	201	145.96506025	0.78401406	756
588848900971496021	201	145.97797028	0.77993434	756
588848900971496036	201	145.98512122	0.68205742	756
588848900971496039	201	145.98620346	0.7365299	756
588848900971496042	201	145.98726343	0.81593744	756
588848900971496049	201	145.99065813	0.73197225	756
588848900971496054	201	145.99392085	0.6556617	756
588848900971496061	201	145.99938894	0.77991549	756
588848900971496064	201	146.00028642	0.84365509	756
588848900971496097	201	145.85660368	0.83268334	756
588848900971496127	201	145.87766986	0.74647148	756
588848900971496151	201	145.89749596	0.7353629	756
588848900971496152	201	145.89285181	0.78161599	756
588848900971496166	201	145.90207258	0.77963414	756
588848900971496172	201	145.90394342	0.75290529	756
588848900971496187	201	145.91144019	0.72001528	756
588848900971496197	201	145.91564405	0.72302738	756
588848900971496220	201	145.92512432	0.65188764	756
588848900971496235	201	145.93411407	0.78498161	756
588848900971496241	201	145.93688923	0.77810198	756
588848900971496264	201	145.95105601	0.81530633	756
588848900971496285	201	145.96446048	0.75295091	756
588848900971496295	201	145.97180372	0.64676585	756
588848900971496302	201	145.97432056	0.63518153	756
588848900971496310	201	145.97802255	0.73697295	756
588848900971496320	201	145.98037783	0.8383324	756
588848900971496325	201	145.98251133	0.79021494	756
588848900971496343	201	145.99159664	0.82330401	756
588848900971496344	201	145.99154504	0.62584935	756
588848900971496398	201	145.87133068	0.62477812	756
588848900971496402	201	145.87753626	0.65650726	756
588848900971496405	201	145.88237479	0.78941321	756
588848900971496408	201	145.88825845	0.76977179	756
588848900971496435	201	145.92353529	0.72855518	756
588848900971496439	201	145.93271003	0.78713242	756
588848900971496441	201	145.93268139	0.69514199	756
588848900971496455	201	145.96204286	0.79285911	756
588848900971496459	201	145.96525551	0.70180053	756
588848900971496489	201	145.87442079	0.71321994	756
588848900971496491	201	145.91929931	0.70623076	756
588848900971496495	201	145.93052243	0.70624085	756
588848900971496502	201	145.99067679	0.70299318	756
588848900971496510	201	145.99236948	0.65282343	756
588848900971496532	201	145.92233021	0.67680477	756
588848900971560986	202	146.0343514	0.72696052	756
588848900971560998	202	146.02537674	0.72633485	756
588848900971561005	202	146.03600821	0.65406457	756
588848900971561019	202	146.03217695	0.65937608	756
588848900971561052	202	146.09646738	0.81642791	756
588848900971561127	202	146.13466142	0.7057391	756
588848900971561144	202	146.14774409	0.83008959	756
588848900971561170	202	146.01226048	0.76562991	756
588848900971561177	202	146.01944621	0.70079909	756
588848900971561181	202	146.03327403	0.74610558	756
588848900971561182	202	146.03539218	0.79863701	756
588848900971561185	202	146.04507583	0.83810728	756
588848900971561188	202	146.05721299	0.76091043	756
588848900971561258	202	146.15070485	0.70743049	756
588848900971561269	202	146.01233395	0.80372747	756
588848900971561284	202	146.05049454	0.65312067	756
588848900971561311	202	146.11854258	0.7800961	756
588848900971561312	202	146.11626929	0.78074945	756
588848900971561321	202	146.00574571	0.76959446	756
588848900971561335	202	146.08174072	0.63073454	756
588848900971561338	202	146.08787997	0.63337116	756
588848900971561340	202	146.08801622	0.63498227	756
588848900971561356	202	146.13549515	0.82289337	756
588848900971561385	202	146.03849839	0.65793814	756
588848900971561393	202	146.05737878	0.65551086	756
588848900971561396	202	146.06728829	0.79989012	756
588848900971561403	202	146.08537962	0.65421771	756
588848900971561413	202	146.10617923	0.73768743	756
588848900971561437	202	146.00455658	0.75415945	756
588848900971561446	202	146.00997698	0.77529434	756
588848900971561468	202	146.02867595	0.70168012	756
588848900971561496	202	146.04424327	0.70481523	756
588848900971561499	202	146.04492849	0.6482259	756
588848900971561505	202	146.04852269	0.75922031	756
588848900971561567	202	146.07640242	0.6983568	756
588848900971561572	202	146.07770261	0.79340181	756
588848900971561573	202	146.07882741	0.78598788	756
588848900971561618	202	146.10973937	0.80792875	756
588848900971561653	202	146.12552033	0.76871905	756
588848900971561661	202	146.13015951	0.70621334	756
588848900971561678	202	146.12974869	0.79970122	756
588848900971561683	202	146.1378197	0.69503978	756
588848900971561692	202	146.14424716	0.67815627	756
588848900971561705	202	146.14843967	0.77540513	756
588848900971561707	202	146.14942998	0.65300554	756
588848900971561741	202	146.01034217	0.67195862	756
588848900971561751	202	146.01803822	0.84664217	756
588848900971561768	202	146.0284509	0.75296099	756
588848900971561774	202	146.03048757	0.69464553	756
588848900971561785	202	146.03704693	0.62495043	756
588848900971561788	202	146.03849242	0.75446255	756
588848900971561803	202	146.04740429	0.7355674	756
588848900971561832	202	146.06268434	0.74165624	756
588848900971561833	202	146.06272695	0.75309765	756
588848900971561837	202	146.06437164	0.65831382	756
588848900971561842	202	146.06694753	0.75635682	756
588848900971561849	202	146.06992716	0.65271735	756
588848900971561870	202	146.0813671	0.84436735	756
588848900971561910	202	146.09768287	0.79018071	756
588848900971561914	202	146.09844774	0.79528727	756
588848900971561919	202	146.1007537	0.77751027	756
588848900971561922	202	146.10155048	0.84237564	756
588848900971561936	202	146.10662059	0.63807741	756
588848900971561944	202	146.1105181	0.83762734	756
588848900971561960	202	146.12123623	0.6407611	756
588848900971561995	202	146.14175226	0.75293971	756
588848900971562000	202	146.1436856	0.79555913	756
588848900971562004	202	146.14441711	0.73935744	756
588848900971562010	202	146.14782962	0.68550067	756
588848900971562058	202	146.03539759	0.77841306	756
588848900971562060	202	146.03809516	0.65214853	756
588848900971562069	202	146.04808203	0.71282952	756
588848900971562085	202	146.0600395	0.83340238	756
588848900971562087	202	146.06058197	0.63659432	756
588848900971562090	202	146.06164538	0.73859303	756
588848900971562102	202	146.08033437	0.65075481	756
588848900971562111	202	146.09521159	0.64004751	756
588848900971562127	202	146.11266778	0.76835341	756
588848900971562133	202	146.11459021	0.79626688	756
588848900971562167	202	146.05483098	0.78227425	756
588848900971562182	202	146.12021744	0.73071118	756
588848900971562188	202	146.05679966	0.75650259	756
588848900971562204	202	146.04584964	0.75644136	756
588848900971626565	203	146.20728151	0.78708868	756
588848900971626574	203	146.21223016	0.83865576	756
588848900971626576	203	146.21628988	0.62577612	756
588848900971626672	203	146.17705326	0.72540951	756
588848900971626676	203	146.17862833	0.78306331	756
588848900971626677	203	146.18382755	0.82663829	756
588848900971626695	203	146.23224476	0.81952718	756
588848900971626702	203	146.24287004	0.69448721	756
588848900971626742	203	146.18422157	0.70225742	756
588848900971626761	203	146.24796045	0.70452637	756
588848900971626803	203	146.16000146	0.65402338	756
588848900971626817	203	146.19019818	0.66080483	756
588848900971626839	203	146.25659816	0.8013454	756
588848900971626842	203	146.27420787	0.73197507	756
588848900971626880	203	146.16231127	0.71363842	756
588848900971626891	203	146.1738854	0.63190807	756
588848900971626896	203	146.17574399	0.67618745	756
588848900971626907	203	146.18158583	0.83279354	756
588848900971626917	203	146.18753396	0.72430402	756
588848900971626932	203	146.19199889	0.71361398	756
588848900971626951	203	146.19568729	0.82294779	756
588848900971626974	203	146.20575225	0.71161697	756
588848900971626980	203	146.21126171	0.73831781	756
588848900971626995	203	146.21975204	0.8006651	756
588848900971626996	203	146.21997917	0.67639709	756
588848900971626998	203	146.22007735	0.83552905	756
588848900971627008	203	146.2266073	0.78114662	756
588848900971627011	203	146.22602528	0.69019391	756
588848900971627027	203	146.24281184	0.76796391	756
588848900971627029	203	146.24218009	0.8196129	756
588848900971627030	203	146.24258466	0.74156996	756
588848900971627032	203	146.24402212	0.75174716	756
588848900971627056	203	146.27082452	0.7828667	756
588848900971627067	203	146.27687105	0.75229569	756
588848900971627073	203	146.28111708	0.75886379	756
588848900971627095	203	146.29994218	0.68679926	756
588848900971627121	203	146.1565826	0.78841724	756
588848900971627132	203	146.16387529	0.82646261	756
588848900971627136	203	146.16593243	0.6303052	756
588848900971627149	203	146.17484364	0.69158306	756
588848900971627172	203	146.18485276	0.79682571	756
588848900971627175	203	146.18627915	0.6461587	756
588848900971627184	203	146.18981151	0.66556528	756
588848900971627196	203	146.19646489	0.69412853	756
588848900971627211	203	146.20273748	0.78156652	756
588848900971627212	203	146.20248759	0.75246376	756
588848900971627229	203	146.20994449	0.6434329	756
588848900971627256	203	146.23119652	0.82150832	756
588848900971627262	203	146.2362007	0.77576419	756
588848900971627269	203	146.24394127	0.75437621	756
588848900971627289	203	146.25453118	0.62305857	756
588848900971627294	203	146.25895773	0.83652148	756
588848900971627299	203	146.26562704	0.6695435	756
588848900971627324	203	146.27593235	0.80091908	756
588848900971627325	203	146.27620495	0.71997255	756
588848900971627335	203	146.2807079	0.76446068	756
588848900971627355	203	146.29108589	0.65958372	756
588848900971627358	203	146.29407112	0.82483649	756
588848900971627360	203	146.29515554	0.63309104	756
588848900971627366	203	146.30030364	0.70206258	756
588848900971627385	203	146.16084603	0.66488174	756
588848900971627390	203	146.16628703	0.71029068	756
588848900971627399	203	146.1783235	0.73357952	756
588848900971627409	203	146.18865539	0.63981205	756
588848900971627414	203	146.19588589	0.69869697	756
588848900971627426	203	146.22144368	0.72756347	756
588848900971627429	203	146.22543734	0.74386954	756
588848900971627432	203	146.22955887	0.76755184	756
588848900971627433	203	146.22953551	0.78559184	756
588848900971627434	203	146.23008008	0.66494968	756
588848900971627447	203	146.24974097	0.64767093	756
588848900971627457	203	146.26798777	0.66125506	756
588848900971627467	203	146.28371584	0.70053791	756
588848900971627471	203	146.29099944	0.81843218	756
588848900971627492	203	146.19418117	0.80132997	756
588848900971627515	203	146.17193373	0.64510738	756
588848900971627521	203	146.2750419	0.82756509	756
588848900971627522	203	146.27608544	0.62575274	756
588848900971627528	203	146.17209181	0.63758843	756
588848900971627544	203	146.25254304	0.81552648	756
588848900971692073	204	146.37352379	0.77933902	756
588848900971692088	204	146.39943379	0.66338483	756
588848900971692095	204	146.40490212	0.63745226	756
588848900971692115	204	146.4482626	0.82354327	756
588848900971692116	204	146.45183382	0.82164913	756
588848900971692121	204	146.44417596	0.82076653	756
588848900971692139	204	146.30288564	0.63596679	756
588848900971692146	204	146.31000246	0.65335572	756
588848900971692159	204	146.32558617	0.70492369	756
588848900971692180	204	146.35953576	0.76478133	756
588848900971692185	204	146.36586422	0.8059885	756
588848900971692194	204	146.39105602	0.67003457	756
588848900971692197	204	146.392204	0.65821831	756
588848900971692213	204	146.41184626	0.78977322	756
588848900971692226	204	146.4286456	0.63842824	756
588848900971692236	204	146.44100705	0.6334485	756
588848900971692267	204	146.33820371	0.7974189	756
588848900971692274	204	146.37359186	0.63709012	756
588848900971692282	204	146.4013928	0.78384189	756
588848900971692296	204	146.44566998	0.68140702	756
588848900971692303	204	146.37014892	0.68723873	756
588848900971692306	204	146.38756313	0.62786257	756
588848900971692316	204	146.43022885	0.66442809	756
588848900971692328	204	146.36915261	0.65778743	756
588848900971692343	204	146.40069336	0.79466399	756
588848900971692349	204	146.43673506	0.65414894	756
588848900971692396	204	146.3272819	0.7855882	756
588848900971692411	204	146.33535822	0.69608224	756
588848900971692412	204	146.33588452	0.76286962	756
588848900971692420	204	146.34246234	0.81792185	756
588848900971692428	204	146.34632587	0.69218606	756
588848900971692429	204	146.3481946	0.72980124	756
588848900971692446	204	146.36914408	0.79601905	756
588848900971692450	204	146.37436233	0.68167174	756
588848900971692451	204	146.37476447	0.72920697	756
588848900971692458	204	146.38384493	0.69172426	756
588848900971692485	204	146.39749775	0.65874512	756
588848900971692503	204	146.41164397	0.83564985	756
588848900971692504	204	146.41208794	0.80752465	756
588848900971692507	204	146.41477172	0.82933876	756
588848900971692509	204	146.41491257	0.68649368	756
588848900971692514	204	146.41731999	0.64714127	756
588848900971692538	204	146.44291752	0.72909651	756
588848900971692539	204	146.44309917	0.84060394	756
588848900971692563	204	146.30911436	0.67326796	756
588848900971692566	204	146.30993076	0.71705407	756
588848900971692569	204	146.31169643	0.8032267	756
588848900971692595	204	146.33031717	0.67437438	756
588848900971692604	204	146.33357756	0.66432017	756
588848900971692605	204	146.33352169	0.80214662	756
588848900971692608	204	146.33683573	0.70641861	756
588848900971692610	204	146.33866085	0.84035782	756
588848900971692624	204	146.34500251	0.72590604	756
588848900971692628	204	146.34907635	0.67934649	756
588848900971692644	204	146.35807846	0.83398273	756
588848900971692649	204	146.36075037	0.82958678	756
588848900971692672	204	146.37964731	0.80504945	756
588848900971692675	204	146.38284698	0.82559021	756
588848900971692684	204	146.38700724	0.72883442	756
588848900971692708	204	146.39969504	0.7419211	756
588848900971692716	204	146.40240335	0.66391742	756
588848900971692721	204	146.40670946	0.67783366	756
588848900971692723	204	146.40885203	0.6691847	756
588848900971692739	204	146.41534459	0.6360254	756
588848900971692748	204	146.41762213	0.69168138	756
588848900971692754	204	146.42025132	0.65170077	756
588848900971692758	204	146.42344183	0.75205959	756
588848900971692759	204	146.42359737	0.84167413	756
588848900971692777	204	146.43333699	0.75292927	756
588848900971692788	204	146.43680236	0.80655487	756
588848900971692812	204	146.44968629	0.76745225	756
588848900971692814	204	146.44997337	0.84268845	756
588848900971692817	204	146.45165166	0.7270529	756
588848900971692833	204	146.30358899	0.66445	756
588848900971692842	204	146.31741834	0.62643147	756
588848900971692850	204	146.3220602	0.65208455	756
588848900971692852	204	146.32382515	0.62625317	756
588848900971692861	204	146.34381675	0.80320004	756
588848900971692870	204	146.36128854	0.67514026	756
588848900971692876	204	146.36983117	0.79430133	756
588848900971692888	204	146.38626391	0.70935862	756
588848900971692891	204	146.39423717	0.70924702	756
588848900971692897	204	146.40392522	0.64427374	756
588848900971692910	204	146.42807239	0.65897002	756
588848900971692916	204	146.43235048	0.67028995	756
588848900971692936	204	146.44879949	0.6643101	756
588848900971692937	204	146.45149904	0.78137217	756
588848900971692945	204	146.32736457	0.70627215	756
588848900971692961	204	146.42795209	0.77208631	756
588848900971692967	204	146.33621525	0.71392274	756
588848900971692969	204	146.35365687	0.7142268	756
588848900971692970	204	146.4224793	0.79725389	756
588848900971692971	204	146.31736036	0.81675721	756
588848900971692982	204	146.33596554	0.70297606	756
588848900971692986	204	146.3998496	0.7684687	756
588848900971757581	205	146.45475374	0.82574839	756
588848900971757583	205	146.45558782	0.81591698	756
588848900971757631	205	146.51818411	0.73707875	756
588848900971757634	205	146.52099865	0.7351725	756
588848900971757679	205	146.4743165	0.71079774	756
588848900971757710	205	146.51547401	0.79895746	756
588848900971757760	205	146.46465192	0.77331652	756
588848900971757769	205	146.51003515	0.81340334	756
588848900971757793	205	146.56848021	0.80487955	756
588848900971757797	205	146.57336843	0.7513604	756
588848900971757823	205	146.51436317	0.83030924	756
588848900971757827	205	146.55601571	0.75994358	756
588848900971757841	205	146.46713122	0.66942097	756
588848900971757871	205	146.59727118	0.6540814	756
588848900971757884	205	146.461851	0.73779257	756
588848900971757901	205	146.47021606	0.73994052	756
588848900971757902	205	146.47096019	0.73898652	756
588848900971757912	205	146.4787972	0.78854886	756
588848900971757917	205	146.4827714	0.70404889	756
588848900971757918	205	146.48430502	0.67474784	756
588848900971757926	205	146.4912814	0.64555697	756
588848900971757938	205	146.50367245	0.83154031	756
588848900971757950	205	146.51683653	0.67739463	756
588848900971757955	205	146.52738787	0.63366285	756
588848900971757969	205	146.53477213	0.70495669	756
588848900971757974	205	146.53665967	0.65164285	756
588848900971757983	205	146.54239503	0.84603717	756
588848900971757989	205	146.54606246	0.77197351	756
588848900971758008	205	146.55327721	0.70965019	756
588848900971758026	205	146.55912057	0.79669819	756
588848900971758032	205	146.56927631	0.67969001	756
588848900971758045	205	146.57711228	0.67527221	756
588848900971758054	205	146.58281789	0.77464604	756
588848900971758135	205	146.46217181	0.74682005	756
588848900971758150	205	146.47977966	0.646822	756
588848900971758174	205	146.49118656	0.83798577	756
588848900971758184	205	146.49353284	0.71621516	756
588848900971758223	205	146.51584762	0.73538199	756
588848900971758243	205	146.52765858	0.688785	756
588848900971758253	205	146.53594839	0.72233035	756
588848900971758270	205	146.54437446	0.74182293	756
588848900971758273	205	146.54565728	0.69299034	756
588848900971758274	205	146.5460537	0.63301888	756
588848900971758275	205	146.54769956	0.65205323	756
588848900971758278	205	146.55035187	0.74584182	756
588848900971758290	205	146.55754752	0.70419733	756
588848900971758299	205	146.56519467	0.66632763	756
588848900971758356	205	146.590288	0.72142749	756
588848900971758375	205	146.60044224	0.69803248	756
588848900971758395	205	146.46052242	0.6618287	756
588848900971758403	205	146.473742	0.69025077	756
588848900971758417	205	146.49029214	0.70277324	756
588848900971758429	205	146.51038518	0.68436842	756
588848900971758456	205	146.54829959	0.62556755	756
588848900971758470	205	146.56825524	0.81918486	756
588848900971758474	205	146.57449318	0.82424493	756
588848900971758497	205	146.46709887	0.78027304	756
588848900971758508	205	146.53362377	0.81305002	756
588848900971758517	205	146.59121241	0.65575394	756
588848900971758536	205	146.55793319	0.72881404	756
588848900971823116	206	146.61589598	0.73208242	756
588848900971823136	206	146.65240511	0.68371089	756
588848900971823138	206	146.65913147	0.68477925	756
588848900971823139	206	146.65830969	0.67699977	756
588848900971823150	206	146.66398639	0.70431214	756
588848900971823190	206	146.74674249	0.71229257	756
588848900971823198	206	146.61125897	0.69304639	756
588848900971823232	206	146.6931022	0.76617659	756
588848900971823236	206	146.69766242	0.73230424	756
588848900971823242	206	146.70590786	0.75656012	756
588848900971823244	206	146.71640824	0.72388215	756
588848900971823260	206	146.74204673	0.82168897	756
588848900971823277	206	146.61332449	0.83699822	756
588848900971823285	206	146.65146449	0.79479297	756
588848900971823300	206	146.69585771	0.76013006	756
588848900971823316	206	146.74940426	0.73255358	756
588848900971823318	206	146.74634966	0.73481059	756
588848900971823352	206	146.64804663	0.65432236	756
588848900971823368	206	146.70526034	0.69043995	756
588848900971823379	206	146.74515214	0.65419551	756
588848900971823399	206	146.60261495	0.76028293	756
588848900971823420	206	146.60902968	0.80144204	756
588848900971823436	206	146.61362246	0.83992474	756
588848900971823444	206	146.62683146	0.76812192	756
588848900971823450	206	146.62949897	0.66233984	756
588848900971823456	206	146.63637664	0.77599732	756
588848900971823458	206	146.6376727	0.68185041	756
588848900971823488	206	146.66162878	0.7873991	756
588848900971823509	206	146.67233172	0.63580424	756
588848900971823521	206	146.68351447	0.72090469	756
588848900971823541	206	146.69235242	0.78826989	756
588848900971823554	206	146.70057985	0.74396644	756
588848900971823559	206	146.70216843	0.76217294	756
588848900971823569	206	146.71639447	0.82843282	756
588848900971823570	206	146.71547619	0.83068161	756
588848900971823574	206	146.71059691	0.83700241	756
588848900971823578	206	146.71252043	0.70208919	756
588848900971823585	206	146.71350793	0.70658513	756
588848900971823600	206	146.71895934	0.78256634	756
588848900971823611	206	146.72604819	0.74819859	756
588848900971823618	206	146.72731151	0.79337551	756
588848900971823620	206	146.72744741	0.7958707	756
588848900971823626	206	146.72863612	0.77599887	756
588848900971823655	206	146.7449912	0.75302832	756
588848900971823688	206	146.60688621	0.83656119	756
588848900971823698	206	146.61248861	0.78237029	756
588848900971823700	206	146.61361443	0.70432742	756
588848900971823702	206	146.6136834	0.81910727	756
588848900971823704	206	146.61481765	0.80436016	756
588848900971823714	206	146.62020914	0.77745187	756
588848900971823718	206	146.62311382	0.71999347	756
588848900971823719	206	146.6233921	0.66393804	756
588848900971823750	206	146.6436317	0.73004315	756
588848900971823773	206	146.65428914	0.74151797	756
588848900971823776	206	146.6617121	0.72509116	756
588848900971823794	206	146.67618796	0.70497786	756
588848900971823796	206	146.67745591	0.8250726	756
588848900971823799	206	146.67812366	0.81281651	756
588848900971823801	206	146.67976439	0.62996272	756
588848900971823814	206	146.68769435	0.67090147	756
588848900971823817	206	146.6894678	0.80959102	756
588848900971823839	206	146.70700192	0.82729695	756
588848900971823842	206	146.70636254	0.64311449	756
588848900971823851	206	146.71010163	0.76446091	756
588848900971823857	206	146.71192529	0.75292258	756
588848900971823877	206	146.72293239	0.75977358	756
588848900971823879	206	146.72385195	0.64722411	756
588848900971823884	206	146.72613226	0.732163	756
588848900971823908	206	146.74145949	0.73481464	756
588848900971823971	206	146.63876623	0.66795033	756
588848900971823972	206	146.64059031	0.67159801	756
588848900971823973	206	146.64263297	0.84540291	756
588848900971823974	206	146.64546748	0.81578892	756
588848900971823975	206	146.64551629	0.83781375	756
588848900971823989	206	146.66999728	0.79997982	756
588848900971824031	206	146.73497497	0.66197493	756
588848900971824036	206	146.73919538	0.69670885	756
588848900971824038	206	146.73927822	0.70266171	756
588848900971824042	206	146.743282	0.83150314	756
588848900971824044	206	146.74271316	0.77555181	756
588848900971824057	206	146.66034638	0.6280477	756
588848900971824075	206	146.72424372	0.65412085	756
588848900971824078	206	146.62628116	0.81831025	756
588848900971888651	207	146.76653888	0.68977378	756
588848900971888657	207	146.79909155	0.70268682	756
588848900971888664	207	146.79604561	0.70618915	756
588848900971888671	207	146.80429827	0.78112088	756
588848900971888674	207	146.8072823	0.67777695	756
588848900971888703	207	146.82475735	0.72006583	756
588848900971888730	207	146.82520816	0.82143082	756
588848900971888768	207	146.87272373	0.78262823	756
588848900971888835	207	146.78857059	0.71695134	756
588848900971888855	207	146.83316411	0.68208452	756
588848900971888862	207	146.84209333	0.64834667	756
588848900971888866	207	146.85415472	0.65860387	756
588848900971888892	207	146.88054723	0.7702873	756
588848900971888910	207	146.75233922	0.67768884	756
588848900971888922	207	146.7803835	0.73751973	756
588848900971888932	207	146.83686546	0.75617811	756
588848900971888945	207	146.84398157	0.79082955	756
588848900971888977	207	146.9009244	0.79856163	756
588848900971888982	207	146.76702987	0.77008693	756
588848900971888985	207	146.79212892	0.66434671	756
588848900971888991	207	146.80483976	0.71418037	756
588848900971889012	207	146.87647866	0.63052878	756
588848900971889024	207	146.89427169	0.65431151	756
588848900971889050	207	146.76162812	0.67632059	756
588848900971889060	207	146.7649496	0.67535559	756
588848900971889070	207	146.76861946	0.65073134	756
588848900971889072	207	146.76951504	0.81490498	756
588848900971889080	207	146.77543233	0.83104721	756
588848900971889083	207	146.77948097	0.64382501	756
588848900971889084	207	146.77975042	0.72232338	756
588848900971889099	207	146.7916954	0.75722241	756
588848900971889101	207	146.79300415	0.62792549	756
588848900971889108	207	146.79660448	0.83087933	756
588848900971889125	207	146.80310194	0.75859519	756
588848900971889132	207	146.80542129	0.69259098	756
588848900971889137	207	146.80759793	0.74146896	756
588848900971889138	207	146.8085827	0.84658335	756
588848900971889146	207	146.81291325	0.68891561	756
588848900971889151	207	146.81373166	0.6985829	756
588848900971889158	207	146.82124869	0.78908679	756
588848900971889159	207	146.82307481	0.73791321	756
588848900971889182	207	146.83973418	0.77595102	756
588848900971889200	207	146.85144761	0.70634513	756
588848900971889201	207	146.85147116	0.80463488	756
588848900971889215	207	146.85998917	0.70535082	756
588848900971889237	207	146.86888454	0.70617549	756
588848900971889242	207	146.87163079	0.68496594	756
588848900971889309	207	146.75477121	0.77095728	756
588848900971889315	207	146.75974036	0.71403486	756
588848900971889323	207	146.76570739	0.78212753	756
588848900971889327	207	146.76820362	0.69684163	756
588848900971889358	207	146.78004006	0.67366413	756
588848900971889366	207	146.78255808	0.63717138	756
588848900971889391	207	146.79169215	0.71030038	756
588848900971889393	207	146.79341462	0.63495006	756
588848900971889400	207	146.7977292	0.79120593	756
588848900971889403	207	146.79987493	0.72668694	756
588848900971889415	207	146.81105914	0.82287728	756
588848900971889436	207	146.82448388	0.62317842	756
588848900971889438	207	146.82471698	0.68283531	756
588848900971889441	207	146.82681646	0.74234837	756
588848900971889443	207	146.8269356	0.79327995	756
588848900971889446	207	146.82828029	0.66441092	756
588848900971889459	207	146.83272968	0.73529051	756
588848900971889464	207	146.83443502	0.70619811	756
588848900971889470	207	146.83743649	0.78557524	756
588848900971889478	207	146.83912547	0.66763204	756
588848900971889493	207	146.8493383	0.62410502	756
588848900971889504	207	146.85313163	0.82848691	756
588848900971889539	207	146.87389632	0.82859471	756
588848900971889540	207	146.87567065	0.7378605	756
588848900971889545	207	146.87820171	0.7272769	756
588848900971889558	207	146.8901595	0.79871221	756
588848900971889561	207	146.89230901	0.80295869	756
588848900971889569	207	146.89812274	0.81376996	756
588848900971889581	207	146.75428659	0.64157984	756
588848900971889587	207	146.77178607	0.81908508	756
588848900971889613	207	146.81073592	0.76187031	756
588848900971889618	207	146.82008105	0.66081975	756
588848900971889650	207	146.85501326	0.67223671	756
588848900971889653	207	146.85851045	0.84137154	756
588848900971889669	207	146.88328492	0.8224354	756
588848900971889677	207	146.88850593	0.81394116	756
588848900971889690	207	146.90054286	0.62880933	756
588848900971889705	207	146.84258867	0.70620396	756
588848900971889712	207	146.87649472	0.70768725	756
588848900971889714	207	146.8961608	0.73628328	756
588848900971889720	207	146.7757418	0.77929794	756
588848900971889732	207	146.83508429	0.74170007	756
588848900971889741	207	146.86974531	0.66143074	756
588848900971889742	207	146.84485007	0.83108618	756
588848900971954195	208	146.9033325	0.69422416	756
588848900971954198	208	146.90751716	0.69660142	756
588848900971954224	208	146.94162391	0.77652273	756
588848900971954255	208	146.96988846	0.76859887	756
588848900971954263	208	146.97643174	0.69338251	756
588848900971954265	208	146.97386107	0.69707884	756
588848900971954268	208	146.97929549	0.63215514	756
588848900971954277	208	146.9911113	0.7498037	756
588848900971954293	208	147.00397325	0.81755508	756
588848900971954296	208	147.00685118	0.82595047	756
588848900971954300	208	147.01664471	0.62387026	756
588848900971954355	208	146.94749118	0.66882037	756
588848900971954365	208	146.95673009	0.82079038	756
588848900971954376	208	146.96770064	0.8218771	756
588848900971954394	208	147.00347998	0.79046152	756
588848900971954415	208	147.01966547	0.74374279	756
588848900971954420	208	147.02585522	0.76430582	756
588848900971954421	208	147.02708779	0.7528251	756
588848900971954449	208	147.04526105	0.66551368	756
588848900971954458	208	146.90995688	0.76132203	756
588848900971954477	208	147.0055094	0.7975656	756
588848900971954487	208	147.04098228	0.70055473	756
588848900971954492	208	146.9101157	0.69850369	756
588848900971954515	208	147.00518265	0.63219171	756
588848900971954529	208	146.92652476	0.65413831	756
588848900971954537	208	146.96440204	0.80404835	756
588848900971954544	208	146.97545932	0.67056178	756
588848900971954552	208	147.00637458	0.7236792	756
588848900971954557	208	147.01398581	0.681397	756
588848900971954566	208	147.04720341	0.66435333	756
588848900971954568	208	147.05043321	0.83692501	756
588848900971954569	208	147.04955216	0.83631029	756
588848900971954588	208	146.90565948	0.67318406	756
588848900971954591	208	146.9066875	0.72454559	756
588848900971954593	208	146.90805803	0.77115603	756
588848900971954601	208	146.91175839	0.84036082	756
588848900971954621	208	146.92492373	0.7918725	756
588848900971954632	208	146.93133155	0.84556729	756
588848900971954642	208	146.93505565	0.67971683	756
588848900971954664	208	146.94556092	0.8024786	756
588848900971954668	208	146.95154287	0.78865162	756
588848900971954685	208	146.95778008	0.62989812	756
588848900971954691	208	146.96008332	0.84483497	756
588848900971954710	208	146.97209607	0.79680873	756
588848900971954712	208	146.97257677	0.64757437	756
588848900971954744	208	146.98766137	0.82688189	756
588848900971954752	208	146.99081263	0.82676379	756
588848900971954764	208	146.99575863	0.66262369	756
588848900971954770	208	146.99873856	0.84124352	756
588848900971954779	208	147.00205464	0.78037593	756
588848900971954785	208	147.00529597	0.70884494	756
588848900971954807	208	147.01572411	0.77754304	756
588848900971954809	208	147.01945109	0.81398537	756
588848900971954810	208	147.01897024	0.81784954	756
588848900971954814	208	147.02279537	0.83262503	756
588848900971954840	208	147.03756678	0.7814507	756
588848900971954843	208	147.04086791	0.68380185	756
588848900971954877	208	146.90373984	0.82029569	756
588848900971954881	208	146.90797329	0.63494892	756
588848900971954886	208	146.91215377	0.80220089	756
588848900971954905	208	146.92479562	0.67334835	756
588848900971954924	208	146.93311898	0.72075713	756
588848900971954929	208	146.93493852	0.65059839	756
588848900971954932	208	146.93734751	0.70395904	756
588848900971954954	208	146.9481993	0.77146348	756
588848900971954956	208	146.94845501	0.76408995	756
588848900971954968	208	146.95711045	0.64263338	756
588848900971954981	208	146.95988846	0.8124867	756
588848900971954986	208	146.96326762	0.6915375	756
588848900971954989	208	146.96476587	0.68273385	756
588848900971955006	208	146.97368631	0.66625588	756
588848900971955007	208	146.97476461	0.70458719	756
588848900971955023	208	146.98408261	0.82082762	756
588848900971955037	208	146.99434328	0.80315054	756
588848900971955044	208	147.00101675	0.83865281	756
588848900971955061	208	147.01115533	0.76963599	756
588848900971955062	208	147.01121184	0.83454795	756
588848900971955068	208	147.01533862	0.82015341	756
588848900971955074	208	147.02545816	0.73668197	756
588848900971955099	208	147.04648613	0.69624678	756
588848900971955124	208	146.90207477	0.66211866	756
588848900971955129	208	146.90632006	0.76659786	756
588848900971955137	208	146.91871125	0.66467568	756
588848900971955152	208	146.93604783	0.64288292	756
588848900971955161	208	146.94758228	0.62899672	756
588848900971955165	208	146.94791564	0.62353949	756
588848900971955179	208	146.96189379	0.8422651	756
588848900971955207	208	146.99853737	0.76952521	756
588848900971955216	208	147.01216388	0.79036043	756
588848900971955219	208	147.02169462	0.81017925	756
588848900971955226	208	147.03462756	0.69219911	756
588848900971955244	208	146.90496373	0.8196954	756
588848900971955266	208	146.90392476	0.81782626	756
588848900971955279	208	146.9452065	0.81756444	756
588848900971955280	208	146.95044258	0.82708574	756
588848900972019757	209	147.11316379	0.69640141	756
588848900972019761	209	147.11069282	0.70023885	756
588848900972019764	209	147.11867994	0.76597075	756
588848900972019789	209	147.14343723	0.75571316	756
588848900972019800	209	147.15926314	0.69261134	756
588848900972019804	209	147.16274893	0.69557328	756
588848900972019806	209	147.15883256	0.82359951	756
588848900972019848	209	147.07492153	0.72479482	756
588848900972019852	209	147.07982529	0.64918712	756
588848900972019856	209	147.08048606	0.67221372	756
588848900972019872	209	147.11332717	0.80876302	756
588848900972019882	209	147.12862922	0.71423593	756
588848900972019890	209	147.13481731	0.68620922	756
588848900972019923	209	147.18192568	0.84057728	756
588848900972019928	209	147.18468692	0.81660214	756
588848900972019939	209	147.059845	0.77947879	756
588848900972019949	209	147.08925238	0.76975993	756
588848900972019952	209	147.09876877	0.79567507	756
588848900972019954	209	147.10189942	0.79569787	756
588848900972019956	209	147.10308113	0.72163336	756
588848900972019968	209	147.17429986	0.7231595	756
588848900972019970	209	147.17576699	0.72217094	756
588848900972019980	209	147.19125688	0.70663537	756
588848900972019996	209	147.12461862	0.73801379	756
588848900972020013	209	147.05413089	0.78542621	756
588848900972020015	209	147.05926345	0.65407358	756
588848900972020039	209	147.1571283	0.69003638	756
588848900972020044	209	147.18147307	0.65777634	756
588848900972020084	209	147.05807693	0.81025659	756
588848900972020111	209	147.07312251	0.76989596	756
588848900972020113	209	147.07259065	0.76871681	756
588848900972020123	209	147.08375984	0.78520136	756
588848900972020129	209	147.08538566	0.8195986	756
588848900972020133	209	147.08801867	0.62977211	756
588848900972020147	209	147.09240407	0.67698383	756
588848900972020161	209	147.09938006	0.75307393	756
588848900972020171	209	147.10189219	0.81597224	756
588848900972020179	209	147.10636591	0.78652514	756
588848900972020186	209	147.10774708	0.77091942	756
588848900972020198	209	147.10948095	0.8370394	756
588848900972020207	209	147.11197206	0.62952725	756
588848900972020223	209	147.12034077	0.80543699	756
588848900972020226	209	147.12216509	0.68704234	756
588848900972020230	209	147.12460022	0.84309297	756
588848900972020239	209	147.12878319	0.80661234	756
588848900972020249	209	147.13405875	0.63283878	756
588848900972020258	209	147.1341586	0.80850777	756
588848900972020278	209	147.14332525	0.79255482	756
588848900972020281	209	147.14632233	0.76450573	756
588848900972020301	209	147.15957526	0.83823197	756
588848900972020302	209	147.1597336	0.82659539	756
588848900972020303	209	147.16001394	0.7147526	756
588848900972020312	209	147.16241309	0.71972696	756
588848900972020341	209	147.18316749	0.80165659	756
588848900972020348	209	147.18419056	0.64960484	756
588848900972020359	209	147.1894464	0.75991464	756
588848900972020363	209	147.19409149	0.73625817	756
588848900972020367	209	147.19786158	0.77018644	756
588848900972020399	209	147.05619357	0.75155892	756
588848900972020401	209	147.062139	0.73721027	756
588848900972020407	209	147.06581909	0.70639065	756
588848900972020426	209	147.07833636	0.64039669	756
588848900972020430	209	147.08442903	0.70159549	756
588848900972020433	209	147.08556426	0.75279781	756
588848900972020439	209	147.09140236	0.7527907	756
588848900972020446	209	147.09513025	0.6485391	756
588848900972020468	209	147.10896704	0.73775188	756
588848900972020474	209	147.11458487	0.75719378	756
588848900972020483	209	147.11925295	0.63632277	756
588848900972020490	209	147.1255909	0.73477072	756
588848900972020502	209	147.13756158	0.76501823	756
588848900972020511	209	147.14298597	0.84622303	756
588848900972020539	209	147.15681965	0.80781452	756
588848900972020542	209	147.15794073	0.65839801	756
588848900972020559	209	147.16951657	0.80315758	756
588848900972020560	209	147.16947984	0.67212183	756
588848900972020577	209	147.17917081	0.70274939	756
588848900972020583	209	147.18161214	0.73528692	756
588848900972020591	209	147.18646672	0.80146126	756
588848900972020598	209	147.19111231	0.62918659	756
588848900972020621	209	147.199475	0.64976036	756
588848900972020642	209	147.05305595	0.64386499	756
588848900972020643	209	147.05368748	0.7975329	756
588848900972020646	209	147.05792021	0.82352862	756
588848900972020685	209	147.11275222	0.77705622	756
588848900972020696	209	147.12614649	0.63365707	756
588848900972020697	209	147.12930206	0.63201789	756
588848900972020731	209	147.1727851	0.83651363	756
588848900972020741	209	147.18570594	0.68915091	756
588848900972020746	209	147.19147364	0.66110115	756
588848900972020761	209	147.14352422	0.84412851	756
588848900972020779	209	147.14139682	0.67056353	756
588848900972085250	210	147.20138488	0.82895647	756
588848900972085265	210	147.20855096	0.66857568	756
588848900972085283	210	147.21325429	0.73348556	756
588848900972085293	210	147.22795228	0.72332653	756
588848900972085300	210	147.23974896	0.78545786	756
588848900972085307	210	147.23269298	0.78488758	756
588848900972085310	210	147.24345673	0.78664277	756
588848900972085322	210	147.2433791	0.73526494	756
588848900972085338	210	147.27583005	0.84218101	756
588848900972085350	210	147.29287197	0.8226632	756
588848900972085354	210	147.30473776	0.78014696	756
588848900972085369	210	147.33805419	0.81404616	756
588848900972085383	210	147.33230016	0.65408973	756
588848900972085395	210	147.3223136	0.63942019	756
588848900972085434	210	147.2146562	0.7946481	756
588848900972085437	210	147.21709775	0.79582318	756
588848900972085456	210	147.23791762	0.67141233	756
588848900972085493	210	147.29033209	0.77290668	756
588848900972085502	210	147.30372946	0.66336765	756
588848900972085510	210	147.32605264	0.7889784	756
588848900972085512	210	147.33535309	0.80099928	756
588848900972085514	210	147.34790253	0.65690192	756
588848900972085523	210	147.23118605	0.81283315	756
588848900972085535	210	147.2643139	0.75444522	756
588848900972085558	210	147.28736661	0.69864541	756
588848900972085560	210	147.29385197	0.68109946	756
588848900972085568	210	147.29975271	0.67843208	756