ejis[mdComBYvJIFQrTFKMIC	5842	8538	8170	4888	2419	4325	6882	1709	7734	6487	7273	651	3410	6035	5815	1920	6639	5124	9334	4060	2921	1649	8145	9876	5262	3974	5912	2106	4170	6674	1723
TlqbFRK^h[FMyhh	349	4808	541	1019	5887	4391	1092	273	3468	142	5936	207	1340	2452	6199	4158	8336	8710	2119	3827	4885	9035	4472	9498	4591	4616	7871	4250	224	5175	7511
_MhpxxBniKkDLCOjORCCyc	5610	9427	3256	7117	9490	1753	72	2702	9932	5584	8006	9663	1377	4541	8086	8842	3571	9390	999	4818	4652	3179	9954	5619	3204	2422	489	2967	2938	7453	3259
fJD]ejtlfWc]WtiUWhwigJvN	190	5987	2398	6164	8411	3453	1211	8812	7106	7596	6159	5670	8246	1653	9557	741	9590	8551	7648	5508	3754	5147	5277	4905	1493	9428	5060	2532	7443	3039	6182
v^mXvZdPPX`LsELJu	703	3818	1654	8024	2487	2663	7727	9936	7185	6626	1675	385	7607	9502	4621	4641	2918	5954	7707	7768	2540	6025	1964	3328	8266	5420	9531	7333	5730	5065	337
cngcOY[ojjGDsPeM	7306	9042	1046	7645	5353	5279	6343	2013	9881	2276	662	5096	2093	8101	4053	2550	6396	7123	7787	8533	4891	4677	9888	7635	6067	3107	3934	5713	7921	341	4641
TlqbFRK^h[FMyhh	1788	8201	4101	3009	9171	3514	668	2051	4514	622	9858	3877	9689	3491	9458	3078	1920	4783	3173	5411	5005	2754	3626	6977	3804	7238	2476	3648	5670	1264	17
PkBGpihkHJti]H	1649	7673	9278	5848	7220	7511	6107	3366	8529	6079	8363	1219	6557	1747	5554	2648	8169	2399	2972	7588	9678	9178	7536	4053	1615	2452	4558	9070	8876	2136	4050
tCUlTMMZvGsqAjfuZ	6161	3643	8011	5549	2444	9108	4777	7433	1702	6969	4952	309	7576	553	1204	9033	8175	8566	5129	6880	9849	8678	454	2202	8805	8976	8877	2196	2854	3370	8080
ZPVTvMdqOlmnMaPP\nIf\WQ	7986	1417	7560	1095	2583	6011	1381	9459	6951	1023	2284	7929	2266	3427	2499	5004	5459	4878	4937	375	7008	5441	9273	8896	5126	8952	9541	6521	4583	1320	668
POa]BpgG^TxCalUTfFtKTV	9022	3391	1139	2789	2380	6828	254	3185	301	8228	7146	7487	4649	2371	814	3872	4788	6577	1577	2627	2522	288	1622	3835	9553	7258	8920	5163	2011	4053	7580
TlqbFRK^h[FMyhh	9354	9855	1923	1167	5212	3439	157	2870	6474	3266	7598	9190	2400	2335	4760	5604	5579	1995	6753	2953	6840	3329	2641	8734	6121	6316	242	8896	2079	87	8831
v^mXvZdPPX`LsELJu	2370	6950	2549	3695	4943	8379	7605	2553	7064	4176	2395	9584	943	4336	5070	4938	272	1871	5020	9624	6831	3690	1106	8485	1867	5497	2771	1238	4735	6959	1645
TlqbFRK^h[FMyhh	1671	5205	1961	3527	3117	4014	4490	6608	2707	3666	3193	9903	2865	1848	9057	7653	6467	2841	7916	6932	8422	3891	4601	7442	2361	7809	6185	8532	1565	4148	5661
eVMDDDmRwZcyMEtOEFct__	1119	8091	5673	6721	8103	7760	5568	4938	1575	5288	3758	1906	3800	4346	4139	5128	1844	6128	7685	7264	3721	1989	1448	8990	8262	4984	5862	872	6141	6823	8737
R]RyVwUbFc_YyNN`nDjELpY	5525	7575	2755	158	4158	2717	520	7440	4094	1514	8745	9922	3617	1719	1007	4832	5390	4261	1133	2596	8755	4241	7552	4157	6251	273	3805	4471	3753	7621	8887
hFJ\TpGGyUMKPddCjg	460	7954	7361	3749	2805	4154	9423	8402	4915	1863	3068	4894	8454	2252	7525	9378	5157	6934	2767	5647	9348	4797	9241	8482	9871	1745	7198	4162	9454	5007	3394
WbdejtudpL`SPpSXTCudW	835	591	2422	1435	3192	6049	5029	8645	3282	3627	6611	4666	5306	731	8907	6928	6939	6578	5238	3539	1503	7139	4114	3405	9126	7473	9726	9661	6862	2484	1115
ZPVTvMdqOlmnMaPP\nIf\WQ	2380	8743	4364	5897	8716	7288	121	4390	8930	9072	3790	1620	781	7444	6969	1040	328	6883	145	8236	3977	4342	2153	8358	8574	2018	2604	3561	6608	9490	320
KWgjZJ_jgV^hs_[YL\NB	9566	681	6519	8633	7456	3186	5091	5699	7757	8297	7518	2797	5507	3101	7645	4469	1485	90	4655	4739	9984	2628	2878	4440	5242	1002	8652	7216	8772	7589	8792
IiRrN]wRaYOFdO\FNoVHB	1051	3915	4176	2093	2706	8685	6815	1166	7602	2897	334	3608	4778	9592	7974	1309	4299	3495	2433	3954	4106	5300	2299	7072	5819	6359	3860	3902	4407	7850	1804
nCwjDgoUDmQRyIiBo\Fshon]L	4466	8549	8865	4912	4350	4680	2134	5483	4439	1497	1786	7487	5470	3407	2909	7080	2349	6103	309	8458	7609	4876	6373	2147	6466	2562	2248	2170	9280	580	3443
EscmWPhj^bByfCsiBfMacWN	3875	703	3780	4151	9106	9988	9724	3015	834	1138	8796	9787	2794	2796	6518	7015	4902	2182	5533	3136	1649	648	4343	2816	122	3099	411	3231	5331	3289	5011
FH\Jyx^vgmQRiq\	4909	5959	2000	5227	307	8314	7520	9370	7085	1753	2953	4517	7221	9288	6860	7118	8608	3845	7955	3440	1312	7896	1636	1823	843	6306	3771	6746	8967	8239	7585
LV`pLcKb[jPLTLWemW]m	9822	8057	9406	6673	7256	2546	4550	5527	6607	5207	1554	3744	1516	9442	2119	3610	8783	6969	3121	3185	1074	1292	6841	184	9962	4787	6336	7679	8582	8258	4499
BPWj`DBUIgFTNo`xFeHb	1255	1577	5509	4613	881	7124	2081	3122	9807	5	8353	6508	2311	9715	2912	7589	1560	1423	8178	5373	9662	6163	88	2282	4509	9317	7290	1183	5427	1666	9260
]Zw_TlfUjknsV_^wtwhOSqio	7028	2737	8572	1394	4001	5553	1166	4471	8667	9324	8005	7806	1323	2525	4516	8951	9871	571	9	1596	4869	9060	1979	9778	5952	9490	7421	5431	3375	9767	714
TPxnGbDMytHs]gc	2849	7969	9584	471	8099	1642	4602	1531	5315	9251	8695	9880	8692	3404	3061	496	6365	8597	9186	5283	2630	610	8834	5893	7211	1832	2006	670	7447	1677	4453
TlqbFRK^h[FMyhh	780	3872	9821	2884	8686	4587	1013	2574	771	5678	6369	7821	2572	3735	1371	3179	8249	8794	3907	1770	6239	535	8535	9927	497	8872	6972	8969	6089	674	9699
T]kAe`YdxrTAMowASiJVmB	8699	1490	9425	9292	9041	7794	6480	847	9920	8387	3339	2463	6925	9088	2924	6886	149	9008	4003	7319	6702	3395	2478	7053	859	4642	5267	3040	7094	4800	5042
gweSJXC]iSxpPPXilaX	251	7368	5840	8133	9595	3828	8069	5384	2113	6563	8689	2665	2917	6644	6814	3201	992	279	3894	968	5135	127	2198	3017	1055	6737	8669	2212	7201	5331	989
[OorRTvhRuDXoQsYpqGyXbeaP	7049	166	6520	8027	277	4369	5653	9569	235	9884	6480	9700	8974	1300	4158	4861	6764	2718	2068	3936	9180	4795	4622	4280	7840	981	3153	4478	8386	8286	3342
lIUNtuegRaZkUnhmd^JVZ	4265	1739	1355	5511	3397	4453	1351	6089	2421	4486	3393	6858	662	6007	305	8049	1610	8963	4769	5500	8067	9016	3499	3465	6725	1044	8606	4392	439	5592	8120
K_ybIhFALXg_cJNaHrw`Y	2945	1527	5450	3583	8186	7689	1247	2523	6370	9590	9669	708	4712	2704	6407	2289	4500	5844	1532	9766	8329	3643	6132	8205	2404	9765	9320	4207	4956	5245	8075
[OorRTvhRuDXoQsYpqGyXbeaP	5698	7515	4893	8063	73	5974	6496	9630	3011	3721	7399	7081	1945	5207	1778	4962	3926	133	4471	1937	1014	2778	4617	9918	6984	4431	7906	2194	5708	6912	1305
[OorRTvhRuDXoQsYpqGyXbeaP	5173	5101	9094	4583	5399	6334	3844	2137	7585	6044	8271	454	6315	2198	2435	3226	7318	4101	3575	4236	9580	6254	3033	3630	2485	4510	2534	6234	158	8638	1153
ung[`WjJwQpUlT_rTbKS	7092	7160	279	998	9663	6141	846	4412	3274	6147	7305	1558	4200	9376	2600	8849	5270	2198	2405	3748	3289	3088	9795	7870	7908	2340	1104	7401	8737	4656	389
CIaXaIbmpeBXD`BlVTRap	3838	5424	5050	8398	7963	6404	9010	400	7552	2102	4701	4102	951	9721	9975	3929	7152	8320	9169	5833	5434	2771	4251	2756	6807	3802	2999	7197	4844	3456	2508
VJEHXhjxW`gVjvgpFH	7855	9027	3344	5367	9178	5696	796	9363	7940	9167	5846	5654	761	9144	2940	9264	6934	1800	75	7992	1386	1260	8419	3411	5238	371	8103	1306	3181	8480	3497
t^wbecdvKfJxFtKaJYhRgL	3237	2848	6194	4398	2138	6370	9420	7651	4039	3101	9613	7141	1350	1978	8817	5944	8053	5111	838	9744	9123	6255	892	2259	8802	7507	3926	8699	627	8148	4279
mNBa\hj_YmqywsAlBr	2561	3069	6763	4318	9828	469	1226	3860	1804	4642	7673	4523	9667	5860	339	5117	5382	6288	2084	4357	4545	7832	7389	2370	6694	6259	5693	2802	7286	9755	7800
ukZFFEutSVSmtQMI\	5659	6608	5273	5988	30	8401	950	342	8057	8892	998	7336	351	7901	9504	3153	845	4602	9911	5861	3770	9667	4390	1281	5848	7122	9957	1963	7186	5914	9427
[]yHVwxta]Bn__IMv]dKicDRA	501	3224	6474	3447	393	5528	5506	2474	5848	9821	4688	750	839	4576	259	2620	5154	8815	4175	5618	6947	7527	3655	8079	6152	7256	5827	5268	2272	6037	1580
Wk`lKD]ikSU]IjyJS]B	3541	5680	8860	5135	9423	1899	8904	4516	9600	6209	6294	3912	7516	9340	6079	4932	3424	9220	4036	4058	7172	2376	6242	4457	3417	3265	6783	5429	2346	3636	4524
C^QylXSObZomERTGOMt	1088	149	33	5144	6592	2103	131	4997	7132	7744	7771	9308	1421	2990	2819	2900	5213	4978	8581	2999	1417	2574	5664	5984	8909	455	4209	4334	9883	3332	4570
ANEL_okLsTnfYF	8383	8828	9945	7884	7934	9556	581	7321	2731	7150	1368	5986	654	2791	4395	8173	1469	3485	7669	4450	4260	2721	5794	8201	8301	9445	8959	9855	152	3151	5162
jQvyXQYuFODhRanSOLUyfaW	5403	2838	2942	3330	3856	2660	6664	6904	7032	8167	5715	5018	3081	7338	8032	1926	7520	7424	4363	1909	4120	6550	5643	199	4962	3204	494	7147	4236	3402	2623
AnQeNbpWch\IGncQckWUh]gm^	891	326	233	7168	8876	7852	3283	155	2292	9742	274	5972	3083	2033	4558	7755	7722	1070	7473	8096	9867	5550	9191	9477	3084	4940	3790	238	2284	3302	6247
qbomjhVdUpCZpSXksBK	5617	586	5523	6279	1208	4493	7512	9499	8691	4503	5613	300	4134	8625	6757	2582	9793	6669	4763	2963	6891	2554	3077	1140	8679	542	9651	5063	3684	9083	2878
Oj[`bmHODNfYrRdp]O^ctgl	9588	9854	1233	8868	6973	2339	4431	2218	7416	7360	5033	5286	802	1051	7365	1790	2649	3998	7691	2606	7694	4116	7427	1040	9076	394	1978	5076	718	5311	1868
UH[LIAyOO]]h]w	6776	9811	2140	5075	3538	8280	9518	8641	1627	5943	2320	2934	5055	3110	6599	1672	8153	4283	5815	3615	5960	3665	2457	8148	4782	7233	2149	8693	5179	617	5560
K_ybIhFALXg_cJNaHrw`Y	7603	7826	7823	2908	5524	70	9194	69	515	6672	5076	776	6960	792	3058	9450	2727	772	1413	349	1388	5616	5432	140	9712	7525	6110	8395	6923	4836	390
oOYYZffINpkkM]PjZ[	1164	1645	7727	2280	7373	5955	3628	7481	2423	1406	4350	4696	9672	5034	1894	3870	3365	5902	656	1934	9104	9754	7969	8360	5538	8554	40	4290	5423	3186	6383
_wahlkrGyUTLAbvjKPx^[mPTu	4805	9056	1178	4945	124	767	3816	4454	6775	1132	6144	9347	3162	1512	3743	3785	3932	676	5846	4682	1222	3170	8037	4329	3202	8824	6736	5534	2573	8684	5741
Opgg[sWyd`rHxC`r]CYVei	9458	1889	486	1126	4793	8329	9320	8136	2284	6329	1916	3004	3216	3999	6048	7968	9626	2829	8739	7	4405	8085	6486	805	6649	4397	5470	8304	6500	924	575
eBhNbWjknMvwxi	7513	5361	1050	1107	7727	4497	1922	8154	4870	2532	2617	6827	3202	2774	2825	3701	582	5031	9329	7560	2776	3783	960	6629	4227	9737	2632	2049	8272	2371	2283
qVWJNQJiTt]UbSuRr	5270	6559	3323	3606	9222	4820	2389	2994	7407	5906	1489	6284	9205	6025	6992	9147	4953	1479	7729	9392	4004	3841	1898	9223	6121	1369	7643	5845	7416	2696	6352
_uxRdwpfsGG]tVTJiynRwKa	6622	1787	1410	1213	2474	112	41	7282	8106	1139	4321	409	409	6977	8797	7536	7794	2455	7457	6693	1043	9686	6181	105	4650	800	7488	2576	3818	9944	6093
vmWeOjNwpQZUoixQlEe	870	5164	6301	8869	9753	4599	8289	129	4331	2731	3084	8287	4076	6459	8610	482	8289	2089	1390	4149	685	8766	9287	5840	9178	7071	6557	5764	2943	552	1723
RiJ]oS\ip]BFn\uVE	4798	6415	806	695	9637	5227	7756	345	4058	4317	3427	3955	2707	9436	8204	2622	6426	326	3160	8090	1068	3689	2381	8147	2453	9893	6257	5740	7621	9579	4812
fPKqWbwjDhvuYDqmRCpCywtp	1513	1226	5259	4977	9531	4849	2983	3370	9627	544	1635	111	3585	9977	8841	5451	9849	1870	8134	7128	6786	5491	2778	5126	2124	9343	1957	1890	4232	4283	6011
HFEEbccZbx]_\iTrHvw]^	3543	7228	1217	1702	3921	2203	1541	2969	5315	2668	3329	108	404	2165	9876	2932	6440	1483	8371	7362	6458	9211	9008	4879	5137	4729	4887	255	4700	7929	941
MNLlkBkjYviJ_vfK_BU	1944	445	1292	6291	9251	1976	4651	9914	1540	1434	8951	2202	3524	2679	2810	1060	2334	2348	9279	2921	6576	7346	5844	8510	2584	1016	8714	6155	5544	4204	7027
PCLikdvihQp_LXGTb	7654	8978	7896	9827	7526	2899	973	6380	5119	9429	8408	1418	239	7160	5643	3031	1599	2804	9331	7754	7489	5165	6841	8274	3953	8462	3261	3674	7255	1824	4379
K_ybIhFALXg_cJNaHrw`Y	9753	7249	2518	6704	2656	1907	1573	750	4527	31	3515	9511	3896	7551	5931	988	9520	4796	3354	8512	2059	532	1792	4665	7220	2308	6069	6576	6723	5486	9844
[OorRTvhRuDXoQsYpqGyXbeaP	4729	7122	3007	8528	2840	1717	4820	5817	5763	6236	3255	6890	363	5549	8762	8079	6797	9657	53	7709	145	8973	4092	327	5511	7965	6207	6709	7434	6282	9779
vfHNJuknBVbpi_JFRggKYLcc	9185	9301	9340	3069	8696	607	1709	5040	7113	9328	6525	4473	5998	2552	2072	7109	5926	9888	2662	4154	3549	3677	4983	457	3640	6700	3620	7662	8056	6710	6739
ADLNeOydnbAIh^xUJkLyH	3546	3062	6766	2235	8053	565	7927	7682	20	8582	7545	9564	27	3910	5617	5013	5918	644	8971	6639	8083	3121	9960	8027	8948	1744	730	2717	9098	7206	1971
ZGipPenoLYyq^KkV	9967	2240	2392	3373	1442	7196	5080	7152	628	7345	6277	416	8671	807	1644	4767	3233	3931	1164	3922	3673	4170	8708	2720	1336	7908	6054	5808	9426	6185	4935
C^QylXSObZomERTGOMt	4107	2028	1971	2767	9455	4663	2484	4029	3046	9404	6114	2069	6601	1904	6213	7215	6889	6864	5193	2352	1426	4295	7432	2131	6939	9028	3093	5985	771	2038	3229
TlqbFRK^h[FMyhh	7834	1659	7225	5636	3749	6801	9445	7138	954	5797	7512	1877	5669	7370	10	8078	9590	7504	1202	145	8511	444	7372	2451	4211	7652	6451	8042	3256	6720	3126
UjOnmxZ`Sj`KQKdJ	2050	8921	6297	3490	5852	6706	4987	3442	1759	3334	2923	9763	4522	1322	7144	9602	1261	9284	852	8208	2266	1181	65	6269	8836	7966	6645	4525	1810	5142	9510
GMeOSoAFaCEjMmnTbM]hQ	6870	7774	3918	1765	8272	9961	4607	7184	1007	858	5151	4443	1760	1616	8465	4304	8377	5440	7104	1603	9961	3261	4336	1810	6764	2143	6018	6964	6166	4253	1358
uATlZKbqfwEHMk	5073	5425	5932	7208	3112	4104	7143	2023	1513	8620	7251	8815	7720	1551	9447	7583	368	46	2612	8545	1576	3568	7893	4346	3024	9221	337	3574	4258	9561	3334
VJEHXhjxW`gVjvgpFH	7851	3587	6710	4184	3270	9335	1675	2736	5454	2736	1631	3712	3994	5114	2056	6075	4465	2452	9551	5802	493	4078	3647	3415	4780	8763	6997	1117	473	6800	4097
papVwXJvsjUc^FL_wMbs	9501	8140	6075	8393	751	2222	303	697	4348	2100	64	2687	3863	7222	4011	2706	3095	6267	2141	6443	803	4430	999	2293	5348	1450	5389	1790	5574	9006	1057
[OorRTvhRuDXoQsYpqGyXbeaP	5986	5429	4152	2438	9191	7569	7138	1902	3138	6994	3804	9	4571	815	3375	3980	4849	7834	5953	788	5151	3196	9715	6073	2473	2012	540	1821	6830	8743	4529
ZjomuuRJkqjBP[NAPSsEM`[Jb	2472	5648	3884	1397	4031	9032	6514	819	2184	4509	5011	7071	1611	6080	525	6205	976	8596	5811	6351	594	3631	5047	5790	3660	9638	9871	8128	5759	8148	7091
K_ybIhFALXg_cJNaHrw`Y	8327	5120	7432	7347	1148	1722	2601	547	4857	8008	8897	4872	8892	5360	3860	4774	5501	6306	5646	1449	7804	3256	6133	3081	7542	3237	922	5750	7343	3784	4678
`uNj`[IXo\mwdNher	3047	8477	337	36	4418	1959	1538	8652	8316	6715	8479	5834	6542	4356	183	9465	129	4767	6206	7974	1952	8185	7992	655	8841	2673	4651	8839	2012	4220	8721
K_ybIhFALXg_cJNaHrw`Y	5378	4202	6493	3475	5887	1033	5257	5977	3470	1334	9362	2254	2779	476	6264	5082	8506	1649	6722	1679	4617	6803	6838	6183	928	5003	2928	698	3441	6763	343
fScJUDqRYqAHsmbHh	786	7167	4321	3934	6436	5947	2638	8955	2820	5909	6833	2322	8601	7696	3482	3525	3870	1808	5757	9995	6304	1021	2192	4156	1501	3439	7514	9281	3894	210	6742
h`QU^mCcMZOgXkrII	2747	353	6539	2015	9678	441	4702	618	350	5797	7295	2781	4511	8003	3342	9244	3214	4734	6263	2840	789	8684	4191	4217	6596	1401	7267	2995	8023	8686	7805
eiroyPM]GPVEHqr	1297	7440	9921	7172	9722	9565	6173	8248	2426	7472	160	1081	9264	3562	8240	5128	9243	1325	8309	2807	7229	5260	5307	412	2408	6959	9453	3549	2804	8604	3595
eiroyPM]GPVEHqr	4161	6190	5616	5368	1384	9693	1616	7889	2949	425	6151	3191	6640	4558	881	6945	9258	5180	3446	654	8241	6898	6135	6841	1787	6981	4720	2260	5671	8279	4166
HqyjmRwkg`urW^XpBdL	4002	5517	7763	9368	7500	5220	8997	1605	1170	6549	8249	9521	7806	90	5033	2876	5113	4219	9058	5880	1602	9252	2882	6460	9336	7970	7272	3404	6987	3909	7096
okfXEORubbkctQrFKFPCe	7353	14	1616	6454	8188	7999	6438	6134	6755	3378	3793	4870	9616	3858	3530	4492	6288	8471	4195	1869	60	8047	7865	4405	4	9459	6913	5835	2915	5129	2620
FSAyZICF]bpCPixoC	2531	9027	3540	9765	8940	8583	1329	3252	2827	7125	2991	9166	2037	8741	7035	8862	3634	9250	7014	2110	9660	2744	8628	5372	7581	6420	3047	534	9556	6231	9544
mJHvuo[WH^dksJ[D	7921	8463	4299	3430	7286	7945	3087	2515	8424	686	4064	1311	2285	5916	4405	381	251	9040	7207	4022	3647	5084	6465	3508	9619	8017	8865	8962	6085	5333	885
gweSJXC]iSxpPPXilaX	5989	7831	6625	3015	8694	3841	3529	6664	2233	3725	8878	377	3906	4822	6839	2523	6836	9810	7359	951	8248	831	8880	626	7525	695	1099	555	6168	158	1644
\Lp_eKuDdCuMbARkS	1189	6180	8304	4479	7864	4851	542	9021	6335	9853	2274	5934	1818	6576	6955	5479	6506	5052	5149	241	3554	7298	4604	7479	7927	9414	9325	4277	5793	2973	1272
TPxnGbDMytHs]gc	1281	1737	9768	6145	2998	8131	3296	6316	5567	303	2127	1811	9895	8327	4992	7811	7699	2076	5108	7059	2885	5452	5240	2774	8341	1307	660	8485	3864	9547	377
K_ybIhFALXg_cJNaHrw`Y	7616	2691	4961	5254	6080	4602	3470	7328	1283	5808	6496	1634	5629	570	8161	1041	2943	446	7133	4963	3264	9460	5460	8546	312	4630	6038	8153	5919	8847	7685
jU`QSAWL\g]GaR	9562	8945	6522	1361	3329	7168	2843	4097	2949	1157	3968	4174	6725	7409	5506	5530	8098	1434	5419	827	3121	2980	1144	9959	1574	6200	9639	9241	282	9744	5001
TlqbFRK^h[FMyhh	4660	410	6109	1584	8503	7931	6700	2664	8275	6919	5449	6886	3946	3439	1212	6940	4425	226	5927	849	1717	8646	1732	2298	2575	9659	2585	3717	5778	8925	4597
Jjs\lm]RZ]J_WVPNUowXrORH	3979	4875	5636	1937	5325	1133	2641	2452	9154	6389	701	5259	1868	7547	9528	7808	8024	9569	5642	6844	6829	6289	6761	6734	5612	5314	8209	7199	4207	1	3195
MuBbdVJLByLhCCB	1169	829	2176	364	2465	3489	7080	6413	638	3889	4066	5745	8346	7064	7495	1142	7670	1188	3843	4055	5272	3331	1540	9943	9318	9398	3464	5702	9305	65	579
ung[`WjJwQpUlT_rTbKS	2579	9281	4180	8566	9250	6037	8605	3617	2366	9116	7483	6673	6551	9054	3556	2300	9238	8701	853	193	8030	7301	1959	3689	4461	4395	2428	917	1834	6128	9792
ZPVTvMdqOlmnMaPP\nIf\WQ	1342	935	9317	9321	7141	4838	6203	3607	8880	9126	1398	8845	8366	4535	4806	6659	1631	7624	8797	8418	1352	8345	9040	4594	4253	7871	9060	7506	1877	1184	1201
TlqbFRK^h[FMyhh	8567	361	7822	2632	4981	1016	8316	2705	9226	4452	6150	4770	993	8503	1683	6647	4992	1651	8327	9143	9159	3683	6942	5636	4992	1743	4416	7321	3614	6550	1453
