24.46582	2188	40	2	197	587729149846946413	23.03209	22.25314	21.88347	21.01253
23.69534	2188	40	2	197	587729149846946415	26.69439	22.19586	22.21873	21.55124
22.56668	756	44	5	198	588848900971299286	23.54765	21.82518	21.36222	20.92632
22.17033	756	44	5	198	588848900971299308	25.00475	21.85803	21.77179	20.76063
22.06655	756	44	5	198	588848900971299313	23.44334	20.74257	20.25755	19.84444
21.8112	756	44	5	198	588848900971299314	26.01395	20.34277	19.59262	19.27628
22.87169	756	44	5	198	588848900971299321	23.80912	22.86767	22.89197	21.70979
22.15381	756	44	5	198	588848900971299344	22.91566	21.41962	21.41623	20.97765
23.00308	756	44	5	198	588848900971299359	25.39848	21.62613	21.17581	20.61108
21.43119	756	44	5	198	588848900971299377	22.52655	20.20559	19.72333	19.29918
22.29826	756	44	5	198	588848900971299386	22.84523	21.40981	21.08878	20.54241
23.80864	756	44	5	198	588848900971299429	23.67902	22.45864	21.86776	22.05835
23.19495	756	44	5	198	588848900971299433	24.41076	22.0992	21.30115	20.71523
22.61423	756	44	5	198	588848900971299447	22.69899	21.27437	20.56857	19.98473
23.53896	756	44	5	198	588848900971299472	24.42138	21.93285	21.9669	20.92374
23.3251	756	44	5	198	588848900971299477	24.15719	22.51668	22.01244	22.52998
23.15425	756	44	5	198	588848900971299487	25.30762	21.49183	21.1665	21.41977
23.34747	756	44	5	198	588848900971299491	23.84792	21.74711	21.33248	21.15536
23.33305	756	44	5	198	588848900971299500	25.34508	22.17088	22.08893	22.30173
23.8718	756	44	5	198	588848900971299523	26.3645	21.72996	20.43219	19.57593
23.08948	756	44	5	198	588848900971299540	24.86764	21.97354	22.33754	24.207
22.63156	756	44	5	198	588848900971299545	23.78025	21.43512	21.1114	20.29651
22.60443	756	44	5	198	588848900971299561	26.22233	21.88263	21.94792	22.44409
23.07082	756	44	5	198	588848900971299566	24.61051	22.10776	21.80989	23.80116
23.35395	756	44	5	198	588848900971299600	23.73249	22.57482	21.676	21.99016
21.66962	756	44	5	198	588848900971299621	27.66685	22.06435	19.58289	24.81353
23.74744	756	44	5	198	588848900971299670	25.14248	22.94181	21.65601	20.52878
23.13567	756	44	5	198	588848900971299679	22.7124	22.47221	21.73483	21.38024
23.56472	756	44	5	199	588848900971364359	23.13158	23.68229	21.0857	23.8866
23.42711	756	44	5	199	588848900971364470	25.97525	22.07155	21.31724	21.51217
24.75656	756	44	5	199	588848900971364473	24.71985	23.16073	21.67822	22.68759
23.63928	756	44	5	199	588848900971364555	25.32753	22.258	21.60331	21.7165
23.19247	756	44	5	199	588848900971364565	23.43528	22.52026	21.19429	20.55285
20.97425	756	44	5	199	588848900971364615	22.9853	19.65038	19.07325	18.67849
21.83542	756	44	5	199	588848900971364675	22.6972	20.74468	20.21415	19.90285
21.13051	756	44	5	199	588848900971364681	26.1076	20.43662	20.84606	19.95029
25.42321	756	44	5	199	588848900971364710	24.22689	23.45179	21.23908	20.19098
21.76286	756	44	5	199	588848900971364719	24.1096	19.7774	19.02913	18.4875
22.89361	756	44	5	199	588848900971364760	25.63545	21.79544	21.15656	20.93092
21.85707	756	44	5	199	588848900971364764	23.40663	21.33356	21.14246	21.03635
22.25135	756	44	5	199	588848900971364770	22.60309	21.3194	20.91175	20.21236
21.96492	756	44	5	199	588848900971364776	24.25215	21.02869	20.49054	20.01445
22.33887	756	44	5	199	588848900971364778	23.80755	21.32473	21.00634	21.04259
22.33344	756	44	5	199	588848900971364793	23.34949	20.35531	19.70042	19.33661
21.48327	756	44	5	199	588848900971364818	23.57002	21.05796	20.88967	20.6524
21.33351	756	44	5	199	588848900971364833	23.72239	20.09908	19.57601	19.2382
22.8119	756	44	5	199	588848900971364855	23.99903	22.00612	21.67635	20.68668
21.34185	756	44	5	199	588848900971364936	22.95569	27.04825	25.56727	25.15039
22.52704	756	44	5	199	588848900971364949	23.39276	21.20781	20.68718	19.96924
22.6876	756	44	5	199	588848900971364950	23.11497	22.48852	21.41743	20.82649
22.88147	756	44	5	199	588848900971364970	23.88206	22.85309	22.11695	21.32974
23.70411	756	44	5	199	588848900971365021	25.6063	22.19938	21.55668	21.06258
23.15207	756	44	5	199	588848900971365027	24.50828	21.67614	20.6792	19.81611
24.81679	756	44	5	199	588848900971365031	26.2773	22.29677	21.55009	20.51386
23.89421	756	44	5	199	588848900971365040	24.35049	22.11824	21.78777	20.86027
23.03242	756	44	5	199	588848900971365079	25.6545	21.21252	20.7654	20.15345
22.22048	756	44	5	199	588848900971365087	21.99361	21.14008	20.67013	20.02658
22.7403	756	44	5	199	588848900971365091	23.76336	21.14906	20.09591	19.42648
23.10554	756	44	5	199	588848900971365117	22.89982	21.67615	21.40736	20.79533
23.19275	756	44	5	199	588848900971365149	22.95249	22.19975	21.58857	22.25229
26.43282	756	44	5	199	588848900971365152	22.86415	21.76084	25.59162	22.33865
23.28251	756	44	5	199	588848900971365171	23.65381	21.38134	20.80188	19.93998
24.79306	756	44	5	199	588848900971365175	25.37298	22.24547	22.10027	21.28465
23.6501	756	44	5	199	588848900971365198	25.6072	21.89825	21.44128	20.86822
23.29703	756	44	5	199	588848900971365247	23.63625	23.17778	21.84893	20.83558
25.40347	756	44	5	199	588848900971365257	23.69102	22.9247	21.73727	20.6048
24.55111	756	44	5	199	588848900971365261	24.51121	23.02645	21.87268	21.63214
23.44015	756	44	5	199	588848900971365287	25.56727	22.38472	21.1016	20.01703
23.57087	756	44	5	199	588848900971365310	23.82724	22.91512	21.8437	21.11496
22.38798	756	44	5	199	588848900971365353	25.64065	23.65633	21.80766	22.65071
23.62812	756	44	5	199	588848900971365360	24.68727	22.38768	23.12506	21.69796
23.02243	756	44	5	200	588848900971429903	24.16109	21.7852	21.58344	23.22092
22.26833	756	44	5	200	588848900971429910	21.97907	21.81038	19.85147	20.80739
21.70164	756	44	5	200	588848900971429937	22.10567	21.70257	21.66976	22.41681
22.58577	756	44	5	200	588848900971429947	24.8996	21.24585	20.76857	20.48493
22.93837	756	44	5	200	588848900971429952	23.87184	22.0509	22.73282	21.15773
22.72453	756	44	5	200	588848900971429987	24.84254	21.87095	21.06481	20.18256
23.44226	756	44	5	200	588848900971430052	24.25775	22.29695	20.73598	20.31095
16.96462	756	44	5	200	588848900971430099	18.81183	16.05597	15.59025	15.24195
20.8649	756	44	5	200	588848900971430121	23.16844	19.66813	19.17801	18.83347
22.89885	756	44	5	200	588848900971430129	24.30629	21.74133	21.36786	20.43628
19.48996	756	44	5	200	588848900971430142	21.20666	18.35586	17.78272	17.35508
23.75576	756	44	5	200	588848900971430157	25.57	21.86436	21.54502	20.64177
20.83611	756	44	5	200	588848900971430170	22.86674	19.38135	18.77067	18.41655
23.50092	756	44	5	200	588848900971430222	21.29415	26.08333	25.08844	21.22113
23.22299	756	44	5	200	588848900971430244	24.13465	22.04587	21.84813	21.56096
22.59637	756	44	5	200	588848900971430261	24.15376	21.78782	21.77617	21.31662
21.961	756	44	5	200	588848900971430267	22.22866	21.12753	20.96999	20.49459
22.93688	756	44	5	200	588848900971430286	23.70856	22.24906	22.44047	23.38099
22.59894	756	44	5	200	588848900971430300	25.02775	21.82042	21.38331	21.26712
22.25556	756	44	5	200	588848900971430317	22.61257	21.98373	21.89242	22.31034
22.39263	756	44	5	200	588848900971430332	21.94195	21.18481	20.81719	20.82438
20.94427	756	44	5	200	588848900971430333	21.82758	19.90732	19.51367	19.12812
22.58157	756	44	5	200	588848900971430362	23.94761	21.13961	20.50822	20.05454
22.58177	756	44	5	200	588848900971430397	24.42685	22.85735	22.55534	22.43486
21.8541	756	44	5	200	588848900971430454	22.14412	20.71503	20.54638	20.15886
21.96713	756	44	5	200	588848900971430456	24.08108	20.70425	19.93349	19.66038
21.77248	756	44	5	200	588848900971430483	22.27551	21.2109	21.18425	21.24272
23.76009	756	44	5	200	588848900971430518	24.27119	21.9939	21.6453	21.37852
23.294	756	44	5	200	588848900971430532	23.35333	22.37843	21.79022	21.39156
22.78795	756	44	5	200	588848900971430557	26.69591	21.83154	22.87918	22.99531
23.18629	756	44	5	200	588848900971430568	23.85146	22.20978	21.34193	20.8353
22.35281	756	44	5	200	588848900971430605	23.51242	21.1243	20.99891	20.92078
24.40149	756	44	5	200	588848900971430612	24.49847	22.02591	21.08516	20.65921
23.0883	756	44	5	200	588848900971430614	24.41558	21.9538	22.02317	22.01644
23.33778	756	44	5	200	588848900971430620	24.07358	21.9597	21.87355	21.54573
23.22904	756	44	5	200	588848900971430640	24.73599	22.17177	21.7778	22.4407
23.07525	756	44	5	200	588848900971430672	22.27635	21.40174	21.14882	20.68039
23.53632	756	44	5	200	588848900971430697	23.2082	22.10896	21.48826	21.28806
25.22016	756	44	5	200	588848900971430710	24.66247	23.85166	23.62311	19.55391
24.91395	756	44	5	200	588848900971430719	25.53713	22.34396	25.39584	23.35212
25.56368	756	44	5	200	588848900971430762	24.0576	23.72097	22.04787	20.69116
24.11754	756	44	5	200	588848900971430776	23.72245	23.08091	21.66203	23.52319
25.48178	756	44	5	200	588848900971430791	25.80174	23.21556	21.97969	21.11862
24.22958	756	44	5	200	588848900971430811	24.52221	22.76107	21.87052	21.2035
23.26365	756	44	5	200	588848900971430823	24.82843	22.76851	22.13951	21.68341
22.37051	756	44	5	200	588848900971430885	24.14004	22.39688	22.03203	20.83905
22.89624	756	44	5	200	588848900971430900	23.35017	22.71103	21.45734	21.48517
20.20725	756	44	5	200	588848900971430906	20.22688	21.51677	22.52166	21.28918
21.20252	756	44	5	201	588848900971495442	22.3925	19.93967	19.40369	18.96847
22.01213	756	44	5	201	588848900971495487	22.88904	21.04037	20.71514	20.45124
23.41573	756	44	5	201	588848900971495494	23.51055	22.20451	20.67584	19.85531
24.21218	756	44	5	201	588848900971495496	24.49331	22.1922	21.57814	21.8065
19.88202	756	44	5	201	588848900971495598	21.99035	18.76568	18.2892	17.92441
18.93478	756	44	5	201	588848900971495601	20.84011	17.69854	17.2097	16.7659
22.20254	756	44	5	201	588848900971495602	24.61292	21.61405	21.20999	21.14403
23.73676	756	44	5	201	588848900971495603	26.00399	24.43742	21.85074	21.51302
23.1859	756	44	5	201	588848900971495604	24.10706	22.43578	22.71216	23.76896
22.84307	756	44	5	201	588848900971495636	23.85715	22.25053	22.0815	21.62329
23.29889	756	44	5	201	588848900971495641	26.00695	22.42243	21.8995	21.90171
19.13508	756	44	5	201	588848900971495696	20.72932	18.31876	17.91523	17.6606
23.69711	756	44	5	201	588848900971495758	21.64841	23.66628	23.74569	23.60895
21.17138	756	44	5	201	588848900971495807	22.03092	20.68439	20.48652	20.63832
22.15862	756	44	5	201	588848900971495838	23.96108	20.83747	19.56783	19.0935
22.51374	756	44	5	201	588848900971495875	23.07611	21.512	21.46136	21.08558
21.48189	756	44	5	201	588848900971495906	24.05927	20.4415	19.98592	19.61203
22.84935	756	44	5	201	588848900971495926	23.2222	21.92005	21.18283	20.64669
22.21392	756	44	5	201	588848900971495983	25.27843	21.77068	22.10179	21.65484
22.22951	756	44	5	201	588848900971495986	22.33894	21.32475	21.03675	20.84665
21.34589	756	44	5	201	588848900971495994	22.70877	20.2754	19.86607	19.59091
24.33526	756	44	5	201	588848900971495999	26.03273	23.45479	22.08668	22.26583
21.97065	756	44	5	201	588848900971496019	22.94541	21.23569	20.67781	20.72828
22.44762	756	44	5	201	588848900971496022	22.79529	21.08644	20.71518	20.45351
22.01086	756	44	5	201	588848900971496041	22.17159	21.1483	20.81519	20.81095
23.28753	756	44	5	201	588848900971496105	25.52912	22.08311	21.49062	20.84091
23.86905	756	44	5	201	588848900971496112	24.83083	22.42884	21.25766	20.90024
23.45015	756	44	5	201	588848900971496144	24.39472	22.098	21.30928	20.82984
25.71072	756	44	5	201	588848900971496165	24.15302	23.26979	21.8265	21.37499
23.31199	756	44	5	201	588848900971496166	25.20527	22.26982	21.78646	22.53417
23.16218	756	44	5	201	588848900971496169	23.0655	21.8054	21.3226	21.31511
25.66005	756	44	5	201	588848900971496170	24.83573	22.47519	25.09822	22.32262
23.36587	756	44	5	201	588848900971496177	26.52312	21.5332	20.66649	20.1102
23.12542	756	44	5	201	588848900971496179	23.31614	21.60036	21.46024	22.02359
25.22253	756	44	5	201	588848900971496202	23.76682	22.73311	21.57934	20.68469
23.56021	756	44	5	201	588848900971496218	24.3738	21.7596	21.38939	20.80064
23.49818	756	44	5	201	588848900971496226	24.83795	21.59878	20.68082	20.40133
23.71452	756	44	5	201	588848900971496231	24.68541	21.97535	21.56202	21.04275
24.69292	756	44	5	201	588848900971496238	24.84814	23.73932	22.11365	21.61374
23.71416	756	44	5	201	588848900971496240	24.01478	22.42045	21.75189	21.64751
24.60443	756	44	5	201	588848900971496288	24.76396	22.45005	21.62499	20.65512
22.60663	756	44	5	201	588848900971496320	22.87201	21.92768	22.55863	21.88658
23.34272	756	44	5	201	588848900971496333	25.10363	22.85432	21.83956	21.17812
23.00472	756	44	5	201	588848900971496351	25.85266	21.09542	20.36801	20.18329
23.01327	756	44	5	201	588848900971496354	23.55854	20.93699	20.16131	19.783
23.08387	756	44	5	201	588848900971496389	23.64374	22.73336	21.30272	22.4929
22.99172	756	44	5	201	588848900971496394	25.26763	22.41047	21.54675	20.77374
23.03355	756	44	5	201	588848900971496416	23.31204	22.79865	21.53062	21.46612
24.6729	756	44	5	201	588848900971496418	25.09946	23.0939	21.60751	20.97366
24.16455	756	44	5	201	588848900971496427	23.90892	23.52097	22.15498	23.30212
25.40988	756	44	5	201	588848900971496478	25.60752	22.53053	21.18077	20.58661
22.46783	756	44	5	201	588848900971496509	23.55795	22.2009	22.49753	22.43896
22.65107	756	44	5	201	588848900971496510	23.12157	23.13971	22.31198	21.79847
23.8941	756	44	5	201	588848900971496515	25.8356	22.46359	22.37563	22.51962
23.12089	756	44	5	201	588848900971496525	25.41643	23.40079	21.87117	21.32975
23.04967	756	44	5	202	588848900971560985	22.93403	22.15839	21.43171	21.17316
24.12997	756	44	5	202	588848900971561013	23.96806	22.20066	20.62151	20.50807
23.04617	756	44	5	202	588848900971561082	22.45087	21.90037	20.38022	21.16172
22.3204	756	44	5	202	588848900971561104	23.6653	21.99588	22.15737	21.05579
22.02251	756	44	5	202	588848900971561108	22.98307	22.22474	22.16929	22.25002
26.1896	756	44	5	202	588848900971561114	26.75838	21.64662	24.27987	23.3149
24.33176	756	44	5	202	588848900971561116	25.53145	21.88631	23.9231	20.91359
25.9116	756	44	5	202	588848900971561120	25.16928	23.49719	21.4247	23.70072
20.82435	756	44	5	202	588848900971561171	22.39183	20.11807	19.84234	19.40581
23.3573	756	44	5	202	588848900971561369	21.39389	24.89897	26.05363	23.81397
24.89904	756	44	5	202	588848900971561436	25.5353	21.91426	20.71608	19.84937
22.86534	756	44	5	202	588848900971561449	22.9077	21.73761	21.50518	21.51808
22.63512	756	44	5	202	588848900971561452	22.5639	21.88706	21.53809	22.30078
22.61472	756	44	5	202	588848900971561480	23.98138	21.68999	20.96628	21.6562
21.81874	756	44	5	202	588848900971561487	23.0579	20.42447	19.94991	19.47406
21.89567	756	44	5	202	588848900971561498	23.42172	20.58794	19.95679	19.51059
22.72809	756	44	5	202	588848900971561515	23.60414	22.96607	22.73001	21.3483
22.5836	756	44	5	202	588848900971561523	23.69998	21.70162	21.35186	21.99343
25.68402	756	44	5	202	588848900971561580	25.07496	24.21062	23.93481	20.09534
22.8851	756	44	5	202	588848900971561605	24.7441	21.23987	20.40336	19.93538
21.74911	756	44	5	202	588848900971561610	22.45039	21.86888	22.23566	20.56401
22.15834	756	44	5	202	588848900971561615	23.86142	20.37951	19.57068	19.08353
21.29708	756	44	5	202	588848900971561627	22.04812	19.89058	19.23729	18.85116
22.08158	756	44	5	202	588848900971561632	23.6639	20.74137	19.95203	19.51048
22.33684	756	44	5	202	588848900971561639	22.3083	21.54402	21.1577	22.57139
22.35806	756	44	5	202	588848900971561645	22.46785	21.47805	21.44246	21.32516
22.74503	756	44	5	202	588848900971561676	24.78967	20.99972	20.33018	19.75993
22.63252	756	44	5	202	588848900971561682	23.45405	21.3047	20.90305	20.86259
21.28786	756	44	5	202	588848900971561706	22.44019	20.13093	19.60938	19.07599
23.47188	756	44	5	202	588848900971561798	21.90222	20.66338	19.77164	19.44019
23.0272	756	44	5	202	588848900971561817	23.72363	21.84633	21.16133	20.92617
22.92946	756	44	5	202	588848900971561820	24.01012	22.37214	21.73603	21.32394
24.08513	756	44	5	202	588848900971561833	23.54244	22.21372	21.66851	21.1114
23.31097	756	44	5	202	588848900971561835	24.10392	21.42354	20.59394	20.06967
23.56108	756	44	5	202	588848900971561839	24.6881	22.28365	22.05352	21.41743
23.26646	756	44	5	202	588848900971561852	25.65345	21.84053	21.79158	21.7555
23.36495	756	44	5	202	588848900971561885	24.79613	22.07685	20.90193	20.07291
24.47925	756	44	5	202	588848900971561886	22.94723	22.88208	21.98681	21.20091
24.06059	756	44	5	202	588848900971561901	23.36557	21.47852	20.65186	19.96221
23.55301	756	44	5	202	588848900971561910	23.37334	21.55787	21.05954	20.35263
23.66434	756	44	5	202	588848900971561932	25.48207	21.77886	21.5263	21.66818
23.39962	756	44	5	202	588848900971561952	23.5575	22.34789	22.25033	21.43251
23.75993	756	44	5	202	588848900971561958	23.86123	21.10325	20.0759	19.39784
23.64133	756	44	5	202	588848900971561973	23.78514	22.36653	21.62483	21.75155
23.36087	756	44	5	202	588848900971561976	23.17406	22.1146	21.74508	21.72616
23.45164	756	44	5	202	588848900971561988	24.79457	22.19602	21.78482	21.98439
24.65717	756	44	5	202	588848900971562042	23.41308	22.84658	21.58669	21.34187
25.24897	756	44	5	202	588848900971562066	24.76576	23.05862	21.58072	21.07009
23.47608	756	44	5	202	588848900971562089	25.48412	22.18696	20.9032	20.69055
23.1408	756	44	5	202	588848900971562098	25.60062	23.24059	21.50752	21.16297
25.72002	756	44	5	202	588848900971562154	24.51875	24.10259	22.03157	22.01845
26.71362	756	44	5	202	588848900971562172	26.55047	25.05256	23.43442	19.73169
26.88729	756	44	5	202	588848900971562206	23.90884	28.73585	28.15654	18.34687
24.43296	756	44	5	203	588848900971626522	25.08183	24.62715	21.4777	23.60583
22.08065	756	44	5	203	588848900971626533	22.90509	21.99366	21.24008	21.23912
22.59279	756	44	5	203	588848900971626536	24.37218	21.42638	21.37515	20.24082
25.10955	756	44	5	203	588848900971626553	24.63892	16.72777	16.2966	16.37757
19.22529	756	44	5	203	588848900971626555	20.76815	17.91411	18.80688	17.47489
24.02014	756	44	5	203	588848900971626556	23.81796	21.80191	20.87494	20.50516
22.50672	756	44	5	203	588848900971626571	25.41399	21.46717	20.65194	20.06682
21.70045	756	44	5	203	588848900971626639	21.68871	21.27063	20.81192	21.0745
23.92459	756	44	5	203	588848900971626670	27.13518	20.8998	21.55383	20.17857
19.66635	756	44	5	203	588848900971626703	22.70206	18.19647	17.13497	16.56112
20.41446	756	44	5	203	588848900971626742	21.6167	19.22353	18.70832	18.34588
20.63244	756	44	5	203	588848900971626746	22.33695	19.58718	19.09755	18.7325
22.67778	756	44	5	203	588848900971626752	22.56956	21.77781	21.70935	21.39216
26.3073	756	44	5	203	588848900971626805	21.77266	25.15821	23.37297	22.38839
20.41784	756	44	5	203	588848900971626824	21.41553	19.65243	19.18885	18.98815
21.41228	756	44	5	203	588848900971626896	22.29154	20.86848	20.79824	21.15865
22.61988	756	44	5	203	588848900971626908	24.71269	21.12711	20.58472	19.93851
22.76439	756	44	5	203	588848900971626912	24.12314	21.71355	20.47986	19.88397
21.20721	756	44	5	203	588848900971626915	22.57523	19.94645	19.40143	18.8883
22.09338	756	44	5	203	588848900971626918	23.67268	21.2326	21.16591	20.71401
22.88543	756	44	5	203	588848900971626921	22.78234	22.23073	21.77344	21.40163
22.72887	756	44	5	203	588848900971626930	23.63344	22.5995	21.91702	21.25232
23.96217	756	44	5	203	588848900971626943	24.59277	22.46064	22.74906	21.71068
21.79679	756	44	5	203	588848900971626973	23.7364	20.82451	20.31522	20.16505
20.73938	756	44	5	203	588848900971626980	22.32705	19.41549	18.92535	18.48628
21.62252	756	44	5	203	588848900971627007	22.50119	20.44357	19.90877	19.56898
23.6102	756	44	5	203	588848900971627008	23.22077	21.92071	21.30189	21.11731
22.416	756	44	5	203	588848900971627014	23.39812	21.42025	21.21457	20.91799
21.9701	756	44	5	203	588848900971627024	23.44737	22.46968	21.82325	21.02576
22.83065	756	44	5	203	588848900971627037	25.66182	21.66812	20.84433	20.19398
22.12632	756	44	5	203	588848900971627039	23.80674	21.66142	21.33139	20.64977
21.60228	756	44	5	203	588848900971627067	24.22595	20.82718	20.89793	20.11994
22.48113	756	44	5	203	588848900971627074	23.32468	20.69298	20.08181	19.41454
22.94002	756	44	5	203	588848900971627087	24.40214	22.13976	21.92626	21.87257
22.17936	756	44	5	203	588848900971627095	22.66162	21.00532	20.41019	20.17636
26.44072	756	44	5	203	588848900971627126	24.23766	22.13637	24.64263	24.41926
25.25986	756	44	5	203	588848900971627130	26.31303	22.47279	24.17038	22.49085
22.31709	756	44	5	203	588848900971627170	22.61543	21.00037	20.42271	20.31695
25.08385	756	44	5	203	588848900971627179	23.86535	22.52631	22.83464	22.13823
22.88804	756	44	5	203	588848900971627200	23.20741	22.04384	21.89133	21.59335
23.47445	756	44	5	203	588848900971627218	22.0656	21.37853	21.70731	22.08244
23.16041	756	44	5	203	588848900971627237	24.45616	21.94064	21.2373	20.41653
23.52432	756	44	5	203	588848900971627243	23.66679	21.65798	20.97789	20.52421
23.29492	756	44	5	203	588848900971627260	25.30721	21.65535	20.90929	20.6296
23.95503	756	44	5	203	588848900971627296	24.46622	22.70751	23.38565	21.74471
23.15945	756	44	5	203	588848900971627297	23.57565	21.85674	21.15037	20.87077
24.00805	756	44	5	203	588848900971627322	25.38644	21.94971	21.12349	20.72193
24.24978	756	44	5	203	588848900971627331	23.66712	22.28691	21.12957	20.45039
22.82806	756	44	5	203	588848900971627350	24.02443	22.34401	22.0785	21.44424
22.96868	756	44	5	203	588848900971627351	22.93398	21.45812	20.49824	20.26829
24.382	756	44	5	203	588848900971627359	23.49009	22.71968	22.06029	21.53003
22.38764	756	44	5	203	588848900971627360	23.17619	20.85619	20.53997	19.92846
23.29317	756	44	5	203	588848900971627365	23.47902	21.81079	20.89907	20.23804
23.81598	756	44	5	203	588848900971627420	24.41443	23.43048	21.3748	20.39129
23.79025	756	44	5	203	588848900971627433	23.46125	22.76476	21.89741	21.54791
23.82331	756	44	5	203	588848900971627471	26.11617	24.08132	22.07404	22.23041
27.22009	756	44	5	203	588848900971627507	20.38221	27.4532	26.31969	23.02604
24.41148	756	44	5	203	588848900971627509	21.27676	26.62876	25.50732	23.48139
22.83901	756	44	5	203	588848900971627517	23.91177	21.92949	22.4495	20.93503
23.4141	756	44	5	203	588848900971627518	23.3593	22.10144	23.17447	21.8632
24.05853	756	44	5	203	588848900971627519	25.3927	22.22572	22.1779	21.3346
23.63183	756	44	5	203	588848900971627521	26.87727	22.70277	20.85205	23.26004
21.63461	756	44	5	203	588848900971627525	20.89781	20.31577	20.34733	21.38462
23.14742	756	44	5	203	588848900971627526	22.11667	21.67516	22.42753	21.03217
24.81445	756	44	5	203	588848900971627534	23.38533	24.89238	21.93854	22.47156
25.68168	756	44	5	203	588848900971627535	23.7582	23.45227	21.81572	23.82746
23.35186	756	44	5	203	588848900971627539	23.07194	27.03121	25.00216	19.85069
24.47323	756	44	5	204	588848900971692079	23.41437	22.14456	21.32556	23.24289
23.57742	756	44	5	204	588848900971692108	23.54787	22.703	21.74455	21.97896
22.7412	756	44	5	204	588848900971692111	21.43896	22.37437	19.59427	25.1363
22.02492	756	44	5	204	588848900971692121	24.23378	20.83651	21.37858	20.16848
22.46541	756	44	5	204	588848900971692125	25.10316	21.51604	22.16	21.23098
25.84242	756	44	5	204	588848900971692135	25.82542	22.67943	21.64607	21.92587
22.59187	756	44	5	204	588848900971692191	24.8317	21.9852	21.33497	21.14068
21.58886	756	44	5	204	588848900971692275	22.89967	20.42263	19.81642	19.61531
21.56723	756	44	5	204	588848900971692304	23.24299	19.98929	19.32092	18.9494
24.69752	756	44	5	204	588848900971692344	21.72274	24.47944	25.56755	22.3087
24.88212	756	44	5	204	588848900971692350	21.65392	25.16843	23.12516	23.56067
21.91142	756	44	5	204	588848900971692417	23.94837	20.73992	20.43099	20.15468
22.14697	756	44	5	204	588848900971692436	26.28689	20.88102	20.53213	20.34337
22.95088	756	44	5	204	588848900971692443	22.93531	22.08645	21.60808	21.84076
21.72629	756	44	5	204	588848900971692463	22.14946	20.50631	20.08434	19.5578
21.35446	756	44	5	204	588848900971692467	24.74527	20.57554	20.22732	20.54752
22.25487	756	44	5	204	588848900971692478	24.57187	21.66421	21.66476	20.72911
21.9693	756	44	5	204	588848900971692486	22.52788	20.56944	20.06135	19.45846
22.30419	756	44	5	204	588848900971692503	22.87492	21.11894	20.99381	20.88544
22.5092	756	44	5	204	588848900971692527	24.24589	21.51773	21.35396	20.83542
23.31018	756	44	5	204	588848900971692563	24.88476	21.4006	20.66824	19.87319
23.40768	756	44	5	204	588848900971692569	23.85024	22.08071	21.45052	21.69911
23.81718	756	44	5	204	588848900971692606	23.00733	21.88402	21.38067	21.97862
22.6964	756	44	5	204	588848900971692609	23.96324	21.51929	21.1797	20.33158
23.27795	756	44	5	204	588848900971692627	24.49317	21.82337	21.36999	20.78906
18.79041	756	44	5	204	588848900971692630	30.10363	17.94732	29.14336	17.26001
22.61067	756	44	5	204	588848900971692642	22.78913	21.82756	20.93239	20.4004
23.41361	756	44	5	204	588848900971692651	24.88062	22.06322	22.45596	21.383
22.8831	756	44	5	204	588848900971692697	24.82903	21.67636	21.32313	21.36427
23.83847	756	44	5	204	588848900971692723	24.08364	21.9695	21.13929	20.9509
23.69876	756	44	5	204	588848900971692739	23.93769	22.11276	22.07676	21.90043
23.83983	756	44	5	204	588848900971692758	24.05091	22.17687	21.23289	20.8513
23.43167	756	44	5	204	588848900971692761	24.33496	21.78438	21.34792	20.36736
24.03014	756	44	5	204	588848900971692785	24.44096	21.9489	21.65716	22.23059
23.36223	756	44	5	204	588848900971692789	23.40027	21.34803	20.15579	19.61139
24.22476	756	44	5	204	588848900971692805	25.32864	22.73078	21.59342	20.82606
23.46554	756	44	5	204	588848900971692817	25.02558	21.88325	21.23971	21.53278
25.19708	756	44	5	204	588848900971692833	25.82666	23.26865	21.69254	21.21531
23.84012	756	44	5	204	588848900971692837	25.97606	22.93727	21.26627	20.51199
24.56453	756	44	5	204	588848900971692855	26.34131	23.5612	21.71524	20.7998
24.39548	756	44	5	204	588848900971692936	26.07678	23.03009	21.82722	20.733
21.62001	756	44	5	204	588848900971692968	19.28244	22.61587	26.77641	19.72136
21.79242	756	44	5	204	588848900971692974	21.34036	20.371	21.11613	24.60836
23.87524	756	44	5	204	588848900971692983	23.61875	22.98307	21.62265	20.92679
22.97986	756	44	5	204	588848900971692987	24.32275	22.03949	20.84241	20.93679
22.72081	756	44	5	205	588848900971757616	22.27046	20.9073	20.21242	19.58335
16.43775	756	44	5	205	588848900971757669	17.70995	15.70869	15.29763	14.99286
25.21129	756	44	5	205	588848900971757716	25.11797	23.03663	21.77955	23.86887
20.92361	756	44	5	205	588848900971757776	23.31729	19.47711	18.93903	18.42367
21.8864	756	44	5	205	588848900971757855	21.43824	20.74236	20.31841	21.07424
22.85082	756	44	5	205	588848900971757913	23.22012	21.67647	21.04862	20.90245
20.93943	756	44	5	205	588848900971757961	22.22206	19.84508	19.36895	18.95342
21.13035	756	44	5	205	588848900971757972	23.5215	19.87534	19.24396	18.77246
20.90747	756	44	5	205	588848900971757989	22.33262	20.08355	19.70011	19.6249
21.2208	756	44	5	205	588848900971758003	22.53809	20.17483	19.74621	19.33562
22.62211	756	44	5	205	588848900971758064	23.62647	21.55746	21.16333	20.87001
21.92652	756	44	5	205	588848900971758076	24.4594	20.54725	19.91462	19.49683
23.25266	756	44	5	205	588848900971758120	23.8004	22.49045	23.47171	21.79437
23.15122	756	44	5	205	588848900971758124	27.18432	21.4566	21.2888	20.52955
22.74583	756	44	5	205	588848900971758129	21.89322	21.30666	21.27537	21.30598
23.3058	756	44	5	205	588848900971758140	25.05462	21.51174	20.93831	20.32513
24.65648	756	44	5	205	588848900971758142	26.01744	22.29301	24.36622	22.93433
23.54179	756	44	5	205	588848900971758144	24.20797	21.74809	21.22265	20.71356
24.0612	756	44	5	205	588848900971758186	24.28889	22.139	21.55265	20.82566
24.20119	756	44	5	205	588848900971758204	24.68222	22.53298	21.272	20.6886
22.79581	756	44	5	205	588848900971758206	22.99955	21.71863	21.51973	21.5959
25.93699	756	44	5	205	588848900971758212	25.7112	25.10658	21.84162	21.92461
23.03569	756	44	5	205	588848900971758222	24.27901	21.6414	21.12482	20.54301
22.55047	756	44	5	205	588848900971758250	25.00911	20.51983	19.71994	18.96427
23.36529	756	44	5	205	588848900971758260	23.35037	22.03246	20.72768	20.42761
23.70938	756	44	5	205	588848900971758264	26.05729	22.02676	21.84128	21.36555
23.36423	756	44	5	205	588848900971758290	22.69309	21.85048	20.47652	19.5577
25.17108	756	44	5	205	588848900971758291	25.99347	22.38016	24.85788	21.82757
23.76461	756	44	5	205	588848900971758293	24.57075	22.19315	21.92132	21.20778
23.5758	756	44	5	205	588848900971758301	25.51562	22.09725	22.64626	21.11638
22.50181	756	44	5	205	588848900971758312	24.44436	21.28131	20.57652	20.18213
25.54406	756	44	5	205	588848900971758321	24.8056	21.94598	21.28952	20.4914
23.39279	756	44	5	205	588848900971758332	24.1617	21.91278	20.93664	20.16682
23.28452	756	44	5	205	588848900971758339	25.78555	23.57445	19.90817	23.78941
23.38174	756	44	5	205	588848900971758342	22.45411	22.03211	21.22121	20.30471
22.96286	756	44	5	205	588848900971758358	23.60474	22.32771	24.12115	21.90635
24.28034	756	44	5	205	588848900971758393	23.92754	23.44134	21.86487	21.16068
23.38981	756	44	5	205	588848900971758428	24.89828	22.42336	21.72989	21.42715
24.65308	756	44	5	205	588848900971758442	25.66654	23.22913	21.98533	20.67807
22.58411	756	44	5	205	588848900971758455	24.94158	21.59221	20.82724	20.08456
25.42669	756	44	5	205	588848900971758458	24.50233	22.82666	22.07106	20.63445
23.72239	756	44	5	205	588848900971758482	23.87791	23.24455	21.61096	20.77527
23.37328	756	44	5	205	588848900971758524	23.31018	21.9895	21.81071	22.03173
25.4405	756	44	5	206	588848900971823151	23.46209	25.33259	23.0704	20.28075
20.54672	756	44	5	206	588848900971823155	22.03425	19.45102	18.9778	18.48073
20.95039	756	44	5	206	588848900971823159	22.1518	20.37399	21.06286	20.17586
20.6559	756	44	5	206	588848900971823282	21.94121	19.0325	18.27077	17.77569
20.25015	756	44	5	206	588848900971823309	22.53819	18.42933	17.73816	17.24466
19.83908	756	44	5	206	588848900971823315	22.67006	18.07885	17.52454	17.10608
22.13523	756	44	5	206	588848900971823317	24.14615	20.25261	19.5556	19.01619
19.67711	756	44	5	206	588848900971823323	21.10395	18.58858	18.06193	17.63571
24.1786	756	44	5	206	588848900971823367	25.56585	22.39207	22.7646	22.27665
22.07318	756	44	5	206	588848900971823371	23.58309	20.9882	20.70415	20.15338
22.40326	756	44	5	206	588848900971823399	24.32264	21.55093	21.03056	20.81645
22.46388	756	44	5	206	588848900971823403	25.79552	21.03034	20.45335	20.09378
21.93484	756	44	5	206	588848900971823419	24.94585	20.46541	20.1317	19.43361
22.43112	756	44	5	206	588848900971823420	24.90757	21.83516	21.24444	21.81111
21.5722	756	44	5	206	588848900971823443	24.02366	20.91524	20.55672	21.29598
20.38998	756	44	5	206	588848900971823444	22.00632	19.19116	18.63971	18.44444
21.9131	756	44	5	206	588848900971823462	23.77779	20.60762	20.23676	19.67975
22.00964	756	44	5	206	588848900971823477	25.17579	20.99023	20.58869	20.07453
21.37733	756	44	5	206	588848900971823498	22.90755	20.29156	19.8107	19.46603
22.17072	756	44	5	206	588848900971823531	22.33811	21.4551	21.26227	21.4801
21.50131	756	44	5	206	588848900971823532	23.0649	20.2021	19.42136	18.91862
21.62966	756	44	5	206	588848900971823569	25.52286	21.3482	20.00839	20.9131
22.08417	756	44	5	206	588848900971823576	22.29191	21.19363	20.62716	20.75149
22.07431	756	44	5	206	588848900971823602	25.76253	20.26908	19.68307	19.25501
21.44023	756	44	5	206	588848900971823630	23.27145	20.33892	19.94001	19.50798
23.20134	756	44	5	206	588848900971823683	24.15105	21.81912	21.27399	20.82699
23.0801	756	44	5	206	588848900971823697	23.87439	21.81897	21.6993	20.81988
23.13913	756	44	5	206	588848900971823698	24.11448	22.37932	21.45242	20.74813
23.50042	756	44	5	206	588848900971823714	22.91871	21.58494	21.17218	20.74194
23.30786	756	44	5	206	588848900971823719	23.21993	22.1912	21.94874	21.54778
23.8079	756	44	5	206	588848900971823720	25.58207	22.37747	21.99458	21.65325
23.57195	756	44	5	206	588848900971823726	25.32134	22.56119	22.48035	21.63996
23.41742	756	44	5	206	588848900971823728	23.60258	22.53388	22.06378	21.51555
23.0349	756	44	5	206	588848900971823761	24.59147	22.48712	21.66798	21.85877
22.28408	756	44	5	206	588848900971823762	21.828	22.39895	19.25469	25.32552
28.39974	756	44	5	206	588848900971823765	25.48415	22.98087	19.29483	22.30626
23.99417	756	44	5	206	588848900971823767	23.95691	22.6768	21.94567	21.30903
22.06001	756	44	5	206	588848900971823786	25.05417	21.06058	20.59942	20.56007
23.61062	756	44	5	206	588848900971823790	23.37144	22.05816	22.19176	20.9339
24.40269	756	44	5	206	588848900971823798	25.51676	22.35977	23.37647	22.95955
23.68626	756	44	5	206	588848900971823799	25.13123	22.61647	22.01824	21.29973
23.72184	756	44	5	206	588848900971823810	24.08028	22.35811	22.52871	22.05812
24.84225	756	44	5	206	588848900971823818	25.8739	21.89443	22.35051	22.81333
24.84278	756	44	5	206	588848900971823822	24.54545	22.06311	21.24483	21.31989
23.28532	756	44	5	206	588848900971823837	25.00151	22.2747	21.14572	20.60868
23.18403	756	44	5	206	588848900971823842	25.76698	20.91457	19.62228	18.88265
23.14188	756	44	5	206	588848900971823849	22.96492	22.42174	22.94338	23.20103
24.33596	756	44	5	206	588848900971823856	23.64249	22.50303	21.83793	22.52134
23.16984	756	44	5	206	588848900971823867	24.78849	21.61271	21.1128	20.8446
23.22352	756	44	5	206	588848900971823890	24.76154	22.07569	21.43031	20.52187
23.14771	756	44	5	206	588848900971823893	23.00577	21.64087	20.8926	20.13812
23.46533	756	44	5	206	588848900971823905	23.3507	22.31644	21.79869	22.61069
23.82399	756	44	5	206	588848900971823912	23.52154	22.14831	22.13902	21.64357
23.97345	756	44	5	206	588848900971823927	23.54965	21.93665	20.95573	21.63763
23.6023	756	44	5	206	588848900971823933	25.37875	23.06503	21.86066	21.98995
23.97401	756	44	5	206	588848900971824008	25.76789	22.76816	21.75916	20.89694
24.55189	756	44	5	206	588848900971824028	24.38836	23.11558	21.61712	21.58516
22.72702	756	44	5	207	588848900971888719	23.78543	22.6698	22.16195	23.8955
22.9617	756	44	5	207	588848900971888741	24.99826	21.88533	21.64316	21.35008
20.95058	756	44	5	207	588848900971888779	22.86829	19.49088	19.10579	18.69622
20.2031	756	44	5	207	588848900971888931	23.54448	18.67781	18.03937	17.65902
25.42089	756	44	5	207	588848900971888995	22.07967	26.32511	23.91175	22.55232
24.31924	756	44	5	207	588848900971889024	21.73425	24.44315	25.04729	24.04078
22.6475	756	44	5	207	588848900971889050	23.82952	22.06829	21.99339	20.76647
22.1181	756	44	5	207	588848900971889068	22.80334	20.7912	20.60928	19.92887
22.99616	756	44	5	207	588848900971889080	24.64693	22.47474	21.9337	21.46841
23.04001	756	44	5	207	588848900971889094	25.34797	22.36719	21.59406	21.71174
22.76745	756	44	5	207	588848900971889100	22.34573	22.21614	21.6548	22.91677
22.04341	756	44	5	207	588848900971889105	22.61026	21.08622	20.69431	20.23657
22.40653	756	44	5	207	588848900971889142	24.60796	21.29398	20.955	20.41569
22.27644	756	44	5	207	588848900971889167	22.86318	21.64962	21.76019	21.70214
22.71468	756	44	5	207	588848900971889170	25.67887	21.86001	21.5457	21.25113
21.68569	756	44	5	207	588848900971889172	23.13352	21.38563	21.0518	20.71108
22.56803	756	44	5	207	588848900971889176	24.97133	21.21108	20.5807	20.2422
22.44288	756	44	5	207	588848900971889178	23.17861	21.5044	21.44065	20.9495
22.79581	756	44	5	207	588848900971889182	23.73691	21.00726	20.63477	20.09898
22.21226	756	44	5	207	588848900971889186	23.42322	20.65658	20.07627	19.65129
23.66304	756	44	5	207	588848900971889197	25.1093	21.89987	20.99029	20.69098
22.76697	756	44	5	207	588848900971889234	24.308	21.68803	21.24427	21.11592
22.62902	756	44	5	207	588848900971889242	24.29529	21.92604	21.34509	21.70756
24.42485	756	44	5	207	588848900971889250	26.02456	22.9815	21.92117	21.92066
21.60081	756	44	5	207	588848900971889256	27.11478	20.25044	19.46768	19.12895
21.50513	756	44	5	207	588848900971889259	25.94506	19.88935	19.21523	18.8469
22.46469	756	44	5	207	588848900971889276	25.82529	21.68419	21.32026	20.83711
22.21366	756	44	5	207	588848900971889323	22.97922	21.34928	21.03527	20.08116
25.00978	756	44	5	207	588848900971889335	25.61009	22.57278	24.09061	23.50006
23.34678	756	44	5	207	588848900971889363	24.34612	21.11697	20.44581	20.21342
23.44809	756	44	5	207	588848900971889375	24.86488	21.6469	20.68405	20.77798
23.01599	756	44	5	207	588848900971889397	24.12539	21.29793	21.2668	21.48817
23.61358	756	44	5	207	588848900971889414	24.2474	21.70648	21.15256	21.14769
23.2827	756	44	5	207	588848900971889433	23.6026	22.02503	21.19164	20.77194
23.23507	756	44	5	207	588848900971889441	23.10536	21.59911	20.93904	20.42278
22.08532	756	44	5	207	588848900971889477	24.92517	20.94943	20.48277	19.80792
23.94231	756	44	5	207	588848900971889481	23.9679	21.83444	20.78727	20.25767
24.28059	756	44	5	207	588848900971889502	24.00129	22.37252	21.45378	21.19758
24.091	756	44	5	207	588848900971889505	25.89341	22.39299	21.59412	23.12705
23.32051	756	44	5	207	588848900971889547	25.15775	21.55505	20.83476	20.57232
24.18386	756	44	5	207	588848900971889553	24.4996	22.40208	21.2536	19.92385
22.94883	756	44	5	207	588848900971889563	23.02658	22.32963	22.30159	21.02189
24.29914	756	44	5	207	588848900971889588	25.16392	22.71274	21.38102	20.23474
24.22606	756	44	5	207	588848900971889606	23.58037	22.26504	20.38671	19.81368
24.02606	756	44	5	207	588848900971889615	26.02731	22.72368	21.61797	21.78851
23.86545	756	44	5	207	588848900971889635	24.16021	22.74797	21.88185	21.1848
23.49056	756	44	5	207	588848900971889640	24.34682	22.89585	21.48179	21.76349
22.60195	756	44	5	207	588848900971889725	25.08292	21.96933	22.15692	20.6573
24.53831	756	44	5	207	588848900971889734	24.00411	22.59757	21.42402	21.12117
24.8419	756	44	5	208	588848900971954192	24.14972	22.61235	21.39972	21.1669
22.25466	756	44	5	208	588848900971954197	24.22531	21.28493	24.16418	23.00878
23.03825	756	44	5	208	588848900971954198	24.70246	21.51223	24.10966	22.74533
25.78057	756	44	5	208	588848900971954230	26.4381	22.77752	21.27566	20.53684
21.49875	756	44	5	208	588848900971954358	23.33265	20.11002	19.58502	18.94057
22.88634	756	44	5	208	588848900971954426	23.06327	22.03176	21.10193	21.55798
22.651	756	44	5	208	588848900971954428	26.08538	21.59289	21.71745	21.42587
24.05202	756	44	5	208	588848900971954450	25.04038	22.0609	21.61261	21.00998
21.66392	756	44	5	208	588848900971954540	22.34212	20.96701	20.6695	20.65125
20.51005	756	44	5	208	588848900971954542	21.80108	19.5823	19.14051	18.69214
25.33913	756	44	5	208	588848900971954547	21.74449	24.25473	23.73908	24.09472
22.79557	756	44	5	208	588848900971954592	23.16228	22.4479	21.97804	22.39113
22.29896	756	44	5	208	588848900971954598	22.87313	21.32228	21.04332	20.71551
21.82119	756	44	5	208	588848900971954631	22.7936	20.18128	19.44341	18.85905
21.64374	756	44	5	208	588848900971954634	22.30784	20.52656	20.09394	19.4453
21.07333	756	44	5	208	588848900971954662	22.4349	20.38226	20.10127	19.8015
21.02842	756	44	5	208	588848900971954667	22.4071	20.12887	19.72963	19.48476
21.88793	756	44	5	208	588848900971954668	24.68982	21.08586	20.74634	20.32179
22.91253	756	44	5	208	588848900971954687	24.32046	24.5631	24.69329	23.18023
21.88194	756	44	5	208	588848900971954731	22.09282	21.3834	21.12658	20.46326
21.4727	756	44	5	208	588848900971954733	23.50372	20.57968	20.252	19.8062
22.28204	756	44	5	208	588848900971954736	23.3082	21.04751	20.6333	19.99739
22.31096	756	44	5	208	588848900971954758	23.91282	21.65267	21.21736	21.53666
22.42807	756	44	5	208	588848900971954774	22.86353	21.84691	21.6174	21.52933
22.66645	756	44	5	208	588848900971954781	23.24622	21.47476	21.1757	20.41722
21.5147	756	44	5	208	588848900971954793	22.44088	20.50693	20.18442	19.74497
22.03452	756	44	5	208	588848900971954882	21.2823	20.86386	20.95728	20.17869
22.71009	756	44	5	208	588848900971954908	25.10505	21.11573	20.17457	19.59558
23.81886	756	44	5	208	588848900971954909	25.11172	23.04781	21.72592	22.17164
22.92892	756	44	5	208	588848900971954962	26.64616	21.74641	20.93268	21.98191
23.29728	756	44	5	208	588848900971954976	22.59727	21.76169	21.09183	20.58543
25.48826	756	44	5	208	588848900971954978	25.11621	22.26529	24.14794	23.13146
23.81347	756	44	5	208	588848900971954981	25.06899	21.55363	20.71107	20.03548
23.60604	756	44	5	208	588848900971954984	23.67414	22.27894	21.80503	21.50403
23.82541	756	44	5	208	588848900971954988	24.53557	21.96938	21.41699	20.86872
24.21066	756	44	5	208	588848900971954990	25.13301	21.79064	20.68871	20.53718
23.37461	756	44	5	208	588848900971954991	23.97616	21.31082	20.44115	19.7753
22.90097	756	44	5	208	588848900971955000	24.25588	21.33803	20.95084	19.95349
23.54949	756	44	5	208	588848900971955021	22.68288	22.17136	22.53733	21.56706
22.85895	756	44	5	208	588848900971955030	22.68316	21.29945	20.87289	20.20754
23.0097	756	44	5	208	588848900971955045	25.26913	21.86442	21.50237	20.85079
23.19408	756	44	5	208	588848900971955064	24.30324	21.81508	21.60877	20.83911
22.99989	756	44	5	208	588848900971955065	25.02886	21.3664	21.56174	21.03294
22.90713	756	44	5	208	588848900971955086	22.97415	21.63459	21.0288	20.54173
23.97013	756	44	5	208	588848900971955129	22.91146	23.26786	21.48672	20.20602
25.4747	756	44	5	208	588848900971955146	24.13027	23.17892	21.5384	21.39794
24.17855	756	44	5	208	588848900971955148	25.35588	22.50282	20.75122	21.86276
24.70402	756	44	5	208	588848900971955150	23.37402	24.32383	22.12543	21.59476
24.2714	756	44	5	208	588848900971955163	23.32111	22.93466	21.51862	21.91394
24.66812	756	44	5	208	588848900971955175	23.64079	23.87546	21.93758	23.02572
25.16859	756	44	5	208	588848900971955201	25.03031	22.95627	21.74172	21.20162
23.28403	756	44	5	208	588848900971955270	23.49	22.09883	21.66268	21.17937
24.00371	756	44	5	208	588848900971955281	23.11785	22.8893	21.95045	20.83716
20.61072	756	44	5	209	588848900972019724	22.32853	19.39498	18.79299	18.46616
23.51096	756	44	5	209	588848900972019731	23.30041	21.98489	21.46694	20.68599
20.98837	756	44	5	209	588848900972019790	22.18863	19.50456	18.93921	18.53838
21.44179	756	44	5	209	588848900972019939	25.42954	19.61838	18.97792	18.66754
21.47185	756	44	5	209	588848900972020025	21.06311	20.91888	20.41819	20.92124
22.28593	756	44	5	209	588848900972020067	23.77448	21.99756	21.95418	22.15088
22.54254	756	44	5	209	588848900972020069	24.14141	20.75444	19.87086	19.12696
22.26452	756	44	5	209	588848900972020109	25.69077	21.52438	21.04303	20.87295
22.63627	756	44	5	209	588848900972020128	23.27704	22.60098	21.67424	21.29462
22.8389	756	44	5	209	588848900972020130	23.89118	23.27461	22.49866	21.72493
21.98322	756	44	5	209	588848900972020165	23.52515	21.29087	21.15033	21.53653
22.3257	756	44	5	209	588848900972020181	23.88791	20.9274	19.88439	19.72295
22.20813	756	44	5	209	588848900972020188	22.76918	21.39567	21.22545	20.97168
24.08479	756	44	5	209	588848900972020197	23.96595	23.08732	22.02527	21.14164
22.1505	756	44	5	209	588848900972020209	23.05023	21.64913	21.25582	21.40667
21.93842	756	44	5	209	588848900972020216	24.16786	20.47049	19.27474	18.79683
22.45887	756	44	5	209	588848900972020225	23.88813	21.59009	21.40968	21.00833
22.2674	756	44	5	209	588848900972020296	25.75514	20.63874	20.00612	19.59326
21.76577	756	44	5	209	588848900972020302	25.72679	20.90769	19.80596	19.35372
21.03093	756	44	5	209	588848900972020328	22.87178	20.02373	19.55661	19.11752
22.65086	756	44	5	209	588848900972020350	22.59156	22.04286	21.69535	21.22108
22.74208	756	44	5	209	588848900972020353	23.72657	22.02183	21.80461	22.8572
21.94906	756	44	5	209	588848900972020355	24.88537	21.01918	20.07196	19.89291
22.28817	756	44	5	209	588848900972020366	23.01327	20.93443	20.35788	19.72335
23.16313	756	44	5	209	588848900972020375	23.8591	21.83324	21.56714	20.84916
23.43701	756	44	5	209	588848900972020396	24.72891	21.49171	20.85541	20.76016
23.45989	756	44	5	209	588848900972020415	23.79231	21.33953	20.52393	20.11844
23.74108	756	44	5	209	588848900972020424	24.39239	22.56021	21.50514	20.55464
22.57478	756	44	5	209	588848900972020425	27.15578	20.71852	20.97709	19.77333
23.20519	756	44	5	209	588848900972020452	25.78779	22.21176	22.48796	21.19298
23.29542	756	44	5	209	588848900972020455	23.69362	22.21771	21.70788	21.27844
23.44479	756	44	5	209	588848900972020465	23.52241	22.04623	21.41635	21.13773
24.16034	756	44	5	209	588848900972020468	23.1333	21.98793	21.50188	23.23327
23.47391	756	44	5	209	588848900972020497	24.043	22.04213	21.5249	21.38843
23.40502	756	44	5	209	588848900972020544	24.7943	22.35573	22.23046	21.42003
22.6607	756	44	5	209	588848900972020548	22.77488	21.92854	21.19512	21.31467
23.30861	756	44	5	209	588848900972020553	23.47586	22.3223	21.82671	23.34068
23.44432	756	44	5	209	588848900972020561	25.01756	21.56905	20.98218	20.05993
24.0506	756	44	5	209	588848900972020566	23.8339	22.41428	22.93801	21.93111
24.09927	756	44	5	209	588848900972020567	23.68091	22.4153	21.83507	21.99978
21.99757	756	44	5	209	588848900972020568	21.66498	21.23785	20.90635	20.23312
23.43704	756	44	5	209	588848900972020580	26.06584	21.79688	20.80347	19.97777
23.03419	756	44	5	209	588848900972020581	23.33867	21.98204	22.00098	22.34827
22.93117	756	44	5	209	588848900972020590	24.07659	21.85707	21.46054	21.45844
22.70366	756	44	5	209	588848900972020591	24.53911	21.79959	21.45484	21.56789
22.65859	756	44	5	209	588848900972020603	22.56274	20.70178	19.76057	19.48237
23.27924	756	44	5	209	588848900972020618	25.17009	21.69633	20.63456	20.07569
25.6533	756	44	5	209	588848900972020703	26.05694	22.87161	21.1914	21.03732
23.00526	756	44	5	209	588848900972020709	23.19897	22.81124	21.12167	20.91497
23.90044	756	44	5	209	588848900972020721	23.82531	23.80512	21.7008	20.95086
23.59978	756	44	5	209	588848900972020725	23.33142	22.79226	21.9363	21.06581
24.39218	756	44	5	209	588848900972020737	23.99693	23.30125	21.55064	20.43785
26.21306	756	44	5	209	588848900972020740	24.26796	23.76158	21.92198	20.967
23.56771	756	44	5	209	588848900972020745	25.16958	22.66302	21.83092	21.04636
22.26078	756	44	5	209	588848900972020771	23.39534	21.61045	21.45684	22.82288
23.30637	756	44	5	209	588848900972020780	24.72311	23.15098	21.93697	21.04329
23.42481	756	44	5	209	588848900972020782	24.26291	22.32899	21.439	20.60456
23.27201	756	44	5	209	588848900972020784	23.7126	24.95177	25.8554	19.42486
22.35775	756	44	5	210	588848900972085277	24.35766	21.64025	24.35942	23.96522
22.83536	756	44	5	210	588848900972085306	24.79807	21.39137	20.80815	20.71569
23.3752	756	44	5	210	588848900972085309	22.36951	21.31035	24.3522	21.01982
23.69703	756	44	5	210	588848900972085355	25.01605	22.57906	21.69219	20.30352
23.02284	756	44	5	210	588848900972085399	27.22602	21.06168	18.07422	18.96977
21.70867	756	44	5	210	588848900972085426	22.31407	21.03498	20.89345	20.88158
25.0022	756	44	5	210	588848900972085471	25.15229	22.73242	21.85859	22.37237
20.41271	756	44	5	210	588848900972085528	21.15401	19.42854	19.15488	18.75671
20.85224	756	44	5	210	588848900972085540	21.97465	19.79517	19.26851	18.96145
20.77948	756	44	5	210	588848900972085579	22.1431	19.94939	19.50973	19.16521
21.18024	756	44	5	210	588848900972085582	23.75534	19.7262	19.13122	18.72427
19.97499	756	44	5	210	588848900972085630	20.5481	18.9796	18.62927	18.22856
22.30654	756	44	5	210	588848900972085666	23.74158	21.55529	21.39982	20.55597
22.38589	756	44	5	210	588848900972085700	24.97473	21.404	21.63675	21.00126
22.61855	756	44	5	210	588848900972085720	24.57663	22.14219	21.77816	22.25818
22.55399	756	44	5	210	588848900972085745	24.29923	21.57197	21.2032	20.77399
22.51407	756	44	5	210	588848900972085748	23.80859	22.01808	21.63202	21.98244
23.06181	756	44	5	210	588848900972085753	24.07146	21.93279	21.15668	20.56907
22.77172	756	44	5	210	588848900972085780	24.55744	22.69617	21.66737	21.70519
20.9096	756	44	5	210	588848900972085793	22.07871	20.2114	19.87746	19.68532
22.62766	756	44	5	210	588848900972085812	23.48281	20.78216	20.13687	19.5897
20.77283	756	44	5	210	588848900972085829	22.35033	19.85687	19.33228	19.19597
22.21165	756	44	5	210	588848900972085831	23.30925	22.19747	22.15468	20.49691
22.82882	756	44	5	210	588848900972085832	24.43873	23.10006	22.3807	22.13993
22.78462	756	44	5	210	588848900972085838	22.90061	21.73979	21.16226	20.68599
22.87648	756	44	5	210	588848900972085848	23.36942	21.19526	20.81138	20.47094
22.47006	756	44	5	210	588848900972085864	24.07847	21.53118	21.07902	20.80618
22.55576	756	44	5	210	588848900972085869	25.38122	21.9745	22.09808	21.74522
22.0974	756	44	5	210	588848900972085885	22.07879	21.52605	21.08278	20.18241
21.19587	756	44	5	210	588848900972085922	22.79529	20.42316	20.15656	20.03932
19.72335	756	44	5	210	588848900972085949	20.18912	19.26416	18.80955	18.06028
23.35292	756	44	5	210	588848900972085951	23.50354	21.70347	21.05409	20.50723
22.93697	756	44	5	210	588848900972085963	23.61523	21.84604	21.29834	20.34059
22.95103	756	44	5	210	588848900972085970	25.02907	21.88154	21.40197	20.56079
23.97147	756	44	5	210	588848900972085986	25.04591	22.45571	21.29518	20.5635
23.21247	756	44	5	210	588848900972086003	23.71156	22.26196	22.08609	22.3408
24.07405	756	44	5	210	588848900972086050	25.1251	22.04728	21.54756	20.68597
23.94099	756	44	5	210	588848900972086051	25.68882	21.92723	20.95654	21.71391
23.62601	756	44	5	210	588848900972086058	24.79579	21.81362	20.68259	20.24212
23.64097	756	44	5	210	588848900972086059	25.51079	22.08249	21.205	20.78779
22.65718	756	44	5	210	588848900972086066	24.21402	21.66639	21.8042	20.74821
22.71299	756	44	5	210	588848900972086114	24.87678	21.25462	20.47617	19.90098
23.46053	756	44	5	210	588848900972086129	25.89384	22.17443	22.26921	22.9682
24.05764	756	44	5	210	588848900972086144	24.43835	21.84749	21.32801	19.901
22.99691	756	44	5	210	588848900972086148	25.70254	21.27805	20.30518	19.67311
22.76274	756	44	5	210	588848900972086149	23.19723	21.68427	21.43082	21.07465
24.46086	756	44	5	210	588848900972086163	24.19673	22.19957	22.69256	20.60924
25.01762	756	44	5	210	588848900972086211	23.68731	23.03247	21.20877	20.94907
25.04165	756	44	5	210	588848900972086220	25.80315	23.20802	21.70796	20.57617
23.91585	756	44	5	210	588848900972086240	24.65095	22.77864	22.03241	21.69786
22.40013	756	44	5	210	588848900972086249	22.40893	20.86177	19.81873	19.34385
23.45242	756	44	5	210	588848900972086264	23.56167	22.8945	21.86049	21.30716
26.52121	756	44	5	210	588848900972086269	20.5837	23.23061	19.72897	19.75327
22.78379	756	44	5	210	588848900972086311	22.92583	22.32696	21.52096	20.76811
10.1825	756	44	5	211	588848900972150802	11.53795	9.58546	13.59445	10.50213
25.13639	756	44	5	211	588848900972150832	25.30264	23.67171	21.33043	23.95346
20.41849	756	44	5	211	588848900972150865	22.2019	19.43167	18.99443	18.72815
19.82896	756	44	5	211	588848900972151002	21.75582	18.43104	17.88549	17.49341
19.83064	756	44	5	211	588848900972151017	21.5911	18.44556	17.83619	17.33219
22.65639	756	44	5	211	588848900972151064	23.67924	21.47845	21.31595	21.05575
31.03471	756	44	5	211	588848900972151101	17.9719	31.01926	29.00725	26.95381
22.67462	756	44	5	211	588848900972151112	22.02424	22.39357	22.33027	21.4477
20.01764	756	44	5	211	588848900972151122	21.09488	19.25561	18.88558	18.75023
21.30308	756	44	5	211	588848900972151203	22.06558	20.63274	20.51789	20.44974
22.77095	756	44	5	211	588848900972151204	25.59313	22.94321	22.91349	22.99998
22.98082	756	44	5	211	588848900972151212	24.39841	21.24265	20.42515	20.17753
22.45048	756	44	5	211	588848900972151223	23.78383	21.25617	20.91033	21.07077
23.34512	756	44	5	211	588848900972151247	23.52449	21.29663	20.32701	19.87247
22.25635	756	44	5	211	588848900972151271	22.83053	21.67721	21.30491	21.54406
22.81824	756	44	5	211	588848900972151273	23.60653	21.99504	21.5737	21.35063
22.76057	756	44	5	211	588848900972151277	23.30808	21.8964	21.4693	22.13453
22.45126	756	44	5	211	588848900972151282	24.481	20.96455	20.452	20.11419
20.63208	756	44	5	211	588848900972151292	21.47806	20.29211	19.96885	20.04119
22.754	756	44	5	211	588848900972151298	22.59007	22.06231	21.60658	22.33301
20.06242	756	44	5	211	588848900972151326	21.386	19.16206	18.735	18.54799
21.39405	756	44	5	211	588848900972151337	21.79073	20.38297	20.00734	19.41884
20.93615	756	44	5	211	588848900972151358	21.79713	19.99474	19.54769	19.26448
22.1445	756	44	5	211	588848900972151382	23.09296	21.82258	21.97033	21.69891
22.9375	756	44	5	211	588848900972151407	23.36394	22.41774	22.95163	22.8874
22.82287	756	44	5	211	588848900972151413	23.26537	21.98247	21.63762	22.00434
21.67788	756	44	5	211	588848900972151417	24.62655	20.32152	19.91315	19.41618
22.39061	756	44	5	211	588848900972151424	23.3357	21.47109	21.07256	20.39479
22.4182	756	44	5	211	588848900972151427	24.77797	22.3292	22.72863	21.50373
20.95343	756	44	5	211	588848900972151429	22.66101	19.9966	19.49996	19.23651
22.69428	756	44	5	211	588848900972151439	23.35634	21.73598	21.35508	21.06457
23.65748	756	44	5	211	588848900972151472	24.55478	22.19058	21.9378	21.44308
22.67628	756	44	5	211	588848900972151488	23.5481	21.21198	20.55507	20.17576
23.23562	756	44	5	211	588848900972151531	23.82619	22.21853	21.98634	20.9197
23.98976	756	44	5	211	588848900972151546	25.27995	21.75056	21.07302	20.38544
23.7742	756	44	5	211	588848900972151581	25.50837	22.08481	21.76685	21.42794
24.37733	756	44	5	211	588848900972151583	25.18283	22.01855	20.8875	20.56453
23.47881	756	44	5	211	588848900972151600	24.3144	22.34344	21.19646	20.42103
23.13166	756	44	5	211	588848900972151623	23.19058	21.9657	21.23002	21.35871
23.77173	756	44	5	211	588848900972151637	23.80257	22.1199	22.21041	21.76615
24.32664	756	44	5	211	588848900972151651	24.55382	22.42086	21.33018	21.20054
23.09348	756	44	5	211	588848900972151653	23.05663	21.64276	21.53156	21.34553
24.89876	756	44	5	211	588848900972151658	25.74682	22.30035	21.49619	21.3723
23.92481	756	44	5	211	588848900972151665	26.00675	21.79233	20.67898	20.23453
23.16616	756	44	5	211	588848900972151676	23.33135	22.21725	20.89432	20.47769
23.21757	756	44	5	211	588848900972151718	25.12534	22.34577	21.31624	20.91523
23.60687	756	44	5	211	588848900972151738	23.06968	22.66168	21.78892	21.28355
23.92989	756	44	5	211	588848900972151782	24.51542	23.30904	21.75747	21.12627
24.53837	756	44	5	211	588848900972151786	24.88689	23.62717	21.82554	21.22484
24.13914	756	44	5	211	588848900972151807	23.67816	23.46059	22.1586	21.78493
23.8615	756	44	5	211	588848900972151811	24.24981	22.75759	21.52349	21.09051
25.84568	756	44	5	211	588848900972151822	25.25191	24.62552	25.08501	19.86091
23.34143	756	44	5	211	588848900972151850	25.98342	21.872	22.04827	21.52956
25.70148	756	44	5	211	588848900972151860	28.2194	22.25184	19.99375	23.44074
23.59392	756	44	5	212	588848900972216334	23.5792	23.53448	21.47265	21.53459
20.87357	756	44	5	212	588848900972216392	21.98752	20.2635	19.90994	19.90354
21.91703	756	44	5	212	588848900972216409	21.58915	23.52758	22.82127	20.29267
22.32692	756	44	5	212	588848900972216455	23.21656	21.27912	20.68269	19.9887
21.959	756	44	5	212	588848900972216456	24.16536	20.73762	20.06861	19.85608
22.4329	756	44	5	212	588848900972216459	25.01121	21.29664	20.70963	20.71609
22.26734	756	44	5	212	588848900972216461	23.1974	21.88584	21.63294	21.0071
23.22213	756	44	5	212	588848900972216463	25.56914	23.13197	21.12502	23.19798
24.98767	756	44	5	212	588848900972216466	23.08257	22.59365	20.978	22.7542
20.88089	756	44	5	212	588848900972216619	22.65001	19.56269	19.07607	18.7997
20.85442	756	44	5	212	588848900972216624	21.92936	19.71819	19.27852	18.8649
20.70331	756	44	5	212	588848900972216628	21.14182	20.16283	19.73278	19.39353
22.07391	756	44	5	212	588848900972216690	21.80849	21.48462	21.50321	20.74189
21.74251	756	44	5	212	588848900972216770	22.76893	20.60264	20.24175	19.96231
22.07026	756	44	5	212	588848900972216805	23.68099	21.4779	21.10224	20.98293
22.15387	756	44	5	212	588848900972216808	24.89405	20.69373	20.402	19.93109
20.95893	756	44	5	212	588848900972216853	22.04276	20.22647	19.95835	19.4338
20.51904	756	44	5	212	588848900972216857	20.74805	20.18105	19.78444	19.36486
22.95793	756	44	5	212	588848900972216885	24.70713	21.04966	20.39022	19.96346
22.80572	756	44	5	212	588848900972216888	24.27442	22.6874	21.3929	21.52909
21.8006	756	44	5	212	588848900972216895	22.69837	20.92438	20.71115	20.54877
23.43335	756	44	5	212	588848900972216913	25.93212	22.98014	21.31873	22.0739
21.06362	756	44	5	212	588848900972216930	22.33373	20.3753	20.19019	20.02344
22.54175	756	44	5	212	588848900972216938	22.58137	22.21668	22.14841	21.98939
21.08614	756	44	5	212	588848900972216945	21.74954	19.77077	19.29517	18.83596
22.22856	756	44	5	212	588848900972216965	22.45125	21.1926	20.76862	20.41047
23.33634	756	44	5	212	588848900972216981	24.68614	22.7517	21.72685	20.94942
22.34376	756	44	5	212	588848900972216984	22.74853	22.4283	22.44728	21.84886
22.37502	756	44	5	212	588848900972216991	23.35561	21.61624	21.42199	21.57227
21.45535	756	44	5	212	588848900972217025	22.82118	20.56601	20.35134	20.11323
20.04049	756	44	5	212	588848900972217037	21.12299	19.42572	19.14596	18.84937
22.18432	756	44	5	212	588848900972217060	23.40704	21.17423	20.77988	20.3907
22.49291	756	44	5	212	588848900972217069	23.94467	21.90605	21.77579	20.72161
22.94718	756	44	5	212	588848900972217073	24.44329	21.15593	20.58532	20.02639
22.45751	756	44	5	212	588848900972217074	24.22325	21.63686	21.25551	21.5808
23.19814	756	44	5	212	588848900972217111	23.40342	21.7299	20.39345	19.53347
23.04285	756	44	5	212	588848900972217130	22.94468	21.96767	21.94301	21.41205
24.11076	756	44	5	212	588848900972217146	23.45809	22.13604	21.94548	21.46679
23.95733	756	44	5	212	588848900972217148	24.4945	22.15659	21.21654	20.90062
23.23864	756	44	5	212	588848900972217156	23.1526	21.71731	21.58999	21.53225
23.95962	756	44	5	212	588848900972217171	24.83819	22.19501	22.55368	21.24018
21.88457	756	44	5	212	588848900972217177	26.99265	20.10736	19.75288	19.50208
23.17133	756	44	5	212	588848900972217179	23.49071	21.8136	20.96689	20.37066
23.39957	756	44	5	212	588848900972217222	23.32634	22.026	21.09426	20.43677
23.39059	756	44	5	212	588848900972217223	25.20045	22.4143	21.82455	23.25608
23.75563	756	44	5	212	588848900972217267	26.16947	22.55258	24.75122	22.38864
23.5678	756	44	5	212	588848900972217344	25.67895	22.999	21.78476	21.00854
23.78948	756	44	5	212	588848900972217349	24.33998	22.72808	21.89469	21.48055
23.3289	756	44	5	212	588848900972217389	23.38475	22.53211	21.71003	21.9637
24.11151	756	44	5	212	588848900972217394	23.3088	22.66714	21.83937	22.38187
23.44948	756	44	5	212	588848900972217399	24.33772	22.06853	20.96379	20.16471
24.28755	756	44	5	212	588848900972217403	25.65871	22.12705	20.73944	20.00094
26.17621	756	44	5	212	588848900972217446	24.373	24.98769	25.31395	19.93592
22.28572	756	44	5	212	588848900972217454	23.00067	21.80053	21.67963	22.21284
22.30378	756	44	5	212	588848900972217462	22.65599	21.40163	22.26607	22.31426
23.37702	756	44	5	213	588848900972282001	23.2336	22.94526	22.22168	21.75861
17.5223	756	44	5	213	588848900972282016	19.41555	16.42067	15.95079	15.63238
24.00012	756	44	5	213	588848900972282019	22.37111	22.16004	22.60729	22.00949
21.69509	756	44	5	213	588848900972282121	24.84851	20.00325	19.38215	19.23662
23.90148	756	44	5	213	588848900972282146	23.41353	23.55667	21.78544	22.41578
21.31363	756	44	5	213	588848900972282166	23.08846	19.58681	18.59606	18.10392
23.84969	756	44	5	213	588848900972282184	24.91999	21.77964	21.2665	20.81947
21.99978	756	44	5	213	588848900972282307	23.59938	20.75261	20.26816	19.95478
22.71218	756	44	5	213	588848900972282312	23.21605	21.26567	20.41575	20.01354
21.64287	756	44	5	213	588848900972282313	23.03824	20.96133	20.78481	21.00544
22.65925	756	44	5	213	588848900972282335	22.95944	23.63901	22.93895	21.99404
22.33909	756	44	5	213	588848900972282346	23.00666	22.04276	21.53058	21.36375
22.78763	756	44	5	213	588848900972282390	23.53781	21.01258	20.27114	19.95418
22.3931	756	44	5	213	588848900972282397	22.08449	21.96445	21.93271	21.91302
21.71263	756	44	5	213	588848900972282434	22.30373	20.84417	20.5419	20.40119
22.04305	756	44	5	213	588848900972282475	23.17331	20.56433	19.73674	19.14766
22.64214	756	44	5	213	588848900972282491	23.37299	21.43456	21.27633	20.97032
22.06671	756	44	5	213	588848900972282501	22.65975	21.53572	21.15875	21.33073
22.63332	756	44	5	213	588848900972282515	24.53082	20.70174	19.74877	19.34038
22.39279	756	44	5	213	588848900972282521	25.43802	21.34309	20.92655	20.46144
22.59027	756	44	5	213	588848900972282524	22.51869	22.31247	21.78535	21.11305
22.75414	756	44	5	213	588848900972282539	24.05373	22.86022	22.95476	21.84663
22.00709	756	44	5	213	588848900972282567	24.94668	21.36612	21.03728	20.66464
21.73235	756	44	5	213	588848900972282597	21.8313	21.26813	20.92357	21.77837
22.02313	756	44	5	213	588848900972282600	23.03511	21.00261	20.34969	19.86364
24.96322	756	44	5	213	588848900972282624	22.81511	22.61841	22.67909	21.44326
23.48292	756	44	5	213	588848900972282649	25.42068	22.08443	23.35539	21.27699
22.83353	756	44	5	213	588848900972282650	23.70555	21.99368	21.66802	21.64933
26.76179	756	44	5	213	588848900972282671	26.87424	21.27561	23.80725	20.95376
24.22412	756	44	5	213	588848900972282676	23.08764	22.30749	21.53873	21.47687
22.75193	756	44	5	213	588848900972282685	22.38551	21.91509	21.71151	21.4778
23.57256	756	44	5	213	588848900972282690	23.34115	22.29708	21.77771	22.95146
23.36729	756	44	5	213	588848900972282731	24.512	21.48044	21.85783	21.21629
22.63972	756	44	5	213	588848900972282735	25.8931	21.87703	22.61394	21.74161
23.38051	756	44	5	213	588848900972282778	23.51828	21.37065	20.70624	19.97181
23.29964	756	44	5	213	588848900972282781	24.40694	21.19151	20.12005	19.8519
23.78233	756	44	5	213	588848900972282784	23.76948	22.21135	22.18687	21.57776
23.23186	756	44	5	213	588848900972282786	23.48137	21.9489	21.25817	20.72243
23.7931	756	44	5	213	588848900972282792	24.75733	21.88877	21.55841	21.80288
22.89542	756	44	5	213	588848900972282831	23.24059	21.43285	21.39058	20.71552
24.08609	756	44	5	213	588848900972282913	23.37787	22.41707	21.22911	20.90468
24.90086	756	44	5	213	588848900972282947	25.98453	23.0745	21.02709	20.81339
26.00937	756	44	5	213	588848900972282963	23.82468	23.3748	21.55556	20.79009
24.76151	756	44	5	213	588848900972282986	23.18854	23.85501	23.89205	20.18953
24.21958	756	44	5	213	588848900972282997	24.52427	25.38989	24.80132	20.55785
22.76924	756	44	5	214	588848900972347409	23.94187	21.81832	21.28467	20.65304
22.22306	756	44	5	214	588848900972347414	22.74351	20.66999	19.89807	19.47359
22.80857	756	44	5	214	588848900972347505	22.4934	20.92506	19.62577	19.32894
19.90838	756	44	5	214	588848900972347540	20.93416	19.60108	19.21008	19.26054
23.39326	756	44	5	214	588848900972347560	23.01849	21.86253	21.0717	21.01834
20.99247	756	44	5	214	588848900972347581	22.10947	20.36082	20.67271	20.09722
20.52481	756	44	5	214	588848900972347631	22.9225	19.24924	18.71941	18.3203
21.66269	756	44	5	214	588848900972347661	25.02295	19.94	19.31699	18.97395
22.70397	756	44	5	214	588848900972347823	24.26431	21.97618	21.14971	21.11732
22.82496	756	44	5	214	588848900972347824	23.61359	22.63226	21.63449	21.78956
22.04067	756	44	5	214	588848900972347838	21.94562	20.46855	19.84201	19.80781
22.25174	756	44	5	214	588848900972347849	23.55606	21.44263	21.43112	21.60015
22.37049	756	44	5	214	588848900972347885	23.19723	21.23428	20.70725	20.558
21.61885	756	44	5	214	588848900972347890	22.41046	20.90583	20.66382	20.21524
24.02392	756	44	5	214	588848900972347948	25.07028	25.27026	23.75444	20.62173
22.74734	756	44	5	214	588848900972347992	22.81706	22.30401	21.7606	21.95174
22.26366	756	44	5	214	588848900972347994	24.36305	21.84953	21.31202	21.2656
22.65203	756	44	5	214	588848900972347999	26.18067	22.05592	21.7418	21.56533
25.06748	756	44	5	214	588848900972348001	24.91951	22.05448	21.22384	20.83781
22.03044	756	44	5	214	588848900972348011	22.67466	21.5012	21.36156	20.98235
20.7216	756	44	5	214	588848900972348012	22.75283	20.19651	19.94459	19.97346
21.55174	756	44	5	214	588848900972348021	22.61275	20.73348	20.36934	20.09076
24.55255	756	44	5	214	588848900972348070	23.49024	22.46471	22.21329	22.87578
23.22186	756	44	5	214	588848900972348106	25.91563	22.36836	22.61428	21.18088
23.81312	756	44	5	214	588848900972348111	24.45999	22.28245	22.08427	21.40243
22.95765	756	44	5	214	588848900972348112	26.22997	21.60459	20.71544	20.52466
23.37353	756	44	5	214	588848900972348114	23.66593	22.27135	22.08991	21.61528
24.07076	756	44	5	214	588848900972348131	23.13026	22.15383	23.23339	22.04893
23.09284	756	44	5	214	588848900972348145	24.01711	22.11699	21.78274	20.93998
23.21726	756	44	5	214	588848900972348147	22.51182	21.61008	21.33772	20.77748
22.76681	756	44	5	214	588848900972348150	23.24062	21.3979	21.20533	21.20315
23.19604	756	44	5	214	588848900972348167	23.57159	21.89872	21.49472	21.30599
23.27551	756	44	5	214	588848900972348182	24.21867	22.60465	21.72032	21.98089
21.98627	756	44	5	214	588848900972348209	24.41739	20.75194	20.26599	21.27639
23.07271	756	44	5	214	588848900972348223	23.41718	21.9334	22.67997	21.35073
22.92435	756	44	5	214	588848900972348227	23.24628	21.26679	20.80901	20.56833
22.76373	756	44	5	214	588848900972348229	23.06355	21.73036	21.17663	20.80681
25.12236	756	44	5	214	588848900972348273	25.23954	22.67433	20.95065	20.09323
23.18383	756	44	5	214	588848900972348280	24.15864	23.2647	21.76625	22.56883
23.29868	756	44	5	214	588848900972348286	23.85826	22.7222	21.4048	21.65335
23.81353	756	44	5	214	588848900972348291	23.46124	22.94719	21.54925	20.97392
22.94417	756	44	5	214	588848900972348298	24.7184	22.7312	21.23892	20.70995
24.85167	756	44	5	214	588848900972348333	23.51346	23.52434	22.09352	22.93707
22.89083	756	44	5	214	588848900972348339	24.36888	22.14834	20.7552	20.49631
22.96345	756	44	5	214	588848900972348401	26.43136	21.91944	22.26576	23.21723
23.46987	756	44	5	214	588848900972348402	23.30302	22.39506	21.76695	21.21106
21.77347	756	44	5	215	588848900972412941	23.05182	20.83091	20.41271	19.96469
23.14702	756	44	5	215	588848900972412983	22.54244	24.79832	23.9458	20.38341
22.95571	756	44	5	215	588848900972413012	23.62338	22.87247	19.62336	25.02203
22.21149	756	44	5	215	588848900972413082	23.82844	21.64929	21.53618	21.24549
22.30233	756	44	5	215	588848900972413120	22.52055	21.39153	20.91129	20.40133
22.64183	756	44	5	215	588848900972413163	23.92588	20.99347	19.94601	19.4356
21.00857	756	44	5	215	588848900972413182	22.44144	19.39885	18.79774	18.49977
20.50144	756	44	5	215	588848900972413210	20.96915	19.37457	18.93743	18.38235
22.68583	756	44	5	215	588848900972413227	23.67475	21.83672	21.3663	21.17538
21.9708	756	44	5	215	588848900972413245	23.00233	20.4975	19.91273	19.56453
22.01016	756	44	5	215	588848900972413340	22.83807	21.28421	21.13628	21.2787
22.30678	756	44	5	215	588848900972413346	24.9006	21.12591	20.06366	19.513
22.83656	756	44	5	215	588848900972413349	24.30156	22.35821	22.14195	22.34785
21.07294	756	44	5	215	588848900972413352	22.24695	19.61916	19.07434	18.76497
22.43959	756	44	5	215	588848900972413375	23.15212	21.32948	20.95336	20.42283
22.38843	756	44	5	215	588848900972413386	23.06609	21.81762	21.85234	20.88494
22.50761	756	44	5	215	588848900972413398	23.25284	21.19823	21.01115	20.61841
22.5303	756	44	5	215	588848900972413417	23.04766	21.53706	21.74994	22.12275
22.44196	756	44	5	215	588848900972413423	22.70169	21.01223	20.46572	20.00321
22.26613	756	44	5	215	588848900972413463	23.99242	22.40395	22.8735	21.05087
22.07422	756	44	5	215	588848900972413540	23.02189	21.46335	21.3668	20.80645
21.82995	756	44	5	215	588848900972413547	22.1353	20.87407	20.45392	21.35598
22.22907	756	44	5	215	588848900972413559	22.13669	21.95895	22.30733	21.45183
23.74576	756	44	5	215	588848900972413581	22.97708	21.77173	20.93618	20.78054
22.692	756	44	5	215	588848900972413584	22.71437	21.13266	20.83867	20.58987
23.18973	756	44	5	215	588848900972413625	25.13753	21.08033	20.70015	20.68929
23.11406	756	44	5	215	588848900972413650	22.63033	22.33273	21.50311	21.4377
23.82697	756	44	5	215	588848900972413679	24.75381	22.24078	23.25291	21.51864
22.33194	756	44	5	215	588848900972413699	23.28967	21.55683	20.89127	20.62136
25.98833	756	44	5	215	588848900972413713	26.58791	22.26037	24.75838	24.18099
23.26823	756	44	5	215	588848900972413739	23.34307	22.31042	21.67297	21.04321
24.89131	756	44	5	215	588848900972413750	25.86805	22.58564	24.68439	21.97095
24.18853	756	44	5	215	588848900972413767	24.76139	22.46789	21.38669	20.93891
23.2497	756	44	5	215	588848900972413780	25.03016	22.16359	22.64448	21.89788
22.79246	756	44	5	215	588848900972413807	22.62214	23.45485	20.96437	20.44156
24.95647	756	44	5	215	588848900972413810	23.19395	23.44944	21.54893	20.91371
24.52949	756	44	5	215	588848900972413823	24.36653	22.42745	21.29765	22.2802
22.97043	756	44	5	215	588848900972413855	23.44873	22.2749	21.43834	21.88214
24.47545	756	44	5	215	588848900972413857	25.61083	22.78144	21.44687	21.03355
26.53599	756	44	5	215	588848900972413865	25.64045	25.44374	24.73068	19.89519
20.36915	756	44	5	217	588848900972544062	22.30999	19.47995	19.03113	18.78352
20.34575	756	44	5	217	588848900972544064	21.20389	19.85485	19.35963	19.53959
24.35725	756	44	5	217	588848900972544082	23.88538	21.06675	20.41203	18.83655
24.7679	756	44	5	217	588848900972544091	23.65456	23.43639	22.75922	20.61968
23.47963	756	44	5	217	588848900972544124	22.77308	24.05688	24.3628	20.29813
22.83867	756	44	5	217	588848900972544159	22.98887	22.96157	21.62886	20.94131
19.0758	756	44	5	217	588848900972544192	19.954	18.59866	18.31118	18.28217
21.3586	756	44	5	217	588848900972544302	22.4453	19.76011	19.09335	18.6602
22.03847	756	44	5	217	588848900972544368	22.29333	21.56715	21.18442	21.02116
19.84972	756	44	5	217	588848900972544476	21.20693	19.34962	19.01746	18.88522
22.28632	756	44	5	217	588848900972544480	22.98631	21.47972	21.2187	21.39975
22.33551	756	44	5	217	588848900972544492	24.2634	21.47403	21.34654	20.79838
22.955	756	44	5	217	588848900972544498	23.71157	22.09219	21.79888	21.83629
21.4274	756	44	5	217	588848900972544571	22.31848	20.46127	20.09116	19.74166
21.51187	756	44	5	217	588848900972544577	22.20292	20.79081	20.43049	20.57482
22.63999	756	44	5	217	588848900972544655	23.00257	21.61303	21.00409	20.91017
23.18364	756	44	5	217	588848900972544661	23.49241	21.75738	20.67125	20.35031
24.34267	756	44	5	217	588848900972544672	24.30184	22.70898	21.93442	22.18647
22.52121	756	44	5	217	588848900972544695	25.35793	20.79909	20.15749	19.82869
21.69641	756	44	5	217	588848900972544711	22.34009	20.37375	19.76802	19.29297
22.09177	756	44	5	217	588848900972544722	22.58646	21.14845	20.80156	20.68273
22.80599	756	44	5	217	588848900972544730	23.72716	22.01427	21.62762	21.42281
23.43067	756	44	5	217	588848900972544760	23.11422	22.10424	21.56446	20.72333
22.55907	756	44	5	217	588848900972544795	23.64761	21.59462	21.33355	20.94646
24.11291	756	44	5	217	588848900972544800	24.27794	21.72103	22.40427	21.48709
23.87972	756	44	5	217	588848900972544818	25.66027	22.44149	22.42227	21.62744
23.18429	756	44	5	217	588848900972544839	25.37556	21.90604	20.93932	20.75972
23.13116	756	44	5	217	588848900972544922	25.59243	21.91318	21.19353	21.21621
23.33056	756	44	5	217	588848900972544956	23.29733	22.10759	22.02663	21.69308
25.02512	756	44	5	217	588848900972545014	23.84867	23.29233	21.50484	21.12362
24.47383	756	44	5	217	588848900972545016	24.8205	23.32451	21.83395	21.09959
24.15386	756	44	5	217	588848900972545019	25.47275	23.0416	21.4161	20.94443
25.14204	756	44	5	217	588848900972545028	25.5313	22.4661	21.10673	20.72973
26.76117	756	44	5	217	588848900972545068	25.49611	27.38383	25.7597	18.86881
21.64396	756	44	5	217	588848900972545082	22.44162	22.84739	21.14121	20.49055
23.60911	756	44	5	217	588848900972545090	24.48117	22.7301	22.66348	22.62019
23.41065	756	44	5	217	588848900972545098	24.62962	22.53096	21.68015	20.96395
25.005	756	44	5	217	588848900972545103	26.55197	25.08482	23.19488	19.99672
24.94753	756	44	5	217	588848900972545105	23.59312	26.19296	23.39749	20.47992
21.75285	756	44	5	218	588848900972609550	22.40917	21.06959	20.82612	20.06618
21.16441	756	44	5	218	588848900972609624	21.16142	20.99819	20.90232	20.87789
20.40377	756	44	5	218	588848900972609642	21.18319	19.64152	19.35335	18.93585
25.10541	756	44	5	218	588848900972609649	23.08786	21.83552	23.4971	21.35639
22.73499	756	44	5	218	588848900972609706	25.41081	21.31717	20.98404	20.43211
18.76753	756	44	5	218	588848900972609721	20.81924	17.42306	16.9093	16.55238
23.64894	756	44	5	218	588848900972609724	25.16115	23.68632	21.89308	21.76051
21.59404	756	44	5	218	588848900972609725	28.10289	19.98408	19.81634	19.50615
21.82904	756	44	5	218	588848900972609740	22.27929	21.49926	21.58426	21.14565
19.01325	756	44	5	218	588848900972609783	21.33289	17.57279	17.02995	16.70314
21.15289	756	44	5	218	588848900972609822	22.35374	20.06738	19.59968	19.30681
21.48898	756	44	5	218	588848900972609833	22.60858	20.85217	20.01018	19.53698
23.0429	756	44	5	218	588848900972609927	23.29331	21.94129	21.22285	21.34305
25.4577	756	44	5	218	588848900972609942	22.07491	24.80146	25.18396	21.7693
22.58081	756	44	5	218	588848900972609975	24.81431	22.16407	21.81607	21.41474
22.48835	756	44	5	218	588848900972609978	22.8213	21.16573	20.44711	20.094
22.79052	756	44	5	218	588848900972610003	24.0897	22.46797	21.8886	22.42257
21.45497	756	44	5	218	588848900972610007	22.6768	20.27859	19.79094	19.51241
22.22076	756	44	5	218	588848900972610033	25.40168	21.01255	20.50768	20.15981
22.43642	756	44	5	218	588848900972610037	23.39458	21.59422	21.44233	21.52214
22.47767	756	44	5	218	588848900972610062	22.85275	21.16119	20.67102	20.24053
22.15306	756	44	5	218	588848900972610074	23.04919	21.70861	21.69877	21.40781
23.35432	756	44	5	218	588848900972610077	24.42571	22.8009	21.6367	20.43989
22.70576	756	44	5	218	588848900972610100	25.06511	21.96528	21.54013	21.30161
22.51831	756	44	5	218	588848900972610101	22.69396	21.35981	20.57355	20.04707
21.84484	756	44	5	218	588848900972610143	25.52372	21.14628	21.14253	20.45922
22.43507	756	44	5	218	588848900972610174	24.75116	22.75591	23.19441	21.18598
22.14288	756	44	5	218	588848900972610215	24.1255	21.12483	20.68421	20.23072
22.56309	756	44	5	218	588848900972610217	24.43816	21.3761	20.9195	20.458
21.00167	756	44	5	218	588848900972610228	22.42144	19.84257	19.48146	19.01739
22.49695	756	44	5	218	588848900972610268	23.29286	21.71821	21.5569	20.99504
22.32913	756	44	5	218	588848900972610271	23.6563	21.33442	21.18746	20.58308
23.05712	756	44	5	218	588848900972610275	23.17719	23.21953	22.90195	21.60248
22.20976	756	44	5	218	588848900972610295	23.46864	21.49441	21.46158	21.84136
22.77102	756	44	5	218	588848900972610299	23.47356	21.84579	21.49987	21.11379
24.11546	756	44	5	218	588848900972610349	24.12984	22.22062	21.44821	20.58752
23.26721	756	44	5	218	588848900972610366	23.94709	22.2094	21.48941	21.45251
22.81302	756	44	5	218	588848900972610393	23.1805	21.446	20.39777	19.83131
22.97332	756	44	5	218	588848900972610443	23.25649	21.73061	21.59101	22.06425
24.1623	756	44	5	218	588848900972610452	23.72172	22.9103	22.0214	21.26241
23.1949	756	44	5	218	588848900972610467	24.60864	22.53366	22.21785	22.23515
23.17869	756	44	5	218	588848900972610513	23.58082	22.15303	21.63276	21.24869
23.15945	756	44	5	218	588848900972610566	22.54928	22.49383	21.74787	21.25268
24.27154	756	44	5	218	588848900972610568	24.24532	23.18751	21.62326	20.52047
23.16562	756	44	5	218	588848900972610579	22.46009	22.4615	21.12696	22.77254
24.33413	756	44	5	218	588848900972610593	23.4934	23.23472	21.288	20.29177
24.38768	756	44	5	218	588848900972610599	25.75229	23.82092	21.90183	22.47075
23.46534	756	44	5	218	588848900972610647	24.45749	23.28511	22.36305	20.79833
24.50194	756	44	5	218	588848900972610653	24.17916	25.6954	23.31173	20.19618
22.91554	756	44	5	218	588848900972610675	26.85889	20.97124	21.3525	20.07602
21.54015	756	44	5	219	588848900972675091	23.80194	20.99736	21.00948	20.48028
24.52666	756	44	5	219	588848900972675092	23.70921	22.73162	21.37796	21.19217
20.92009	756	44	5	219	588848900972675112	21.84333	20.46324	19.98155	19.9288
23.98016	756	44	5	219	588848900972675170	25.50447	25.31216	20.94683	23.46708
23.74454	756	44	5	219	588848900972675174	23.31729	21.88502	22.02593	22.10574
25.01782	756	44	5	219	588848900972675181	25.1435	22.68317	21.15501	22.66628
15.41118	756	44	5	219	588848900972675253	16.65045	14.83844	14.52691	14.34923
21.03169	756	44	5	219	588848900972675255	21.60415	20.95867	20.76868	21.489
21.19818	756	44	5	219	588848900972675257	22.61697	21.0887	21.19887	20.02173
21.58744	756	44	5	219	588848900972675298	22.85764	20.80111	20.47897	20.24491
20.01831	756	44	5	219	588848900972675358	21.32311	19.14834	18.78848	18.47635
20.58278	756	44	5	219	588848900972675359	21.69501	19.53601	18.98138	18.53449
20.862	756	44	5	219	588848900972675378	22.77148	19.35328	18.72093	18.31615
20.5218	756	44	5	219	588848900972675381	21.71171	20.02984	19.76076	19.35657
19.71589	756	44	5	219	588848900972675414	20.70686	19.25722	18.99983	19.02141
22.46221	756	44	5	219	588848900972675424	24.42576	20.29202	19.73114	19.32418
22.25376	756	44	5	219	588848900972675517	22.56252	23.71164	22.53293	22.64531
22.56199	756	44	5	219	588848900972675539	24.5577	21.58207	21.06372	21.46304