587722951693303810	587722981764694096	6	0.465301324379534
587722951693303810	587722981764694108	3	0.302788145082855
587722951693303810	587722981764694109	3	0.474277210045364
587722951693303810	587729971795263514	6	0.123778104996334
587722951693303810	587729971795263523	3	0.498676263528902
587722951693303810	587729971795263828	3	0.38621613783909
587722951693303820	587729971795263548	3	0.0696867817813478
587722951693303820	587729971795263558	3	0.436444680104984
587722951693303822	587729971795264243	6	0.137135049537995
587722951693303823	587722951961673959	6	0.378235388665728
587722951693303824	587729971795263539	6	0.183467855818139
587722951693303825	587722951961673963	3	0.443115988473556
587722951693303825	587729971795263556	3	0.102449641127495
587722951693303833	587729778527567905	6	0.372103147807263
587722951693303834	587722951693304429	3	0.494585631920703
587722951693303834	587729778527567902	6	0.279698366765679
587722951693303834	587729778527567909	3	0.0983344313885881
587722951693303835	587722951693303833	6	0.168128157462514
587722951693303835	587722951693304335	6	0.433640339028586
587722951693303835	587722951693304959	3	0.26934829102389
587722951693303835	587729778527567907	3	0.110752004929448
587722951693303835	587729778527567909	3	0.299051923289302
587722951693303836	587722951693303835	3	0.229032816644087
587722951693303836	587722951961674747	3	0.497991105345775
587722951693303836	587729778527567904	3	0.231670025294257
587722951693303837	587729778527567908	3	0.0887922875368775
587722951693303842	587722951693304041	6	0.436006696443788
587722951693303844	587722951693303842	6	0.136387671714236
587722951693303844	587722951693304030	6	0.47648935008183
587722951693303844	587722951693304962	3	0.38394635466095
587722951693303844	587729778527569277	3	0.378273065575265
587722951693303844	587729778527569281	3	0.49013397067677
587722951693303848	587729971795263581	6	0.000496989285313675
587722951693303848	587729971795263843	6	0.369145536557067
587722951693303850	587729971795264853	6	0.30498907022738
587722951693303853	587722951693304060	3	0.358494175582453
587722951693303853	587722951693304983	3	0.185308409862849
587722951693303854	587722951693304454	3	0.259618358513104
587722951693303854	587722951693304979	6	0.28068043890897
587722951693303854	587722951693305107	6	0.49181650689193
587722951693303854	587729971795263586	6	0.0747572874401746
587722951693303854	587729971795263862	6	0.382897249442893
587722951693303855	587722951693304096	6	0.15553867104632
587722951693303855	587722951693304990	6	0.437832547854934
587722951693303855	587729778527568213	6	0.388372892821463
587722951693303855	587729778527568396	0	0.38321630480823
587722951693303855	587729778527569012	3	0.355451514248594
587722951693303855	587729971795264037	6	0.276965432676285
587722951693303857	587722951693304059	6	0.416644998288464
587722951693303857	587729971795263862	6	0.416787236857064
587722951693303857	587729971795263893	6	0.421085406399
587722951693303858	587722951693304739	3	0.357134198064696
587722951693303858	587729778527567960	6	0.00105958471665101
587722951693303858	587729778527568543	3	0.300975625144165
587722951693303858	587729778527569017	3	0.431992295992534
587722951693303860	587722951693304107	6	0.415587273654015
587722951693303860	587729778527568712	3	0.150714974420884
587722951693303863	587722951693305020	6	0.407735371532518
587722951693303863	587729778527567980	3	0.214666289541601
587722951693303864	587722951693303865	3	0.490560459956934
587722951693303864	587722951693303867	3	0.353763033268325
587722951693303864	587729778527567977	6	0.399850157163991
587722951693303864	587729778527567982	3	0.262964603105455
587722951693303865	587722951693305015	3	0.385159751185919
587722951693303866	587729778527569064	3	0.174467277747892
587722951693303867	587729778527567980	3	0.264680987194007
587722951693303869	587722951693303860	6	0.48248384060397
587722951693303869	587722951693304493	3	0.462474059306937
587722951693303869	587722951693304503	6	0.190034157713147
587722951693303869	587729778527568707	3	0.33621168177052
587722951693303869	587729778527568712	3	0.412602654097408
587722951693303873	587722951693303865	3	0.48599263212399
587722951693303873	587729778527567977	6	0.458563187621314
587722951693303873	587729778527567981	3	0.426611595669851
587722951693303878	587722951693304781	6	0.410612330574656
587722951693303878	587722951693304804	3	0.442449743832374
587722951693303878	587729971795263616	6	0.330560126345432
587722951693303878	587729971795264897	3	0.404870654677526
587722951693303879	587722951693304781	6	0.439461392201983
587722951693303879	587729971795264904	6	0.460966140655429
587722951693303881	587729778527568243	6	0.344818012594013
587722951693303881	587729778527568245	6	0.000904983164668086
587722951693303882	587722951693304796	6	0.215249294815119
587722951693303884	587722951693303879	6	0.359994250080703
587722951693303886	587722951693304526	3	0.435706147955741
587722951693303886	587722951693305023	3	0.449708754462274
587722951693303889	587729971795263659	3	0.396399489253236
587722951693303889	587729971795263667	3	0.430333539335187
587722951693303890	587722951693303897	3	0.139779785607297
587722951693303890	587722951693303906	3	0.495613386583975
587722951693303890	587729971795263668	6	0.420069609174925
587722951693303891	587722951693303893	6	0.155202913739771
587722951693303891	587722951693303904	3	0.239578550594293
587722951693303891	587729971795263666	3	0.352486999501394
587722951693303891	587729971795264676	3	0.444803768741827
587722951693303892	587729971795263649	6	0.268005499209628
587722951693303892	587729971795263655	6	0.20008967348677
587722951693303893	587722951693303889	6	0.045491171882777
587722951693303893	587722951693304537	3	0.412054972174384
587722951693303893	587729971795263658	3	0.358418144730983
587722951693303893	587729971795263661	3	0.269737748264121
587722951693303893	587729971795264134	3	0.492960485897031
587722951693303894	587722951693303889	6	0.212244528464685
587722951693303894	587722951693303900	3	0.290318005937389
587722951693303894	587729971795263669	6	0.319902140974859
587722951693303896	587722951693303895	3	0.308332263059604
587722951693303896	587722951693303909	3	0.137672006821866
587722951693303896	587722951693305025	3	0.467403617786906
587722951693303896	587729971795263650	6	0.421843151202649
587722951693303896	587729971795263660	3	0.00396370860946692
587722951693303896	587729971795263666	3	0.0709971366626042
587722951693303897	587722951693303894	3	0.339263950347887
587722951693303898	587722951693303933	6	0.424601342209452
587722951693303898	587729971795263651	6	0.344270575488462
587722951693303899	587722951693303893	6	0.225939600439976
587722951693303899	587722951693303894	3	0.216791251112292
587722951693303899	587722951693303905	6	0.370422608205529
587722951693303899	587722951693303907	3	0.158416056265946
587722951693303899	587729971795263653	6	0.379165291838893
587722951693303899	587729971795263664	3	0.437800910399051
587722951693303899	587729971795263668	6	0.317348772339307
587722951693303900	587722951693303894	3	0.290318005937389
587722951693303900	587722951693303899	6	0.114227971054273
587722951693303900	587722951693304537	3	0.302621480076746
587722951693303900	587729971795263659	3	0.41841936170314
587722951693303901	587729971795263651	6	0.255283485179759
587722951693303902	587722951693303895	3	0.0488381870976915
587722951693303902	587722951693303903	3	0.462448604179219
587722951693303902	587722951693304806	3	0.288728071018446
587722951693303902	587729971795263666	3	0.345462978965119
587722951693303903	587722951693303899	6	0.344419964058029
587722951693303903	587722951693303908	3	0.214371763915588
587722951693303903	587729971795263661	3	0.450015136916173
587722951693303904	587722951693303889	6	0.428694231602189
587722951693303904	587722951693303896	3	0.307804270125277
587722951693303905	587729971795263655	6	0.365114842232673
587722951693303906	587729971795263658	3	0.446670766824142
587722951693303908	587722951693304832	3	0.49730737723942
587722951693303908	587729971795263653	6	0.335449370812972
587722951693303909	587722951693303889	6	0.33841159843415
587722951693303909	587722951693303891	6	0.193530103257388
587722951693303909	587729971795263666	3	0.193009765960143
587722951693303910	587729971795263948	3	0.328603156793713
587722951693303913	587729971795264690	6	0.40296940229524
587722951693303913	587729971795264706	3	0.442401121171399
587722951693303916	587722951693304839	6	0.417245347575473
587722951693303916	587729778527568421	6	0.48710620940673
587722951693303918	587722951693305113	6	0.492177895484998
587722951693303918	587729778527568262	3	0.209086694995895
587722951693303924	587722951693303927	6	0.461718194372998
587722951693303924	587722951693303930	3	0.266318266351616
587722951693303924	587722951693304147	6	0.327596946888345
587722951693303924	587722951693304149	3	0.351717461609483
587722951693303924	587729778527569111	3	0.444462430139054
587722951693303925	587722951693303923	6	0.0886885500140267
587722951693303925	587722951693303924	6	0.48291573650975
587722951693303925	587729778527568051	3	0.369531696611113
587722951693303925	587729778527568052	3	0.121062140283582
587722951693303925	587729778527568284	6	0.25256728738458
587722951693303926	587722951693303928	6	0.0852111817142164
587722951693303926	587729778527568047	6	0.285185765027365
587722951693303926	587729778527568051	3	0.0961955262330069
587722951693303926	587729778527568260	6	0.492502672291096
587722951693303926	587729778527569145	6	0.488593784805295
587722951693303929	587729778527568023	6	0.151245910802665
587722951693303929	587729778527568047	6	0.283322208346353
587722951693303929	587729778527568050	3	0.155340041854565
587722951693303929	587729778527568260	6	0.442674994503114
587722951693303929	587729778527568262	3	0.485339881736168
587722951693303930	587729778527568051	3	0.124466426463889
587722951693303933	587722951693304841	3	0.474991009759452
587722951693303933	587729971795263668	6	0.302786177917522
587722951693303934	587729971795263654	3	0.0012518308348552
587722951693303934	587729971795263656	3	0.137508792243402
587722951693303934	587729971795264725	3	0.452311162485018
587722951693303934	587729971795264934	6	0.361078648893573
587722951693303935	587729971795263649	6	0.168800290824664
587722951693303935	587729971795263655	6	0.000486170810603878
587722951693303936	587722951693304158	6	0.443630301668462
587722951693303936	587729971795264063	6	0.483582316761788
587722951693303936	587729971795264934	6	0.494513608467858
587722951693303939	587722951693304565	6	0.408427863627922
587722951693303939	587722951693304857	6	0.457001441662088
587722951693303939	587729971795263692	6	0.239523434210127
587722951693303939	587729971795264734	3	0.468550349606627
587722951693303940	587722951693304563	3	0.327312901640819
587722951693303940	587722951693304857	6	0.355305453406501
587722951693303940	587729971795263686	6	0.00114482645273484
587722951693303940	587729971795263695	3	0.159112327808049
587722951693303940	587729971795264948	3	0.352148827073458
587722951693303941	587722951693304557	6	0.482864667270341
587722951693303941	587729971795263690	6	0.208815377699098
587722951693303942	587722951693303943	6	0.196715611337721
587722951693303942	587722951693303947	3	0.33065934937254
587722951693303942	587729971795263687	6	0.257737229709196
587722951693303942	587729971795264427	6	0.418335387620524
587722951693303943	587722951693304565	6	0.483150529958717
587722951693303944	587722951693303945	3	0.258190393839398
587722951693303944	587729971795263695	3	0.171903288962279
587722951693303944	587729971795264948	3	0.333484137657046
587722951693303945	587729971795263691	6	0.252488489233499
587722951693303945	587729971795263695	3	0.255341984880086
587722951693303946	587722951693303942	6	0.255252496386257
587722951693303946	587729971795263689	6	0.113406071199097
587722951693303946	587729971795263694	3	0.00261810994026057
587722951693303946	587729971795264427	6	0.468048536411699
587722951693303947	587722951693304555	3	0.456535756216217
587722951693303947	587722951693304565	6	0.341012239540111
587722951693303947	587729971795263690	6	0.405566597240777
587722951693303950	587722951693304177	6	0.480750597174443
587722951693303950	587729778527568067	6	0.155372847425568
587722951693303951	587722951693305043	6	0.284467560921011
587722951693303951	587729778527569146	6	0.283232810420919
587722951693303954	587722951693304876	6	0.252896413037358
587722951693303955	587729778527568094	3	0.390325610804418
587722951693303955	587729778527568450	6	0.401740949286865
587722951693303956	587722951693304283	6	0.412603669484036
587722951693303956	587722951693305072	6	0.394039257382554
587722951693303956	587729778527568105	6	0.000715348763815803
587722951693303959	587722982301630939	0	0.474556319408502
587722951693303959	587729778527569177	3	0.226723890233022
587722951693303960	587722951693304291	6	0.322115504042796
587722951693303960	587729778527568108	6	0.130690965732622
587722951693303960	587729778527569177	3	0.193194841607982
587722951693303963	587729971795264758	3	0.285936329342795
587722951693303964	587722951693304188	6	0.355177829862698
587722951693303966	587729971795263721	3	0.124458369685045
587722951693303966	587729971795264490	3	0.278196738534505
587722951693303966	587729971795264776	3	0.415814688441737
587722951693303968	587729971795263716	6	0.000931369287543807
587722951693303972	587722951693303971	6	0.0995716869974775
587722951693303972	587729778527569202	3	0.299130863059683
587722951693303974	587722951693303993	6	0.392064734680562
587722951693303977	587722951693303982	3	0.186430465412144
587722951693303977	587722951693304646	3	0.317459019290695
587722951693303977	587729971795263746	3	0.269716149629449
587722951693303977	587729971795329029	6	0.000761753798998028
587722951693303978	587722951693303982	3	0.302318861874227
587722951693303978	587722951693304894	3	0.437054098648972
587722951693303978	587729971795263744	3	0.434409932069236
587722951693303978	587729971795263746	3	0.24230044283355
587722951693303979	587729971795263741	3	0.38145239117661
587722951693303979	587729971795263744	3	0.48344646272946
587722951693303979	587729971795264770	6	0.457927641986029
587722951693303980	587729971795263737	6	0.203219340758075
587722951693303981	587722951693303977	6	0.214445811437682
587722951693303981	587722951693303983	3	0.482461111809774
587722951693303981	587722951693303991	3	0.161029243918251
587722951693303981	587722951693305082	3	0.219832321135591
587722951693303981	587729971795329046	3	0.145555676006161
587722951693303982	587722951693303978	6	0.302318861874227
587722951693303982	587722951693304646	3	0.492833134164789
587722951693303982	587722951693304895	3	0.296350128495834
587722951693303982	587729778527568139	0	0.153439493779446
587722951693303982	587729971795263744	3	0.332590878417805
587722951693303982	587729971795329046	3	0.403218459883131
587722951693303983	587722951693303987	3	0.422743022257898
587722951693303983	587729971795263742	3	0.008834741667981
587722951693303983	587729971795263743	3	0.495285532563744
587722951693303983	587729971795263745	3	0.0700702693834972
587722951693303984	587722951693303983	3	0.498505830672652
587722951693303984	587729971795263741	3	0.275035282060911
587722951693303984	587729971795263743	3	0.294756734437998
587722951693303985	587722951693303980	6	0.204301461222326
587722951693303985	587722951693304895	3	0.315119527244196
587722951693303986	587722951693303979	6	0.362179342072572
587722951693303986	587722951693304894	3	0.426835364272311
587722951693303987	587722951693303984	3	0.226807945312536
587722951693303987	587729971795263742	3	0.424183280384151
587722951693303987	587729971795329030	6	0.179503075957186
587722951693303987	587729971795329040	3	0.227283447535323
587722951693303987	587729971795329044	3	0.304519437590236
587722951693303987	587729971795329751	6	0.42768303799929
587722951693303988	587722951693303980	6	0.348243376426615
587722951693303988	587722951693303985	6	0.150268374626036
587722951693303988	587729971795263737	6	0.174372577723071
587722951693303988	587729971795263744	3	0.279495142490921
587722951693303988	587729971795263745	3	0.301847402389839
587722951693303988	587729971795263746	3	0.161059184677202
587722951693303989	587722951693304646	3	0.370677211760909
587722951693303990	587722951693303977	6	0.263724766812062
587722951693303990	587722951693303982	3	0.211878585708791
587722951693303990	587729971795263746	3	0.211018997553802
587722951693303990	587729971795263748	3	0.332851463969592
587722951693303990	587729971795329037	3	0.455680373633615
587722951693303991	587722951693303982	3	0.412793595932302
587722951693303991	587722951693303984	3	0.146081538788535
587722951693303991	587729971795329037	3	0.284824774273047
587722951693303996	587722951693304900	3	0.38391212509727
587722951693303997	587729778527568133	6	0.0930580588943368
587722951693303997	587729778527568886	3	0.437388564106084
587722951693304005	587729971795329063	6	0.000581375731810471
587722951693304011	587722951693369349	6	0.129811088827727
587722951693304011	587722951693369909	3	0.167338926652583
587722951693304011	587722951693369910	6	0.188819645763393
587722951693304028	587729971795264828	3	0.311908706469551
587722951693304030	587722951961674349	6	0.496828724006376
587722951693304032	587729971795264261	6	0.418361813535072
587722951693304033	587729971795264263	3	0.419567036584985
587722951693304034	587722981764695081	3	0.482241364507893
587722951693304035	587729971795263546	3	0.274442718661203
587722951693304036	587729778527568178	6	0.490839307763488
587722951693304036	587729778527568979	3	0.442413764512218
587722951693304037	587722981764694608	6	0.374968185127145
587722951693304037	587729971795264253	3	0.141093880733204
587722951693304040	587729778527568174	6	0.139240207154561
587722951693304041	587729778527568170	6	0.403750268760557
587722951693304041	587729778527568175	6	0.150320842437296
587722951693304042	587722951693304225	6	0.484651455255255
587722951693304042	587722981764695342	3	0.366409425199618
587722951693304043	587722951693304720	3	0.30109837697838
587722951693304043	587729778527568170	6	0.489577157016426
587722951693304043	587729778527568173	6	0.313215457192096
587722951693304043	587729778527568175	6	0.282961941250083
587722951693304043	587729778527568184	6	0.370224918998893
587722951693304044	587729971795264614	3	0.237337625352528
587722951693304046	587722951693304731	3	0.447142040310527
587722951693304046	587729778527568688	6	0.356334475741435
587722951693304047	587722951693304473	6	0.354930354883862
587722951693304047	587722951693305106	6	0.445311280032964
587722951693304047	587729778527569004	3	0.12272081885833
587722951693304050	587729971795263848	3	0.000936431114481276
587722951693304051	587722951693304984	3	0.272819865370409
587722951693304053	587729778527567917	3	0.492302971737828
587722951693304053	587729778527568198	6	0.442805785237193
587722951693304054	587729778527568191	3	0.00108329941104093
587722951693304054	587729971795263852	6	0.436818700244483
587722951693304054	587729971795263872	6	0.436914813160306
587722951693304055	587729778527568391	6	0.352760908832113
587722951693304055	587729778527568544	3	0.4836259365772
587722951693304059	587722951693304983	3	0.337622897445922
587722951693304059	587729971795263862	6	0.000757085192509493
587722951693304060	587729971795263587	6	0.32431212197488
587722951693304062	587722951693304071	6	0.41723375010767
587722951693304062	587722951693304077	3	0.183136488651367
587722951693304062	587729778527568692	6	0.308931917724806
587722951693304062	587729778527569021	6	0.261354383476944
587722951693304062	587729778527569290	3	0.421736882424378
587722951693304064	587722951693304068	3	0.0589505814626629
587722951693304064	587722951693304072	3	0.334027712935548
587722951693304064	587722951693304246	6	0.498015526889148
587722951693304064	587722951693304341	3	0.103368695251175
587722951693304064	587729778527568682	3	0.157939758304261
587722951693304065	587729778527569290	3	0.415226517400022
587722951693304066	587722951693304065	3	0.193073710724358
587722951693304066	587729778527568678	6	0.271764773717195
587722951693304066	587729778527568692	6	0.194352623784164
587722951693304067	587722951693304065	3	0.119189660156698
587722951693304067	587722951693304072	3	0.133737319047236
587722951693304067	587729778527569021	6	0.000723561992311259
587722951693304067	587729778527569290	3	0.495480078792019
587722951693304068	587722951693304082	3	0.234294533547532
587722951693304068	587722951693304342	3	0.31993274298379
587722951693304069	587722951693304066	6	0.246780430483194
587722951693304069	587729778527568681	3	0.00414102248858123
587722951693304070	587722951693304065	3	0.415683748163993
587722951693304070	587722951693304069	3	0.443230073973526
587722951693304070	587722951693304082	3	0.248718173114273
587722951693304070	587729778527569021	6	0.495148840376172
587722951693304071	587722951693304067	6	0.313940794858303
587722951693304071	587722951693304079	3	0.0265798301497111
587722951693304071	587722951693304343	3	0.346556805336431
587722951693304071	587729778527569021	6	0.314215867857006
587722951693304072	587722951693304062	6	0.201295494288317
587722951693304072	587722951693304074	3	0.258067022630183
587722951693304072	587722951693304078	3	0.278160550781815
587722951693304072	587729778527568688	6	0.427811659264713
587722951693304073	587722951693304082	3	0.25812890675244
587722951693304073	587722951693304349	3	0.200276869105889
587722951693304073	587729778527568680	3	0.0328012748200084
587722951693304074	587722951693304046	6	0.486644262896473
587722951693304074	587722951693304069	3	0.451787155900063
587722951693304074	587722951693304086	3	0.275627083907496
587722951693304075	587722951693304065	3	0.415588638633298
587722951693304075	587722951693304077	3	0.388204183890387
587722951693304075	587722951693304731	3	0.424757870717528
587722951693304076	587722951693304077	3	0.116293043682679
587722951693304076	587729778527568199	6	0.295530063678992
587722951693304077	587722951693304070	6	0.457052006996986
587722951693304077	587722951693304081	3	0.235410839601991
587722951693304077	587729778527569021	6	0.444490275283417
587722951693304078	587722951693304062	6	0.176194519712271
587722951693304078	587722951693304074	3	0.106104092384344
587722951693304078	587722951693304076	3	0.215570645650735
587722951693304078	587722951693304082	3	0.271679935679164
587722951693304078	587729778527568193	6	0.448369158437463
587722951693304078	587729778527569018	6	0.315856289646094
587722951693304079	587722951693304072	3	0.219139234678767
587722951693304079	587722951693304084	3	0.461372968291877
587722951693304079	587729778527569290	3	0.272978953229298
587722951693304080	587722951693304067	6	0.346873482232858
587722951693304080	587729778527568692	6	0.36188257799911
587722951693304080	587729778527569291	3	0.354459528211441
587722951693304081	587722951693304068	3	0.410558475125315
587722951693304081	587722951693304070	6	0.27375312000971
587722951693304081	587722951693304072	3	0.178000808100166
587722951693304081	587722951693304472	6	0.395293629436567
587722951693304081	587722951693304731	3	0.382266084318381
587722951693304081	587729778527568678	6	0.458045217530836
587722951693304081	587729778527568681	3	0.418555792125742
587722951693304082	587722951693304069	3	0.248332780775781
587722951693304082	587722951693304075	3	0.489485866539686
587722951693304082	587722951693304079	3	0.12039504057585
587722951693304082	587722951693304349	3	0.409080768247655
587722951693304082	587729778527568681	3	0.250983302022539
587722951693304083	587729778527568682	3	0.196285147544999
587722951693304084	587722951693304080	3	0.0895969079405423
587722951693304084	587722951693304085	6	0.394560005204451
587722951693304086	587722951693304067	6	0.410779683387457
587722951693304086	587722951693304083	3	0.324561696356762
587722951693304086	587729778527568680	3	0.201359897904141
587722951693304086	587729778527568681	3	0.280294810470501
587722951693304087	587722981764695354	6	0.25618572629882
587722951693304088	587722951693304481	6	0.404402465265797
587722951693304088	587722951693304729	3	0.245561305559818
587722951693304088	587722951693304747	6	0.354673602367821
587722951693304088	587729971795264126	3	0.451248542614318
587722951693304089	587729971795264618	3	0.432872640290384
587722951693304091	587722951693304467	3	0.457977118018482
587722951693304092	587722951693304467	3	0.45162753954091
587722951693304092	587729778527569294	6	0.472122188100475
587722951693304092	587729778527569297	3	0.180170488053157
587722951693304093	587722951693304743	6	0.146290865067845
587722951693304093	587722951693304754	3	0.411516772285223
587722951693304093	587729778527568200	6	0.00121348078545874
587722951693304093	587729778527568674	3	0.413718588712222
587722951693304093	587729778527568700	3	0.408756142011549
587722951693304093	587729778527569025	6	0.142981360062982
587722951693304095	587722951693304104	6	0.498479279254454
587722951693304095	587722951693304744	3	0.240289191656183
587722951693304095	587729971795264038	6	0.282700408885782
587722951693304095	587729971795264875	6	0.360191269464144
587722951693304096	587722951693304477	6	0.491345087767943
587722951693304098	587722951693304059	6	0.432937338812225
587722951693304101	587722951693304106	6	0.466258545684139
587722951693304101	587722951693304993	3	0.246168308966957
587722951693304101	587729778527568212	6	0.0991213998276848
587722951693304101	587729778527568229	0	0.387518302838091
587722951693304102	587722951693303855	6	0.463190876039441
587722951693304102	587722951693304095	6	0.457094562152299
587722951693304102	587722951693304251	6	0.285102174479006
587722951693304102	587729778527568490	6	0.471833200545406
587722951693304102	587729971795264125	6	0.471815947715167
587722951693304103	587722951693304095	6	0.406312990557388
587722951693304103	587729778527568214	6	0.198503670048734
587722951693304103	587729971795263892	3	0.101461611838163
587722951693304104	587722951693304101	6	0.107593389979058
587722951693304104	587722951693304102	6	0.117948029622139
587722951693304104	587729778527568214	6	0.00144630709278598
587722951693304104	587729971795264993	6	0.373985724751145
587722951693304105	587729971795264880	6	0.412702813037157
587722951693304106	587722951693303855	6	0.389169828450295
587722951693304106	587722951693304104	6	0.376301187138021
587722951693304106	587722951693304355	3	0.21759594507863
587722951693304106	587729778527568213	6	0.391383201921491
587722951693304106	587729971795263875	6	0.27146296409285
587722951693304111	587722951693304992	3	0.489838447078298
587722951693304111	587729971795263882	6	0.0051154318830118
587722951693304112	587722951693304251	6	0.474571847718214
587722951693304112	587722951693304354	6	0.326194706923997
587722951693304112	587729971795263890	6	0.466331407874039
587722951693304112	587729971795264654	6	0.244840300020017
587722951693304112	587729971795264881	3	0.221064022126883
587722951693304112	587729971795264891	6	0.258298443151439
587722951693304114	587729971795263905	6	0.00160104544306093
587722951693304114	587729971795264357	3	0.414824025868799
587722951693304116	587722951693304770	6	0.254382636378484
587722951693304116	587729778527568402	6	0.33564021209919
587722951693304116	587729778527569414	6	0.427380239145795
587722951693304118	587722951693304759	6	0.19776050871792
587722951693304118	587722981764695371	0	0.305109988531661
587722951693304118	587729971795264641	3	0.294939227878205
587722951693304118	587729971795264648	6	0.221080407037778
587722951693304119	587722951693305002	3	0.201804329657847
587722951693304119	587729778527568409	6	0.449784857278881
587722951693304121	587729778527568704	6	0.301405437789051
587722951693304121	587729778527569045	3	0.356193476792214
587722951693304122	587729778527568736	6	0.483733510988942
587722951693304123	587722951693305110	3	0.463836514217934
587722951693304123	587729778527569044	3	0.426069433854823
587722951693304123	587729778527569442	3	0.332006529098856
587722951693304126	587722951693304357	6	0.464541496537816
587722951693304126	587722951693304516	3	0.44315416024455
587722951693304126	587722951693304767	3	0.231672478990084
587722951693304127	587722951693303864	6	0.481081450025554
587722951693304127	587722951693304357	6	0.477350614310398
587722951693304127	587722951693304498	3	0.310922768254232
587722951693304127	587722951693304767	3	0.197371715571185
587722951693304127	587722951693304789	6	0.436401334000325
587722951693304127	587729778527567975	6	0.481773724346924
587722951693304130	587722951693303871	6	0.350625866408182
587722951693304130	587722951693304785	3	0.363743711926948
587722951693304130	587729971795263918	6	0.000689266084311421
587722951693304131	587729971795263924	6	0.451867252860194
587722951693304132	587722951693304513	3	0.451803477240736
587722951693304132	587722981764694890	6	0.452739341757834
587722951693304133	587722951693305021	6	0.2127670162361
587722951693304135	587722951693304131	3	0.452707992922441
587722951693304135	587729971795263918	6	0.351171782749155
587722951693304136	587729778527568717	6	0.295028130970094
587722951693304138	587729971795263927	3	0.0682632554806557
587722951693304140	587729778527568241	6	0.00101689920849257
587722951693304140	587729971795264384	3	0.377339709299114
587722951693304141	587722951693304807	6	0.449354785889391
587722951693304142	587729778527569315	3	0.411403476964592
587722951693304143	587722951693304530	0	0.478333094177124
587722951693304143	587722951693304800	3	0.126988490486916
587722951693304144	587729971795263943	6	0.24588507274338
587722951693304144	587729971795263947	3	0.144339643297775
587722951693304144	587729971795264381	6	0.48166881111447
587722951693304144	587729971795264705	3	0.463983065536506
587722951693304144	587729971795264904	6	0.496391633313968
587722951693304145	587722951693304542	6	0.339053162037872
587722951693304147	587729778527568050	3	0.46372071287356
587722951693304148	587722951693303918	6	0.249970153514883
587722951693304148	587722951693305113	6	0.394886082866934
587722951693304148	587729778527568023	6	0.431191701886216
587722951693304149	587722951693305113	6	0.342683851213417
587722951693304150	587729778527568270	6	0.000480055211196795
587722951693304153	587722951693304839	6	0.473841205182222
587722951693304153	587729778527568277	6	0.0979369649292413
587722951693304153	587729778527568789	6	0.341557755706795
587722951693304153	587729778527569143	3	0.361394713421313
587722951693304154	587722951693304153	6	0.0996945852304446
587722951693304154	587722951693305035	3	0.416544570105853
587722951693304154	587729778527569143	3	0.427147667306073
587722951693304156	587722951693304842	3	0.462547009197423
587722951693304156	587722951693304852	6	0.216965752971297
587722951693304160	587729778527568787	6	0.449166324129957
587722951693304160	587729778527569341	3	0.415411483732607
587722951693304161	587722951693304280	6	0.316555303414326
587722951693304163	587729971795264430	3	0.120345675082355
587722951693304166	587722951693305036	3	0.451308221262781
587722951693304166	587729971795263973	6	0.325334016928604
587722951693304166	587729971795264717	3	0.453857903957724
587722951693304167	587729778527568437	3	0.25567446990634
587722951693304167	587729778527568438	6	0.229644669885755
587722951693304168	587729778527569151	3	0.361387852608362
587722951693304170	587722951693304563	3	0.497988272976625
587722951693304170	587722951693304862	6	0.463820204806258
587722951693304173	587722951693304563	3	0.438210720610185
587722951693304173	587722951693304577	6	0.471766368616953
587722951693304176	587722951693304177	6	0.132244756466131
587722951693304178	587722981764759740	6	0.000128628706079335
587722951693304183	587722951693304597	6	0.48875895241248
587722951693304185	587722951693305120	6	0.259969159438945
587722951693304185	587729778527569177	3	0.431914991285667
587722951693304187	587729778527568109	6	0.432644946737036
587722951693304188	587722951693303964	6	0.355177829862698
587722951693304188	587722951693304882	3	0.239158169940437
587722951693304190	587729971795264468	6	0.42553878867296
587722951693304191	587729778527568516	6	0.48653047002076
587722951693304192	587722951693304394	6	0.340527127069228
587722951693304192	587722951693304404	6	0.240506567518331
587722951693304193	587722951693304398	3	0.444840439438703
587722951693304193	587729778527568516	6	0.454690360202603
587722951693304195	587722951693304406	6	0.308040896941583
587722951693304199	587722951693305122	3	0.480518900666975
587722951693304199	587729778527568345	3	0.125899866455817
587722951693304200	587729971795329285	6	0.00104158621489915
587722951693304202	587729778527568521	3	0.308623287091129
587722951693304202	587729778527568892	3	0.391729116320793
587722951693304203	587729778527634451	6	0.306617861121107
587722951693304204	587729778527569424	3	0.25033092495308
587722951693304209	587722951693304197	6	0.443827176060654
587722951693304209	587729971795330423	6	0.454825142751329
587722951693304211	587729971795329291	3	0.0547476904629927
587722951693304211	587729971795330412	6	0.308126309431908
587722951693304212	587729971795330412	6	0.257943333549859
587722951693304213	587722951693305085	3	0.381977240711656
587722951693304216	587722951693304918	6	0.476949694308519
587722951693304217	587722951693304915	6	0.360146485089872
587722951693304217	587729971795329307	6	0.000896454680421822
587722951693304219	587722951693369981	6	0.397852661865234
587722951693304219	587729971795329314	3	0.111354832003175
587722951693304220	587729971795329313	6	0.00131760362409095
587722951693304226	587722951693303842	6	0.370514951893102
587722951693304226	587729778527568173	6	0.394635746593434
587722951693304228	587729971795264024	3	0.0649122879063374
587722951693304229	587722951693304954	6	0.380489231957967
587722951693304230	587722951961674350	6	0.456451504782006
587722951693304230	587729971795264833	6	0.274587214537081
587722951693304233	587722951693304470	6	0.489200763440224
587722951693304235	587722951693304338	6	0.435384909600395
587722951693304235	587729971795264268	6	0.470845159640282
587722951693304235	587729971795264299	6	0.415689289234168
587722951693304237	587729971795264298	6	0.374196910716169
587722951693304239	587722982301565371	3	0.000270688451461756
587722951693304240	587722951693304054	3	0.421448996353419
587722951693304240	587729778527568391	6	0.000615922967446306
587722951693304240	587729778527568543	3	0.230934988648943
587722951693304242	587729971795264038	6	0.142785420599977
587722951693304243	587722951693303855	6	0.259312638878744
587722951693304246	587722951693304247	6	0.236521110132251
587722951693304246	587729778527568685	3	0.44751903530522
587722951693304248	587722951693304246	6	0.440489884633535
587722951693304248	587722951693304972	3	0.282048544351531
587722951693304249	587729778527569043	3	0.407331174664526
587722951693304249	587729778527569302	6	0.00727227683047991
587722951693304250	587722951693304111	6	0.210004761199708
587722951693304250	587722981764695437	3	0.482000572248153
587722951693304251	587722951693304747	6	0.472329835646657
587722951693304251	587722951693305004	6	0.221006197475036
587722951693304251	587729778527568397	6	0.000378152144749943
587722951693304251	587729778527568490	6	0.251366849748533
587722951693304251	587729778527569044	3	0.288902315440901
587722951693304251	587729971795264041	6	0.000663048585226084
587722951693304251	587729971795264993	6	0.360464524305694
587722951693304253	587722951693305001	3	0.317441630000117
587722951693304255	587722951693304099	6	0.27113425100068
587722951693304255	587722951693304746	6	0.481352106335448
587722951693304262	587729778527568732	6	0.406680155798508
587722951693304264	587722951693304798	6	0.357074921322254
587722951693304264	587729971795264052	3	0.11728067466392
587722951693304264	587729971795264680	6	0.326315213517363
587722951693304265	587722951693304366	6	0.388112603565751
587722951693304265	587729971795264051	6	0.000864236137026469
587722951693304268	587729971795264055	6	0.00132163368720691
587722951693304268	587729971795264377	6	0.321394879529393
587722951693304268	587729971795264666	3	0.301541679341127
587722951693304269	587722951693304268	6	0.0795288742165193
587722951693304269	587722951693304529	6	0.268038798813286
587722951693304269	587722951693304787	3	0.227941629239116
587722951693304269	587729971795264666	3	0.231854637950542
587722951693304271	587729971795263674	6	0.233833122084906
587722951693304271	587729971795263948	3	0.308334581962304
587722951693304271	587729971795264684	3	0.256766783827848
587722951693304271	587729971795264909	6	0.456412901875471
587722951693304272	587722951693303884	6	0.476320117720565
587722951693304272	587722951693305027	3	0.256845769439594
587722951693304272	587729971795264904	6	0.251166969104105
587722951693304275	587722981764694509	6	0.121077841464599
587722951693304276	587722951693304530	0	0.461899198850326
587722951693304276	587729971795263951	6	0.000384351773488332
587722951693304276	587729971795264393	3	0.349250712611177
587722951693304276	587729971795264694	6	0.177801675453097
587722951693304279	587729778527569125	3	0.374928519686606
587722951693304279	587729778527569419	6	0.473309796009893
587722951693304280	587722951693305048	3	0.328407022496054
587722951693304281	587722951693304169	6	0.49104891641012
587722951693304283	587729778527568448	6	0.000185128329320736
587722951693304285	587729778527568450	6	0.000654978727761269
587722951693304286	587729971795263713	6	0.315835749423314
587722951693304289	587729778527568462	6	0.0607681328055685
587722951693304290	587722951693303959	6	0.210128544677682
587722951693304290	587722951693304614	3	0.438977001660618
587722951693304290	587729778527568462	6	0.000340319567440907
587722951693304291	587722982301630718	0	0.446654538394822
587722951693304291	587729778527568463	6	0.00118788950729709
587722951693304294	587722951693304315	6	0.360551807459935
587722951693304294	587722951693304597	6	0.33601815617961
587722951693304294	587729971795264082	6	0.0023678065792593
587722951693304294	587729971795264962	6	0.47104280390818
587722951693304296	587722951693304606	6	0.249815454397192
587722951693304298	587722951693304408	6	0.407433157405215
587722951693304298	587722982301630755	0	0.424794634639668
587722951693304298	587729778527568518	6	0.000157537347893103
587722951693304298	587729778527568569	3	0.417319997585132
587722951693304298	587729778527569381	3	0.436375657926239
587722951693304299	587722951693304674	6	0.408587542425662
587722951693304299	587722951693304914	6	0.217046062145868
587722951693304301	587722951693304302	6	0.316572412874046
587722951693304309	587722951693304338	6	0.302812950174216
587722951693304309	587729971795264604	6	0.366352391172347
587722951693304313	587722951693304861	3	0.422958905819811
587722951693304313	587729778527569156	3	0.422531425263406
587722951693304313	587729778527569174	6	0.415129576505753
587722951693304314	587722951693304611	3	0.395549112610984
587722951693304314	587722981764760145	6	0.203690769403759
587722951693304314	587722981764760780	3	0.377994552391463
587722951693304314	587729971795264465	6	0.212092318501534
587722951693304315	587722981764760181	0	0.4733873647923
587722951693304316	587729971795329735	3	0.334138747126786
587722951693304317	587722951693303983	3	0.367271955978632
587722951693304317	587729971795264503	3	0.376346204899972
587722951693304317	587729971795264975	6	0.187708141840042
587722951693304317	587729971795329031	3	0.496609882278698
587722951693304320	587722951693305093	3	0.257197402041524
587722951693304320	587729778527569233	6	0.453360353861966
587722951693304323	587722951693370690	3	0.479062363709181
587722951693304323	587729778527633990	6	0.0856265157351498
587722951693304323	587729778527634487	3	0.484789185118267
587722951693304324	587722951693304320	3	0.36192278994706
587722951693304324	587722951693369979	3	0.265658396290064
587722951693304324	587729778527634487	3	0.440329040864747
587722951693304329	587729778527568529	3	0.294311149010167
587722951693304329	587729778527568642	3	0.235150370349083
587722951693304330	587729778527568955	3	0.397175347885691
587722951693304331	587722982301564981	3	0.328538316892834
587722951693304331	587722982301565981	3	0.420427256813694
587722951693304332	587729778527568532	3	0.117907222123102
587722951693304332	587729971795264021	3	0.455742177904
587722951693304333	587722951693304431	3	0.35855703614765
587722951693304333	587729778527568532	3	0.353270167973798
587722951693304333	587729971795264020	6	0.474400033064753
587722951693304334	587722951693304332	6	0.173000482791221
587722951693304334	587722951693304706	3	0.239637890626644
587722951693304334	587729778527567915	6	0.340996427396776
587722951693304334	587729778527568531	6	0.173313798048075
587722951693304336	587722951693304335	6	0.227445041585415
587722951693304336	587729778527567904	3	0.370760058650122
587722951693304336	587729778527567908	3	0.276207721350897
587722951693304338	587722951693304309	6	0.302812950174216
587722951693304339	587722951693304064	6	0.383494113541633
587722951693304339	587729778527568678	6	0.384300442344414
587722951693304342	587722951693304341	3	0.159852537476427
587722951693304342	587729778527568394	6	0.411517457218659
587722951693304343	587722951693304069	3	0.248197936590572
587722951693304343	587722951693304071	6	0.346556805336431
587722951693304343	587722951693304341	3	0.10163544695273
587722951693304343	587729778527568680	3	0.2590985270056
587722951693304346	587722951693304347	3	0.190620935047262
587722951693304346	587729971795264158	6	0.076385247978626
587722951693304346	587729971795264307	3	0.118501928632235
587722951693304349	587722951693304079	3	0.325959212501706
587722951693304349	587722951693304245	6	0.410284481681129
587722951693304350	587729971795264315	3	0.306586781981427
587722951693304351	587722951693304980	0	0.420507551659854
587722951693304351	587722981764694624	6	0.401061833220373
587722951693304352	587722951693304478	3	0.279898373905055
587722951693304354	587722951693304104	6	0.200260224975142
587722951693304354	587729778527568213	6	0.212949000399817
587722951693304354	587729971795263592	6	0.38421809437507
587722951693304355	587722951693305009	6	0.497714335125204
587722951693304355	587729778527568397	6	0.429690691127788
587722951693304355	587729971795264654	6	0.47442346815098
587722951693304356	587722981764695360	3	0.496560965176985
587722951693304356	587729971795264310	3	0.384952286182159
587722951693304357	587729778527568239	6	0.465117296421869
587722951693304358	587722951693304485	3	0.439651291090375
587722951693304358	587729971795264994	3	0.18819382905228
587722951693304360	587729778527569442	3	0.184034561477181
587722951693304362	587722951693304788	6	0.423856331395543
587722951693304363	587722951693304770	6	0.348704322114155
587722951693304365	587722951693304118	6	0.451967654475479
587722951693304365	587722951693304510	3	0.370847683167362
587722951693304365	587722951693304786	6	0.171012965152425
587722951693304365	587722951693305017	6	0.310876404280842
587722951693304365	587729971795264359	6	0.346058538128939
587722951693304366	587722951693304264	3	0.444048498361889
587722951693304366	587722951693304506	3	0.333204985152211
587722951693304366	587729971795264043	3	0.332956737509861
587722951693304367	587722982301566043	3	0.194769993291723
587722951693304369	587722951693304273	6	0.200721938415384
587722951693304369	587722951693304829	3	0.155535650741887
587722951693304370	587722951693304548	3	0.304974058392074
587722951693304370	587729778527568775	3	0.283423276608041
587722951693304370	587729778527568786	3	0.303413738372391
587722951693304372	587722951693304377	3	0.274796061872384
587722951693304372	587729778527569114	6	0.34716321307864
587722951693304373	587729971795264920	6	0.134931210417912
587722951693304374	587729778527568786	3	0.490169646676882
587722951693304376	587729778527568438	6	0.281732597617999
587722951693304377	587729778527569125	3	0.15148117034078
587722951693304378	587729778527568437	3	0.297951626842595
587722951693304378	587729778527568795	3	0.0544521834382413
587722951693304380	587722951693304384	6	0.490441100921352
587722951693304380	587722951693304843	3	0.385874717512612
587722951693304380	587729971795264727	3	0.329718198034638
587722951693304381	587729971795264726	3	0.497933687100095
587722951693304381	587729971795264727	3	0.418248774515075
587722951693304381	587729971795264920	6	0.46676094389703
587722951693304381	587729971795264925	6	0.272252038157648
587722951693304382	587729971795264727	3	0.241553733739865
587722951693304384	587722951693305045	3	0.164425325726225
587722951693304384	587722951693305046	3	0.237317370584688
587722951693304384	587729971795264729	3	0.10441981381391
587722951693304385	587722951693304380	3	0.48528835041307
587722951693304386	587722951693304860	6	0.311349704948429
587722951693304387	587722951693304168	6	0.182053348150079
587722951693304387	587729778527568066	6	0.342395281301246
587722951693304388	587729778527569419	6	0.459727630520479
587722951693304389	587722951693304572	0	0.461279203749597
587722951693304390	587729778527568825	3	0.457045397838771
587722951693304391	587729971795264952	3	0.451249653060214
587722951693304392	587722951693304870	6	0.39166032027658
587722951693304393	587722951693304877	3	0.421968432857906
587722951693304394	587722951693304404	6	0.342938228719483
587722951693304395	587722951693305072	6	0.186158463343834
587722951693304395	587729778527568847	6	0.247461059718212
587722951693304395	587729778527569186	3	0.464253222511136
587722951693304395	587729778527569196	6	0.263276155102757
587722951693304397	587722951693304292	6	0.433938257649749
587722951693304397	587722951693304393	6	0.119784447133313
587722951693304397	587729778527568516	6	0.423626644217959
587722951693304397	587729778527568517	6	0.451215098327562
587722951693304398	587722951693304191	6	0.181618533775857
587722951693304399	587722951693304188	6	0.354326271763116
587722951693304399	587729971795263986	6	0.355334175482445
587722951693304399	587729971795264769	3	0.329158444213384
587722951693304401	587722951693304402	6	0.226939214979167
587722951693304401	587729778527569364	6	0.438636972675524
587722951693304402	587722951693304603	6	0.493883052437998
587722951693304404	587722951693303988	6	0.459583423888466
587722951693304404	587729971795263745	3	0.377986223230854
587722951693304405	587729778527568870	3	0.138279700660198
587722951693304406	587722951693304297	6	0.457983856946694
587722951693304408	587722951693304636	3	0.454441437360977
587722951693304408	587729778527568518	6	0.407422989141833
587722951693304409	587729971795330585	6	0.297282238498914
587722951693304410	587729778527633892	6	0.142681342947358
587722951693304410	587729778527633987	6	0.376323816027548
587722951693304410	587729971795329520	6	0.14275521526194
587722951693304410	587729971795330423	6	0.345832423216638
587722951693304411	587729778527633990	6	0.461536678486989
587722951693304412	587729971795330425	6	0.246461831474522
587722951693304413	587729778527634465	3	0.194540525509529
587722951693304426	587729778527568533	6	0.290609969613042
587722951693304426	587729778527568621	6	0.368437353641031
587722951693304426	587729971795264152	6	0.290610402711423
587722951693304428	587722951693303834	6	0.467466201775407
587722951693304428	587722951693304231	6	0.379838548158747
587722951693304428	587729778527567902	6	0.490022749966456
587722951693304429	587729778527569268	6	0.224988815483522
587722951693304431	587722951693304957	6	0.447666581779474
587722951693304431	587722951961674275	6	0.409208357217266
587722951693304431	587729778527568165	6	0.474403280291483
587722951693304431	587729778527568368	6	0.409416742701702
587722951693304431	587729971795264021	3	0.345831808103434
587722951693304431	587729971795264152	6	0.359365169209991
587722951693304432	587729971795264247	3	0.0027316570329005
587722951693304433	587722951961673961	3	0.404008758616455
587722951693304433	587729971795263555	3	0.328890110459838
587722951693304433	587729971795263558	3	0.203156434109016
587722951693304434	587722951693304230	6	0.238524214321494
587722951693304437	587722951693304709	6	0.354064293097294
587722951693304438	587729971795264023	6	0.37811779251332
587722951693304438	587729971795264258	6	0.278765724115634
587722951693304439	587729971795264582	6	0.414450194243473
587722951693304441	587722951693304708	6	0.214923872862751
587722951693304441	587729778527569269	0	0.448086440649699
587722951693304441	587729971795264593	3	0.237615370790361
587722951693304442	587729778527568984	0	0.385118907562135
587722951693304442	587729971795264262	6	0.00400936198311631
587722951693304443	587722951693304034	0	0.21535942654466
587722951693304443	587722981764694812	3	0.00270710280251023
587722951693304443	587722981764694820	6	0.186122858054214
587722951693304443	587722981764695334	3	0.461162514229727
587722951693304444	587722951693303839	6	0.417494242262199
587722951693304444	587722951693304961	6	0.226057011034265
587722951693304444	587729971795264261	6	0.149914236194878
587722951693304446	587722951693304960	3	0.466132006793047
587722951693304446	587729778527569280	6	0.460571328190987
587722951693304448	587729971795264268	6	0.000948344677715058
587722951693304449	587722951693304723	3	0.367422619806429
587722951693304449	587729778527568993	3	0.0939266970668641
587722951693304449	587729971795264835	6	0.382546322408984
587722951693304450	587729971795264846	3	0.243051791670153
587722951693304451	587729971795264838	6	0.278170728266419
587722951693304452	587722951693304980	0	0.404599301255862
587722951693304452	587722981764695429	3	0.395364677812122
587722951693304453	587722951693304234	6	0.226093462453029
587722951693304453	587722951693305105	6	0.435015466413292
587722951693304453	587729778527569001	3	0.48395619977986
587722951693304454	587722951693303853	6	0.281798362219049
587722951693304454	587722951693304983	3	0.462294905781045
587722951693304454	587729971795263587	6	0.259637064718838
587722951693304455	587722951693303846	6	0.464703061792644
587722951693304455	587722951693304057	6	0.498197664671252
587722951693304455	587729971795264278	3	0.256088835190089
587722951693304457	587729971795263581	6	0.386335215094456
587722951693304457	587729971795264030	6	0.409020601622403
587722951693304457	587729971795264276	6	0.000576271368489362
587722951693304458	587729971795264595	6	0.391156745404434
587722951693304459	587722951693303854	6	0.471413597267922
587722951693304459	587729971795264607	3	0.00601173355671462
587722951693304460	587722951693304973	6	0.306225872518048
587722951693304460	587729971795264115	6	0.410531995992194
587722951693304462	587729778527568389	6	0.140620690246938
587722951693304462	587729778527569293	3	0.270383512911067
587722951693304462	587729778527569294	6	0.25763062624933
587722951693304463	587729778527569007	6	0.4129103551387
587722951693304464	587722951693304463	6	0.0903137689892961
587722951693304464	587722951693304465	6	0.0386955470269589
587722951693304464	587722951693304712	3	0.487183439704097
587722951693304464	587722951693304977	6	0.394230015565316
587722951693304464	587729778527568390	6	0.0397594995191968
587722951693304465	587722951693304971	6	0.299191952203707
587722951693304465	587729778527569005	6	0.474678105447678
587722951693304465	587729778527569294	6	0.358307617204927
587722951693304468	587729971795264594	3	0.468785097703617
587722951693304469	587722951693304718	6	0.297451106481492
587722951693304470	587722951693304746	6	0.49445476701257
587722951693304470	587722982301566000	6	0.423776468873243
587722951693304471	587722951693304076	3	0.170296651789751
587722951693304472	587722951693304062	6	0.354525797636227
587722951693304473	587729778527568200	6	0.186047012208308
587722951693304475	587722951693304235	6	0.418021461191462
587722951693304475	587729971795264307	3	0.49790960214588
587722951693304475	587729971795264637	3	0.426853767910381
587722951693304476	587722951693304728	3	0.187700904449316
587722951693304476	587722951693304736	3	0.421375282569377
587722951693304476	587729971795263843	6	0.416243892570823
587722951693304476	587729971795264298	6	0.052798922272128
587722951693304478	587729971795264307	3	0.42043543667005
587722951693304479	587729971795264030	6	0.451745185151739
587722951693304479	587729971795264123	6	0.000609170279668987
587722951693304480	587722951693304114	6	0.424733992216963
587722951693304480	587722951693304483	3	0.46205186126895
587722951693304480	587729971795264319	6	0.000220123196973273
587722951693304480	587729971795264869	3	0.317977141263308
587722951693304481	587729778527568198	6	0.403972224022308
587722951693304481	587729778527568214	6	0.497683327076295
587722951693304482	587722951693303864	6	0.373932379451514
587722951693304482	587722951693304743	6	0.233135123280303
587722951693304483	587722951693304485	3	0.424506238716316
587722951693304483	587729971795264646	3	0.423886535249416
587722951693304483	587729971795264876	6	0.161287212268908
587722951693304484	587722951693304743	6	0.36708123208281
587722951693304486	587722951693304122	6	0.313994828698962
587722951693304486	587722951693304253	6	0.357323958784725
587722951693304486	587722951693304254	3	0.4636433467951
587722951693304486	587722951693304357	6	0.421351833638589
587722951693304486	587722951693304490	3	0.266600533632576
587722951693304486	587729778527568399	6	0.356341838463439
587722951693304488	587722951693304772	3	0.382061104814453
587722951693304489	587729778527568712	3	0.271706393323194
587722951693304489	587729778527569432	3	0.330039741502277
587722951693304490	587722951693304122	6	0.310440458795145
587722951693304490	587729778527568719	3	0.418408881399678
587722951693304492	587722951693303869	6	0.413222597533777
587722951693304492	587722951693304503	6	0.262432096829286
587722951693304492	587729778527568408	3	0.487773008768962
587722951693304493	587722951693304489	3	0.385497141855348
587722951693304493	587722951693304768	3	0.286117410294068
587722951693304493	587729778527568408	3	0.47929729908471
587722951693304494	587722951693304486	6	0.206816280055951
587722951693304494	587729778527569045	3	0.160733430182549
587722951693304497	587729971795263882	6	0.287920919719744
587722951693304498	587722951693304126	6	0.330231116230805
587722951693304498	587722951693304127	6	0.310922768254232
587722951693304498	587722951693304775	6	0.258971974173314
587722951693304498	587729778527568236	6	0.497254663114061
587722951693304499	587722951693304495	6	0.131558045970051
587722951693304499	587729971795264661	6	0.339493552437265
587722951693304501	587722951693304487	6	0.366285718988685
587722951693304501	587729971795264344	3	0.322551324280737
587722951693304501	587729971795264647	6	0.401766753245759
587722951693304502	587722951693304508	3	0.143864276622178
587722951693304502	587729971795264339	6	0.322448440786783
587722951693304502	587729971795264346	6	0.00101165592337682
587722951693304502	587729971795264348	6	0.313672343496084
587722951693304503	587729778527567969	6	0.374864813587538
587722951693304503	587729778527569414	6	0.324514227370533
587722951693304503	587729778527569432	3	0.378818276439567
587722951693304504	587729971795264364	3	0.498346644416783
587722951693304505	587722951693304358	6	0.214645142500063
587722951693304505	587729971795263905	6	0.416282177766548
587722951693304506	587722951693304133	6	0.236896871088303
587722951693304506	587722951693304366	6	0.333204985152211
587722951693304506	587722951693304508	3	0.40473545403141
587722951693304506	587722951693305021	6	0.440275418138517
587722951693304506	587729971795264374	3	0.445727088245286
587722951693304506	587729971795264658	6	0.152001418666694
587722951693304506	587729971795264662	3	0.354963322340612
587722951693304508	587729971795264339	6	0.32128136491038
587722951693304508	587729971795264349	6	0.0864417922158196
587722951693304508	587729971795264655	6	0.185494091149317
587722951693304509	587729971795264348	6	0.209790693007348
587722951693304510	587722951693304365	3	0.370847683167362
587722951693304510	587729971795263903	6	0.472327083343001
587722951693304511	587729971795264666	3	0.45873701792293
587722951693304512	587722951693304142	6	0.376758608702669
587722951693304512	587722951693304261	6	0.343402356703716
587722951693304512	587729778527568712	3	0.464018565629209
587722951693304512	587729778527569315	3	0.183706889526283
587722951693304513	587722951693304519	3	0.386589818234142
587722951693304513	587722981764694876	6	0.419411573154942
587722951693304513	587722981764695433	6	0.369690507190877
587722951693304513	587729971795264659	6	0.00254787831371773
587722951693304514	587722951693305150	3	0.467684729356995
587722951693304514	587729971795264355	6	0.24128515300164
587722951693304514	587729971795264648	6	0.437195763152442
587722951693304514	587729971795264649	6	0.38926099913498
587722951693304515	587722951693304519	3	0.261852469782017
587722951693304515	587729971795264127	6	0.00145201568530571
587722951693304516	587722951693305019	3	0.359220431552896
587722951693304516	587729778527568720	3	0.471148809045522
587722951693304517	587722951693304513	3	0.220456902893386
587722951693304517	587722951693304800	3	0.431922403615917
587722951693304519	587722981764694914	3	0.420655092025081
587722951693304519	587729971795264368	6	0.356549545499648
587722951693304521	587722951693304257	6	0.39027530898456
587722951693304522	587722981764694500	6	0.361876882523904
587722951693304523	587722951693304798	6	0.176625855555842
587722951693304523	587729971795264053	6	0.000597416694108375
587722951693304526	587729778527568241	6	0.440738616004052
587722951693304527	587722951693304141	6	0.319410798457442
587722951693304528	587722951693304139	3	0.401075074013734
587722951693304530	587722951693305152	3	0.249220596811629
587722951693304530	587722981764694925	3	0.468964618237981
587722951693304531	587729778527568495	6	0.00148022845208141
587722951693304531	587729778527569098	6	0.369567015067579
587722951693304532	587722951693303881	6	0.426691059110889
587722951693304532	587722951693304796	6	0.447887326165944
587722951693304533	587729778527568751	6	0.419998163252137
587722951693304537	587722951693303907	3	0.405717866901644
587722951693304537	587729971795263659	3	0.13266947154219
587722951693304538	587722951693305137	3	0.361249005977377
587722951693304538	587722982301565805	6	0.203052368978368