587729149846946411	151.61429452	-2.66710795	22.59784	23.28817	21.8012	21.31882	20.39063	1.451407	2.96956	68.3056	7.359329	2.969773	11.30503	-1000	21.89149
588848900971299282	145.45699076	0.7262979	23.11706	22.88743	21.372	20.80438	20.24283	1.168979	2.968804	2.969576	2.149657	1.874418	1.897314	-1000	24.14491
588848900971299298	145.47114681	0.66932087	22.84851	22.53132	21.20048	20.53224	19.91923	0.926931	2.968804	2.969576	1.931132	1.824043	1.933071	-1000	22.33098
588848900971299334	145.50227442	0.66003411	23.33905	22.43818	21.12033	20.64142	20.11884	1.049067	2.968804	2.969576	2.267951	1.603164	1.930194	-1000	22.59579
588848900971299364	145.52829365	0.6745819	22.67584	22.29496	22.07839	21.75136	22.03872	0.7724974	1.122658	1.663847	1.548706	1.408211	0.9567103	0.2679949	22.59066
588848900971299456	145.44963436	0.83204597	23.80326	23.71818	21.74326	21.23954	20.73807	0.8943661	2.968804	0.6706749	2.158126	1.116306	1.104367	0.3301461	22.37257
588848900971299467	145.45958328	0.8300211	23.98151	23.36105	21.55215	21.0198	22.04584	2.012526	4.58233	4.583522	2.969621	2.549849	0.5666928	-1000	23.04206
588848900971299482	145.4815763	0.66145645	24.69664	23.5141	22.31234	22.40301	22.08356	0.6857619	2.968804	2.969576	1.561259	1.386041	2.969238	-1000	24.03119
588848900971299484	145.48211917	0.83878072	25.80152	23.41142	22.15677	22.17029	21.88067	1.603994	2.968804	2.969576	7.358338	2.969343	2.969238	-1000	23.20848
588848900971299509	145.50245104	0.72280047	23.33545	25.4138	23.32174	22.04929	21.88742	1.396371	2.968804	2.969576	2.969621	1.921041	1.509219	-1000	24.7965
588848900971299525	145.51535435	0.74580938	25.00589	23.69076	22.03765	21.56288	20.78734	0.7524182	2.968804	2.969576	1.489144	1.137287	2.018704	-1000	24.8537
588848900971299528	145.51803329	0.72144026	25.72865	23.7726	22.28	21.71764	21.14114	0.7455264	4.58233	0.1014784	1.926676	1.401987	1.627025	0.03643803	22.46846
588848900971299550	145.53051891	0.70641412	24.66139	24.15052	22.46281	22.74343	23.00653	0.5482915	2.968804	4.583522	1.760163	2.969343	2.969238	-1000	23.342
588848900971299563	145.54104331	0.64498687	24.50617	23.48153	22.17264	21.34911	20.50685	0.6651803	2.968804	2.969576	1.384132	1.732309	3.256243	-1000	23.27613
588848900971299566	145.54302418	0.63885935	24.61051	23.07082	22.10776	21.80989	23.80116	0.8741475	2.968804	2.969576	1.852828	1.796201	2.969238	-1000	23.67639
588848900971299641	145.46421166	0.7300498	23.65936	24.94654	23.01447	21.88778	22.23137	0.7236938	7.356313	2.969576	2.969621	1.755436	2.969238	-1000	26.5417
588848900971299651	145.48418681	0.76695918	24.86128	23.1701	22.8898	21.76474	21.56355	1.034274	4.58233	7.358226	2.969621	1.512194	2.969238	-1000	23.11035
588848900971299675	145.5239471	0.78911471	25.69453	23.9794	22.53469	21.5825	21.00816	0.6344765	2.968804	2.969576	1.321034	2.155089	2.007335	-1000	24.5556
588848900971299678	145.53080356	0.688694	23.49693	24.87286	22.7491	21.6251	20.60359	0.4004898	18.01229	2.969576	1.442184	2.969343	1.432538	-1000	26.66765
588848900971299721	145.4686822	0.79407172	25.57809	23.77216	22.81149	21.78912	20.94316	2.064505	2.968804	7.358226	2.969621	2.126878	2.647482	-1000	23.44703
588848900971299727	145.46261658	0.80102095	23.34283	24.51865	25.06407	24.25666	20.51984	-9999	2.968804	2.969576	2.969621	2.969343	2.450801	-1000	25.07645
588848900971364374	145.56012547	0.6814682	22.80619	22.10335	21.6747	24.29543	22.46387	1.615226	2.969064	2.969459	2.970076	2.96966	2.969321	-1000	22.23281
588848900971364407	145.58515763	0.63940778	21.65485	21.50398	21.31173	20.53442	21.12759	1.639579	2.969064	2.969459	2.970076	3.353081	1.24731	-1000	21.92884
588848900971364478	145.68367367	0.74584547	24.30244	24.66333	23.0001	21.61633	24.61601	2.018497	2.969064	2.969459	2.970076	2.96966	2.969321	-1000	24.05628
588848900971364681	145.63305891	0.77295669	26.1076	21.13051	20.43662	20.84606	19.95029	1.315819	2.969064	2.969459	2.970076	2.96966	68.29183	-1000	22.43915
588848900971364729	145.56703709	0.82935616	24.27196	22.27761	20.7698	20.33957	19.83204	0.8212177	4.582732	2.284543	1.614518	1.651076	1.541161	0.4676352	22.01384
588848900971364750	145.57957672	0.76804567	22.42334	22.34858	21.08893	20.96207	21.4156	1.29979	2.969064	2.969459	2.806707	2.243158	1.418648	-1000	23.07653
588848900971364777	145.59353541	0.78781	25.15256	23.64289	21.33311	20.70005	20.79695	0.8431778	2.969064	2.969459	1.914762	1.792118	1.624604	-1000	25.08772
588848900971364787	145.59596707	0.80756055	24.65788	21.94206	21.26106	21.36798	21.56422	0.934001	7.356958	1.46923	1.752007	1.67063	1.082114	0.2536512	22.2757
588848900971364790	145.59687471	0.73159612	24.32836	22.59385	21.55612	21.30091	21.26627	0.8996989	4.582732	2.969459	1.92804	2.256191	2.477785	-1000	22.0669
588848900971364792	145.59895905	0.6429055	22.59274	22.20063	21.76348	21.1691	20.89089	0.738948	2.969064	2.144019	1.522475	1.184411	1.427936	0.2729125	22.06431
588848900971364793	145.59992924	0.80609938	23.34949	22.33344	20.35531	19.70042	19.33661	0.9873715	0.8631163	1.77042	1.862724	1.897845	1.760989	0.2364047	22.83798
588848900971364801	145.60265126	0.80244873	24.34941	22.16529	21.79173	21.51139	21.10612	0.9130409	2.969064	1.596295	2.292454	2.249747	1.556034	0.2056578	22.58342
588848900971364817	145.61046663	0.80902761	23.97651	22.58748	21.68475	21.55462	21.17797	0.960703	1.086193	2.969459	2.035373	18.01749	3.510839	-1000	22.71609
588848900971364822	145.61144872	0.65304172	23.27739	22.42585	20.91207	20.39162	20.01322	0.8361948	0.06803214	1.769116	1.598385	1.910522	11.30384	0.292963	22.40394
588848900971364823	145.61213046	0.80247525	23.32277	22.63684	21.09948	20.62383	20.05503	1.513236	2.969064	2.969459	2.970076	2.670116	2.354259	-1000	22.72093
588848900971364908	145.65815115	0.82490415	24.668	22.75959	22.52515	21.83728	21.22021	0.6673503	2.969064	4.583341	1.565925	2.96966	1.443303	-1000	22.7088
588848900971364925	145.66368508	0.65237902	22.33958	21.25241	20.53232	20.23733	19.94302	1.327771	7.356958	3.321231	2.86831	2.749215	1.780877	0.4707325	21.15092
588848900971364928	145.66588723	0.74283287	22.67431	22.6033	21.10366	20.64335	19.71911	1.344721	2.969064	1.244986	2.605586	1.652412	3.412715	0.1670049	22.67218
588848900971364929	145.66682139	0.81226135	23.5124	22.36388	20.60839	20.0195	19.65033	2.537783	2.969064	11.30436	11.30671	2.613189	3.336668	-1000	21.14981
588848900971365014	145.56279837	0.83497646	24.81103	23.08348	20.81489	19.79334	19.13911	1.581552	0.300368	2.969459	7.359465	3.065306	4.407973	-1000	22.57751
588848900971365015	145.5631706	0.75384915	21.93977	22.46152	20.71028	19.88913	19.46419	2.300286	0.801476	2.969459	2.970076	2.97166	2.058331	-1000	22.46054
588848900971365020	145.56597563	0.80550062	24.69394	23.49136	21.97541	21.19512	20.41958	0.808354	4.582732	2.969459	1.55444	2.999692	1.348402	-1000	26.25325
588848900971365033	145.57068983	0.73912581	26.01119	23.08131	21.7714	21.50885	20.82162	0.9506237	18.01387	2.969459	1.752659	1.539515	2.172903	-1000	22.99369
588848900971365041	145.57665645	0.72946388	24.67431	23.19123	21.61759	21.1535	20.70883	1.038165	0.09752565	2.969459	2.261953	1.448586	2.150229	-1000	22.74433
588848900971365060	145.58970583	0.7470108	25.45436	22.96346	21.84852	21.26424	20.84732	0.9596542	2.969064	2.969459	1.844067	2.742148	2.498424	-1000	22.82657
588848900971365064	145.59089654	0.70957917	24.80675	24.08587	22.40603	22.24825	21.39198	0.6834508	4.582732	0.09074883	1.201055	2.96966	1.355831	0.03360485	23.66242
588848900971365070	145.59748226	0.75875769	26.11903	23.77335	21.95027	21.59368	21.08373	0.6580214	2.969064	11.30436	1.42283	1.736936	1.437131	-1000	23.74231
588848900971365081	145.60309101	0.76131402	25.68075	23.49343	22.33672	21.81133	20.92358	0.7479044	2.969064	2.969459	1.530344	1.789274	1.348506	-1000	23.66566
588848900971365095	145.60871788	0.69690189	25.88641	23.24486	21.54984	20.97301	20.68616	1.1803	2.969064	2.969459	2.545483	1.291779	1.18924	-1000	22.739
588848900971365098	145.61029445	0.76537157	22.67197	22.87399	21.40465	21.24157	20.52393	1.239371	4.582732	2.969459	2.970076	2.008115	3.003515	-1000	23.04178
588848900971365102	145.61107034	0.71031786	24.04969	23.45156	22.37605	21.51188	21.40494	0.8359827	7.356958	7.357935	2.970076	1.454916	2.833775	-1000	22.29431
588848900971365106	145.61276592	0.70062989	25.05043	24.84993	21.74293	22.39674	21.61845	1.271779	11.30286	11.30436	2.970076	2.96966	1.148197	-1000	25.1184
588848900971365122	145.62232665	0.79255395	23.97421	22.99725	21.21463	20.5542	19.90441	1.088661	2.969064	2.969459	1.919337	1.75462	3.237231	-1000	23.02853
588848900971365136	145.63485154	0.81937778	23.91556	23.6201	21.82055	22.23644	22.70863	0.8601736	4.582732	4.583341	1.865654	2.96966	0.6795334	-1000	23.34658
588848900971365138	145.63794145	0.65363394	23.36325	23.15399	22.01956	22.64567	23.03638	2.268658	11.30286	2.969459	11.30671	2.96966	2.969321	-1000	27.41006
588848900971365166	145.65675837	0.73905682	25.25247	23.60019	21.8245	21.21508	21.05576	1.623806	0.7205815	18.01626	2.970076	2.96966	1.522524	-1000	23.02621
588848900971365176	145.66184118	0.67979632	24.55815	23.48427	22.29426	21.68568	21.91634	0.5717828	4.582732	2.969459	2.970076	1.838138	0.6912031	-1000	23.37848
588848900971365182	145.66709531	0.76095324	22.62228	22.32847	20.70693	20.5505	20.3269	2.582156	7.356958	7.357935	7.359465	1.547873	2.459489	-1000	22.51954
588848900971365186	145.66883325	0.67363659	22.91879	22.635	21.7863	21.37162	21.22391	3.076477	0.100212	2.969459	2.970076	2.96966	2.969321	-1000	22.10672
588848900971365197	145.67455981	0.82073475	24.93949	23.25821	22.027	21.42843	20.52574	0.8051391	2.969064	7.357935	1.56332	1.544578	3.782448	-1000	22.71282
588848900971365199	145.67761699	0.67296058	23.61577	22.6717	21.1881	20.51356	19.87864	1.221308	7.356958	2.969459	2.113253	4.963112	2.042205	-1000	22.90586
588848900971365249	145.56795887	0.81972275	24.31866	25.50203	23.02051	21.89486	20.66696	0.5155914	4.582732	4.583341	2.970076	1.099473	1.594067	-1000	25.10778
588848900971365261	145.59191285	0.7503502	24.51121	24.55111	23.02645	21.87268	21.63214	0.7570326	2.969064	2.969459	2.970076	1.397442	4.583129	-1000	24.46587
588848900971365271	145.60662271	0.67226253	24.01325	24.11642	23.97351	21.9203	21.15793	1.937876	2.969064	7.357935	2.970076	1.459731	2.302135	-1000	23.44396
588848900971365321	145.6958601	0.83802097	25.59336	25.16607	23.13779	21.88445	21.93261	0.6052719	4.582732	2.969459	1.258096	1.753679	0.08707414	-1000	25.67028
588848900971365354	145.68006621	0.71713304	19.66807	19.15407	28.9031	27.76037	26.71252	-9999	0.2542489	43.76221	43.77131	1.089062	2.969321	-1000	19.84405
588848900971365364	145.68199707	0.79931615	25.63252	22.99757	22.11276	21.0683	21.60236	1.729169	4.582732	4.583341	4.584293	3.216663	2.969321	-1000	22.69063
588848900971429898	145.72961809	0.79776569	24.32884	24.00086	23.45163	22.25494	22.47111	3.711434	2.969262	2.968944	2.969935	1.256867	4.583971	-1000	23.56869
588848900971429911	145.72028519	0.80980972	22.38303	23.00268	24.4888	21.40545	23.69128	0.03196248	2.969262	2.968944	2.969935	2.969401	2.969867	-1000	23.19758
588848900971429942	145.75983595	0.82822989	27.28749	20.7132	21.0876	19.07056	20.76288	1.85627	2.969262	2.968944	18.01915	2.454513	2.969867	-1000	22.87185
588848900971429965	145.79114225	0.67851777	26.26323	26.83813	22.83765	20.92347	21.6041	1.770504	0.2875175	0.2469113	2.969935	2.969401	2.969867	0.06939476	26.02184
588848900971430053	145.77474143	0.71339402	23.6942	22.56154	22.28284	22.07019	20.66157	0.8750297	2.969262	2.968944	2.969935	2.117721	2.661328	-1000	22.05195
588848900971430093	145.8373404	0.74676143	21.05812	19.5285	18.5348	18.05317	17.72011	1.414382	3.364487	3.015772	3.027781	2.739612	2.548342	0.1241916	19.54138
588848900971430122	145.75676782	0.75497653	24.68449	23.7438	21.80054	21.19074	20.39332	0.6726311	2.969262	2.968944	1.501691	1.620362	1.940665	-1000	24.5294
588848900971430142	145.78540537	0.67407483	21.20666	19.48996	18.35586	17.78272	17.35508	2.63682	27.91508	5.900445	5.948046	5.917273	4.878468	0.5442101	19.42831
588848900971430147	145.78868698	0.71829977	24.23923	22.24929	20.79852	20.26021	19.61856	1.34275	2.969262	7.356659	2.919458	2.269532	2.588034	-1000	21.65772
588848900971430186	145.84651144	0.6668656	23.66712	21.4894	19.87712	19.2553	18.94911	1.023693	2.969262	2.317476	2.160262	1.902027	1.824189	0.8020392	21.59694
588848900971430228	145.73253326	0.65425173	21.93603	24.92449	22.82427	23.7305	21.46242	1.69057	1.337634	2.968944	2.969935	4.583251	0.9738006	-1000	24.58466
588848900971430271	145.84105267	0.65422897	21.66527	25.98993	25.22021	24.8424	21.78399	3.408593	4.583037	2.968944	2.969935	0.4365889	4.583971	-1000	24.76219
588848900971430303	145.71373773	0.77828445	24.78127	22.85374	21.64746	21.30202	20.96237	0.7232687	2.969262	2.968944	1.405745	2.103171	1.004507	-1000	22.90862
588848900971430335	145.74256963	0.83023844	24.2338	22.6736	20.98158	20.58301	20.12057	0.9038139	2.969262	2.968944	1.739094	1.758516	1.266202	-1000	22.85725
588848900971430336	145.74372817	0.69153055	22.94404	22.02983	20.71848	20.04847	19.77209	0.8398256	2.969262	2.208719	1.64642	1.68587	1.902202	0.3054116	21.89434
588848900971430344	145.74896355	0.75939801	23.82081	22.01322	20.72123	20.19028	19.82905	1.11525	11.30361	2.968944	2.056209	2.033798	2.233717	-1000	21.97302
588848900971430382	145.78462032	0.79636223	23.44798	21.98938	20.46899	19.86839	19.3902	0.8780483	27.91508	2.968944	1.777066	1.637468	3.25836	-1000	21.68534
588848900971430426	145.80980391	0.78416385	23.7482	24.746	22.44801	21.94222	21.27336	0.8379703	2.969262	2.968944	2.969935	1.389609	1.370767	-1000	24.67725
588848900971430439	145.81836152	0.74525836	26.20361	23.24724	21.2689	20.65046	20.11649	1.008272	2.969262	7.356659	1.954605	2.611773	7.358947	-1000	22.47294
588848900971430446	145.82294934	0.80818836	22.80456	22.25451	21.21272	20.00476	19.37588	1.060786	1.091017	2.968944	2.992858	2.311284	8.54173	-1000	21.76407
588848900971430456	145.8282294	0.80553314	24.08108	21.96713	20.70425	19.93349	19.66038	1.248255	2.969262	2.968944	2.738252	2.162648	3.565678	-1000	22.20345
588848900971430475	145.84173263	0.64679511	22.51526	22.18289	20.98036	20.608	20.12345	1.181564	7.357448	1.956398	2.448451	2.562813	2.549576	0.2161465	22.66443
588848900971430478	145.84374452	0.75955652	23.36158	22.48596	21.45272	20.73303	20.43068	0.8650971	4.583037	2.968944	2.138949	1.450614	1.387065	-1000	23.03208
588848900971430480	145.84397754	0.78513128	22.21095	21.39955	20.94044	20.83479	20.59977	1.622495	2.969262	2.091306	7.359116	3.062114	1.514565	0.2270364	22.0857
588848900971430482	145.84584619	0.78050133	26.67237	22.37908	23.11322	22.8193	22.09801	1.228126	4.583037	2.968944	2.969935	2.969401	2.969867	-1000	22.60561
588848900971430517	145.71768044	0.67662432	23.20847	23.02774	22.00024	21.64521	21.60865	2.487075	2.969262	2.968944	2.969935	1.968037	2.19992	-1000	23.8519
588848900971430559	145.75146055	0.76999133	23.47645	22.53821	21.47683	20.82422	20.87056	1.105477	11.30361	2.968944	2.048465	3.201178	1.104267	-1000	22.66767
588848900971430571	145.75862188	0.70842912	23.46266	23.2596	22.11104	22.40827	21.35631	1.006867	4.583037	2.968944	2.969935	1.019699	1.38268	-1000	22.38281
588848900971430581	145.7643929	0.73817178	24.84626	23.32591	22.08648	21.48062	21.16938	0.6173373	0.3129669	2.968944	1.404535	1.852721	1.105375	-1000	23.41435
588848900971430603	145.78065749	0.70180218	24.73889	26.22898	21.92124	22.29617	22.40049	0.6612365	2.969262	2.968944	2.969935	1.029013	2.969867	-1000	25.77006
588848900971430604	145.78200447	0.72103368	23.78001	23.63966	22.23172	20.89749	20.17347	1.611239	2.969262	1.224872	2.969935	2.969401	6.170563	1.142422	25.67814
588848900971430629	145.8004644	0.69861287	24.89553	23.55497	22.34539	22.79934	22.0042	0.6484947	2.969262	2.968944	2.969935	2.969401	0.03423205	-1000	23.5114