587729149846946417	151.62364969	-2.55149417	22.57935	23.04046	21.84181	21.5057	21.32171	0.8456959	1.241616	7.359079	2.013697	1.278557	1.891172	-1000	22.71375
587729149846946418	151.62181051	-2.68687762	26.18671	22.60095	21.48422	21.24012	21.71846	1.734202	0.2548627	11.30611	7.359329	2.969773	2.969635	-1000	22.08884
588848900971299315	145.49063814	0.83448114	25.8066	22.26289	20.4253	19.6137	19.09072	1.246801	7.356313	2.969576	2.820531	2.208812	2.119125	-1000	22.66891
588848900971299375	145.53609487	0.64045267	21.74479	20.14293	19.06	18.53881	18.16639	1.654211	18.01229	3.738626	3.577788	3.362953	3.867462	0.3097617	20.11728
588848900971299378	145.5370497	0.81968934	24.12306	22.89168	22.08695	21.60033	21.71415	0.712598	4.58233	2.969576	1.683445	1.575868	4.583	-1000	23.20863
588848900971299470	145.46290988	0.75827818	25.60176	23.26489	21.97455	21.5974	21.69351	1.587612	2.968804	2.969576	7.358338	2.969343	0.63341	-1000	23.30184
588848900971299477	145.46740297	0.66810579	24.15719	23.3251	22.51668	22.01244	22.52998	0.6026241	2.968804	2.969576	1.185696	1.980901	2.969238	-1000	23.31664
588848900971299481	145.47876918	0.6784166	24.73491	23.76272	22.01288	21.76014	21.47912	0.9840796	4.58233	2.969576	2.969621	2.095881	2.087653	-1000	24.88334
588848900971299491	145.48839722	0.78773458	23.84792	23.34747	21.74711	21.33248	21.15536	1.498724	2.968804	2.969576	2.969621	1.956842	1.874886	-1000	22.65935
588848900971299496	145.49294563	0.7644599	25.93251	23.88899	21.80904	20.66287	19.95893	1.120963	2.968804	2.969576	2.143806	1.903681	5.190115	-1000	24.63089
588848900971299509	145.50245104	0.72280047	23.33545	25.4138	23.32174	22.04929	21.88742	1.396371	2.968804	2.969576	2.969621	1.921041	1.509219	-1000	24.7965
588848900971299512	145.50572247	0.66899493	24.26821	23.24106	21.27722	20.77361	20.48853	1.22829	2.968804	2.969576	2.744084	3.579942	1.756304	-1000	22.87648
588848900971299525	145.51535435	0.74580938	25.00589	23.69076	22.03765	21.56288	20.78734	0.7524182	2.968804	2.969576	1.489144	1.137287	2.018704	-1000	24.8537
588848900971299553	145.5328557	0.73742912	24.62729	23.24893	22.05316	22.11275	21.03881	0.7109339	4.58233	2.969576	1.233709	2.108019	2.010997	-1000	22.95362
588848900971299607	145.42274482	0.63584069	25.04078	22.69692	22.32179	21.6887	21.50176	1.94022	4.58233	2.969576	11.30498	2.577097	1.887293	-1000	23.09022
588848900971299636	145.46009295	0.81126981	25.27539	23.65169	22.67978	21.42384	20.75367	1.920937	4.58233	2.969576	2.969621	1.539007	1.784063	-1000	24.22967
588848900971299647	145.47529439	0.67613626	24.82423	24.66483	22.33971	20.96085	20.00053	1.144856	2.968804	4.583522	2.969621	1.780061	2.389208	-1000	23.42165
588848900971299659	145.49832188	0.66841488	23.61742	23.30926	22.70238	21.41473	21.32982	0.8811498	1.161304	2.969576	1.727135	1.399646	2.296569	-1000	23.06705
588848900971299680	145.53201631	0.81672704	24.57616	23.29006	23.1687	21.60308	20.86428	0.5870591	2.968804	43.76394	2.969621	1.834718	1.584244	-1000	23.27269
588848900971299706	145.47505946	0.7063353	23.55217	25.78945	23.67198	24.55047	19.91768	1.271414	2.968804	2.969576	27.91846	2.969343	1.086532	-1000	25.11933
588848900971364381	145.56662864	0.70404237	24.69489	20.9339	19.17891	18.57111	18.15159	1.198245	2.969064	2.853852	2.550867	2.380275	4.208869	0.594164	20.97693
588848900971364413	145.58926303	0.64211228	22.70613	21.1002	21.57108	19.32983	24.8456	2.127372	0.8424387	2.969459	2.970076	2.933627	2.969321	-1000	22.82337
588848900971364443	145.64337174	0.79528649	25.31243	23.05308	21.89717	20.94407	21.28448	0.9032195	2.969064	2.969459	2.970076	1.225549	18.01543	-1000	23.86193
588848900971364452	145.67701057	0.66111244	24.97617	23.23387	21.71149	20.6847	19.97879	1.784534	0.3036712	2.969459	3.511609	2.627892	2.305961	-1000	22.31137
588848900971364457	145.68675872	0.74310207	19.23189	18.09471	16.30136	16.07232	16.0961	1.000265	1.567386	1.609936	2.192239	1.760194	1.478637	0.8115393	18.38623
588848900971364470	145.69269849	0.7457748	25.97525	23.42711	22.07155	21.31724	21.51217	1.575582	2.969064	2.969459	2.970076	3.214091	2.969321	-1000	23.05847
588848900971364615	145.6777353	0.79690604	22.9853	20.97425	19.65038	19.07325	18.67849	0.9186678	4.582732	2.526257	1.866898	1.858482	2.017527	0.400126	20.88809
588848900971364617	145.6824346	0.75083338	21.52887	19.95936	18.94798	18.45843	18.10882	1.432086	2.295664	3.089059	3.106986	2.595371	2.611225	0.1497248	20.05199
588848900971364649	145.66070414	0.63386163	21.91088	20.97094	19.1926	18.39754	17.91889	1.503704	2.969064	2.969459	3.190379	2.937877	3.179358	-1000	20.93655
588848900971364670	145.60592395	0.6577791	22.41781	25.25891	24.80823	24.61186	23.04263	-9999	3.999108	2.969459	4.584293	2.96966	2.969321	-1000	26.76402
588848900971364713	145.55696027	0.70811269	24.54811	22.77662	21.56213	21.19548	20.42659	0.6958809	2.969064	2.969459	1.847624	1.273979	1.379037	-1000	22.59435
588848900971364770	145.59137301	0.74044913	22.60309	22.25135	21.3194	20.91175	20.21236	0.8174731	0.9214987	2.969459	1.646805	1.43282	3.444364	-1000	22.75924
588848900971364774	145.59277282	0.83334914	22.40101	22.1621	21.1743	20.87584	20.61532	1.044193	7.356958	2.969459	2.431553	2.679001	2.957717	-1000	21.91164
588848900971364817	145.61046663	0.80902761	23.97651	22.58748	21.68475	21.55462	21.17797	0.960703	1.086193	2.969459	2.035373	18.01749	3.510839	-1000	22.71609
588848900971364828	145.61271588	0.73414522	22.63358	22.80817	22.05921	22.0379	21.02651	0.595817	1.33581	2.969459	1.656137	2.256339	0.8538995	-1000	23.42541
588848900971364834	145.61429619	0.66261565	24.16181	23.01233	21.55399	20.32604	19.51411	0.7106974	43.7564	1.104986	1.473102	1.579317	5.392295	0.2244201	22.8885
588848900971364842	145.61806345	0.65457404	21.26274	19.86794	19.09434	18.65515	18.32769	1.77182	0.01011672	4.875521	4.012148	3.865013	3.442872	0.54408	19.67134
588848900971364845	145.61780239	0.75902838	23.22034	22.24995	21.68936	21.64226	20.82209	1.212848	2.969064	2.969459	2.465202	2.748805	1.897145	-1000	22.1102
588848900971364851	145.6196697	0.67019518	23.21253	22.57599	21.52726	21.10124	22.06489	1.008334	0.1005937	2.969459	2.457073	2.173753	2.812175	-1000	23.15218
588848900971364932	145.66725104	0.65178416	22.48463	21.50665	20.49054	20.09787	19.51151	1.393236	2.969064	2.969459	2.67572	1.917704	1.710796	-1000	22.04513
588848900971364936	145.66760882	0.71642968	22.95569	21.34185	27.04825	25.56727	25.15039	-9999	0.7504776	7.357935	2.970076	2.96966	7.357596	-1000	22.18675
588848900971364939	145.66888999	0.70874657	22.82776	22.76247	22.15462	22.05293	21.5009	-9999	2.969064	2.969459	2.970076	1.6129	2.576066	-1000	22.81855
588848900971364958	145.68235597	0.78854333	24.08979	22.87106	22.00296	21.42117	20.69242	0.5773766	2.969064	2.969459	1.196559	1.612946	0.9290002	-1000	22.71737
588848900971364983	145.69876684	0.78926426	22.88851	22.1672	21.02593	20.71387	20.33491	0.9989359	1.655048	2.061285	2.067941	1.949564	5.056507	0.3242984	22.62395
588848900971365003	145.55500589	0.76761722	26.04373	23.84114	21.89223	22.21142	21.06923	0.6727757	0.06594219	2.969459	1.494162	2.96966	1.342103	-1000	25.9943
588848900971365007	145.55913314	0.83782158	23.34118	22.63174	21.0042	20.37102	19.88124	1.31785	11.30286	11.30436	2.225682	1.904526	2.016158	-1000	21.94732
588848900971365034	145.57120403	0.74753332	23.02993	22.9692	21.31143	20.79939	19.96626	1.029852	2.969064	2.969459	1.984445	1.39229	1.705044	-1000	22.74604
588848900971365057	145.58759541	0.79856111	24.21943	23.26199	22.28704	22.31604	22.08794	0.7238566	2.969064	2.969459	1.634984	2.96966	1.398563	-1000	22.87645
588848900971365060	145.58970583	0.7470108	25.45436	22.96346	21.84852	21.26424	20.84732	0.9596542	2.969064	2.969459	1.844067	2.742148	2.498424	-1000	22.82657
588848900971365071	145.59626601	0.75828742	23.36853	25.08003	21.78151	21.23992	20.63315	1.292174	2.969064	2.969459	2.970076	1.605664	0.8158432	-1000	25.84715
588848900971365079	145.60217556	0.76876434	25.6545	23.03242	21.21252	20.7654	20.15345	0.9202918	4.582732	2.969459	2.245282	1.833674	7.357596	-1000	23.39602
588848900971365094	145.6085092	0.75970659	26.3495	23.47932	21.84556	21.61633	21.25598	1.215249	2.969064	7.357935	2.970076	2.96966	18.01543	-1000	21.89881
588848900971365133	145.63010226	0.64162132	23.32368	23.48377	22.31982	22.53072	21.79865	0.9665398	0.1083514	4.583341	2.970076	2.96966	0.9019136	-1000	22.76892
588848900971365145	145.64024946	0.7622582	23.84381	22.3823	20.90929	20.03988	19.64721	1.81334	2.969064	18.01626	2.970076	2.4075	2.282408	-1000	22.26183
588848900971365152	145.64289556	0.73491472	22.86415	26.43282	21.76084	25.59162	22.33865	1.862595	18.01387	0.08720725	2.970076	18.01749	0.1011375	0.1096266	25.09573
588848900971365157	145.64467547	0.79164114	25.29218	25.38943	22.21438	21.74974	21.11119	0.6131032	0.1552534	2.969459	2.970076	1.611015	0.7044182	-1000	26.02828
588848900971365181	145.66594268	0.67898914	23.43445	23.47458	22.30567	21.91577	21.40629	0.7493484	2.969064	2.969459	1.722665	1.350883	1.215525	-1000	23.88552
588848900971365186	145.66883325	0.67363659	22.91879	22.635	21.7863	21.37162	21.22391	3.076477	0.100212	2.969459	2.970076	2.96966	2.969321	-1000	22.10672
588848900971365196	145.67434487	0.74263026	22.08545	21.75153	20.46173	20.69912	20.67628	9.458374	2.969064	2.969459	27.92274	1.290532	0.09900028	-1000	19.85461
588848900971365200	145.67750252	0.83777722	23.2707	23.8099	21.92896	20.69438	19.88396	1.360417	2.969064	2.969459	2.970076	1.637335	1.795822	-1000	24.89394
588848900971365207	145.68060771	0.67540316	24.2695	22.61027	21.41804	21.11446	20.96568	1.03904	2.969064	2.969459	2.262648	1.812608	1.583228	-1000	22.5892
588848900971365228	145.70219448	0.7856175	23.78742	22.79032	21.96185	22.70859	21.3144	1.14134	2.969064	2.969459	1.92832	2.96966	27.91564	-1000	22.79798
588848900971365275	145.60837429	0.64654572	23.5865	24.39034	23.51137	22.02116	21.70538	0.5629238	2.969064	2.969459	2.970076	0.9340594	1.155447	-1000	24.97094
588848900971365310	145.67600418	0.8049973	23.82724	23.57087	22.91512	21.8437	21.11496	2.35295	2.969064	2.969459	7.359465	1.868511	1.787741	-1000	24.0337
588848900971365319	145.69296143	0.65416187	23.75654	24.55082	22.71839	21.73271	21.36417	0.6867509	2.969064	2.969459	2.970076	1.333154	2.86128	-1000	24.92752
588848900971365326	145.70291842	0.76612434	24.33775	25.11235	23.37174	21.79979	20.84975	0.2725469	2.969064	2.969459	2.970076	2.96966	2.171562	-1000	27.52118
588848900971365358	145.66426892	0.76347289	25.04267	23.34827	21.97896	23.7703	20.7529	1.552238	7.356958	2.969459	7.359465	2.96966	7.357596	-1000	23.38359
588848900971365360	145.69834421	0.81568198	24.68727	23.62812	22.38768	23.12506	21.69796	0.8633518	4.582732	2.969459	2.970076	2.96966	0.8740624	-1000	22.98301
588848900971429906	145.71942954	0.80192357	24.55315	22.35848	21.69403	21.88594	22.82526	1.390409	2.969262	2.968944	2.969935	2.969401	0.1016522	-1000	24.61194
588848900971429933	145.75282812	0.82772734	24.79363	22.29384	21.26164	20.58069	20.39923	1.055539	2.969262	2.968944	2.316399	3.515477	3.342718	-1000	22.35532
588848900971429963	145.7921427	0.68033779	23.0979	22.80008	24.05872	21.49239	22.33324	3.109898	2.969262	2.968944	7.359116	7.357791	7.358947	-1000	23.06225
588848900971429965	145.79114225	0.67851777	26.26323	26.83813	22.83765	20.92347	21.6041	1.770504	0.2875175	0.2469113	2.969935	2.969401	2.969867	0.06939476	26.02184
588848900971429993	145.84801261	0.81013333	23.36267	24.45969	23.48737	22.12832	21.12897	0.7346941	0.4616276	2.968944	2.969935	1.26282	7.358947	-1000	24.60171
588848900971430016	145.72432616	0.7298418	22.39601	22.08099	21.41777	21.12374	20.87391	0.8239553	1.609385	1.73814	1.946523	2.69618	3.198536	0.3676504	21.9518
588848900971430064	145.79882881	0.65050024	22.03069	19.24016	17.89921	17.31847	16.85329	1.625405	18.01507	4.150573	3.680145	3.580621	3.08342	0.432494	19.31677
588848900971430121	145.75808377	0.75411806	23.16844	20.8649	19.66813	19.17801	18.83347	0.846007	2.969262	2.537857	1.75282	1.730192	1.477638	0.429149	20.77812
588848900971430129	145.76343839	0.66330057	24.30629	22.89885	21.74133	21.36786	20.43628	0.8544015	7.357448	2.968944	1.688854	1.732321	2.658	-1000	23.32995
588848900971430139	145.77378484	0.63713611	24.19977	21.64619	19.97319	19.4123	19.02904	0.950205	0.674166	2.968944	1.856452	2.007493	2.075294	-1000	21.63289
588848900971430258	145.81655291	0.6935191	24.93228	22.94297	21.97182	21.64059	20.99836	1.071617	2.969262	2.968944	2.29644	2.969401	3.306007	-1000	22.69074
588848900971430285	145.70484373	0.77136912	22.23493	21.5784	20.61158	20.26315	19.683	0.9366756	2.969262	2.309339	1.770756	1.6659	3.554193	0.2197067	21.54755
588848900971430290	145.70850208	0.69891371	22.68754	21.84247	20.90833	20.63913	20.32	1.69823	1.276488	1.971377	2.969935	2.125091	2.96499	0.231276	21.66809
588848900971430301	145.71213556	0.64267502	25.65724	23.04279	22.17618	22.94954	23.22105	0.954735	7.357448	2.968944	2.969935	2.969401	0.2911817	-1000	23.56107
588848900971430316	145.72374933	0.67606802	24.86208	22.67978	22.23875	21.81941	22.66328	0.7931256	4.583037	2.968944	2.969935	1.387377	2.969867	-1000	23.07475
588848900971430317	145.72535238	0.7813429	22.61257	22.25556	21.98373	21.89242	22.31034	0.8718254	0.7949014	1.378215	2.969935	2.969401	0.1227582	0.2014284	22.74704
588848900971430335	145.74256963	0.83023844	24.2338	22.6736	20.98158	20.58301	20.12057	0.9038139	2.969262	2.968944	1.739094	1.758516	1.266202	-1000	22.85725
588848900971430350	145.75316863	0.67943542	21.84629	20.83005	19.8473	19.29235	19.15418	1.893811	11.30361	2.968944	3.79278	3.669193	6.409338	-1000	20.93263
588848900971430352	145.75577705	0.69554733	22.57258	22.39137	21.31836	20.75514	19.96794	1.056547	7.357448	2.968944	1.924027	3.308586	2.085211	-1000	22.27099
588848900971430375	145.77920231	0.78045103	23.49973	22.46482	21.93898	21.70875	21.64954	0.7476658	0.8064771	2.968944	1.318995	1.644122	4.054954	-1000	22.32813
588848900971430386	145.78755355	0.71467538	23.48828	21.80047	20.56539	19.91784	19.29816	1.214557	2.969262	1.853988	2.49814	2.458544	3.57906	0.3328274	21.81359
588848900971430414	145.80352846	0.64188445	23.55022	22.10005	21.39198	20.92602	20.43344	1.219206	2.969262	2.968944	2.969935	1.869734	2.969867	-1000	22.40909
588848900971430454	145.8279456	0.64124355	22.14412	21.8541	20.71503	20.54638	20.15886	1.994242	43.75931	2.968944	11.30617	1.499925	1.988519	-1000	22.50787
588848900971430459	145.83045811	0.65459202	24.64327	23.03778	21.91908	21.52267	21.07834	0.6922483	4.583037	1.113583	1.323841	1.310862	1.909226	0.2378348	23.58541
588848900971430488	145.85318759	0.73627594	22.91406	22.06024	21.17829	21.03265	20.59329	0.9506888	2.969262	11.3024	1.945008	1.924845	1.726864	-1000	21.73074
588848900971430521	145.71939701	0.76576684	23.386	23.85206	22.08067	22.05303	22.60655	0.7522649	2.969262	2.968944	1.704383	2.969401	2.969867	-1000	24.10353
588848900971430524	145.7198715	0.67439589	25.20639	24.07326	21.85174	20.95073	20.14369	1.795236	2.969262	2.968944	7.359116	3.657192	4.550062	-1000	27.09783
588848900971430541	145.73469848	0.74239182	23.77462	22.86039	21.95088	21.69842	21.29695	0.8015305	2.969262	2.968944	1.625705	2.051101	2.549128	-1000	22.27459
588848900971430557	145.75072213	0.63951229	26.69591	22.78795	21.83154	22.87918	22.99531	0.9701018	2.969262	1.014594	1.899548	2.969401	11.30591	0.9273508	22.75383
588848900971430614	145.78813766	0.76200955	24.41558	23.0883	21.9538	22.02317	22.01644	0.7061826	2.969262	2.968944	1.332235	1.296377	2.061296	-1000	22.79349
588848900971430617	145.79397278	0.75090025	24.39337	23.4171	21.68472	20.8454	20.27018	2.586863	2.969262	2.968944	2.969935	2.23987	2.825142	-1000	23.36769
588848900971430631	145.80102595	0.82898801	23.06683	22.20602	21.00852	20.76225	19.96737	1.84324	2.969262	27.91209	2.969935	2.277968	11.30591	-1000	22.23044