587729149846946428	151.63263451	-2.61203165	24.60177	23.23802	21.90563	21.30927	20.81629	0.7675635	2.96956	2.96992	1.67355	2.791054	2.852454	-1000	22.65133
588848900971299315	145.49063814	0.83448114	25.8066	22.26289	20.4253	19.6137	19.09072	1.246801	7.356313	2.969576	2.820531	2.208812	2.119125	-1000	22.66891
588848900971299340	145.50416663	0.76098365	22.50951	20.81962	20.02162	19.59682	19.3259	1.173755	2.968804	2.257083	2.404212	2.178187	1.705696	0.4799224	20.83715
588848900971299359	145.52278599	0.73743127	25.39848	23.00308	21.62613	21.17581	20.61108	0.6494257	2.968804	0.6760682	1.170723	1.195276	11.30352	0.06361668	22.89283
588848900971299411	145.40481355	0.76336659	25.97753	22.90523	21.29708	20.29427	19.25707	1.357357	4.58233	2.969576	3.319456	2.451655	3.129613	-1000	23.43718
588848900971299415	145.40903724	0.69057471	23.22724	23.17939	21.25282	20.44345	19.97673	1.520287	0.5677984	2.969576	2.969621	1.686438	5.08516	-1000	22.42132
588848900971299434	145.42769243	0.82719714	25.49871	22.68368	20.8117	20.43061	19.69099	3.404019	2.968804	2.969576	2.969621	1.236095	0.9191437	-1000	24.85702
588848900971299438	145.43358031	0.80337506	22.93598	22.4724	21.40861	22.00551	21.13297	2.136418	2.968804	2.969576	7.358338	2.969343	0.6630611	-1000	22.37182
588848900971299459	145.45176627	0.7860589	23.71013	23.31589	22.06541	21.25928	20.52785	0.9350412	2.12454	2.969576	2.969621	1.707383	7.357388	-1000	23.05268
588848900971299477	145.46740297	0.66810579	24.15719	23.3251	22.51668	22.01244	22.52998	0.6026241	2.968804	2.969576	1.185696	1.980901	2.969238	-1000	23.31664
588848900971299480	145.47293183	0.77607968	23.40898	23.58242	21.87377	21.78275	21.27834	1.027326	2.968804	2.969576	2.969621	0.9969741	1.342914	-1000	23.41748
588848900971299509	145.50245104	0.72280047	23.33545	25.4138	23.32174	22.04929	21.88742	1.396371	2.968804	2.969576	2.969621	1.921041	1.509219	-1000	24.7965
588848900971299523	145.51377073	0.63330075	26.3645	23.8718	21.72996	20.43219	19.57593	0.8289049	2.968804	2.969576	2.027697	1.223765	1.272521	-1000	27.87862
588848900971299528	145.51803329	0.72144026	25.72865	23.7726	22.28	21.71764	21.14114	0.7455264	4.58233	0.1014784	1.926676	1.401987	1.627025	0.03643803	22.46846
588848900971299532	145.52076864	0.73497653	23.41228	23.78833	22.01021	25.17185	23.08792	1.042181	2.968804	2.969576	2.969621	4.583162	0.7481157	-1000	24.53076
588848900971299556	145.53571363	0.7161012	23.87619	24.25732	22.07078	20.99093	20.517	0.8889138	2.968804	2.969576	1.767727	1.84622	1.465108	-1000	26.06859
588848900971299568	145.54354423	0.80960747	26.37629	23.82034	21.59009	20.99459	20.84467	3.859094	2.968804	2.969576	11.30498	1.46507	11.30352	-1000	23.31699
588848900971299573	145.5473148	0.82154951	24.56662	22.95788	21.49572	20.57346	20.01613	0.8328164	4.58233	2.969576	2.050998	1.756629	3.675588	-1000	23.02259
588848900971299604	145.4189441	0.74880384	24.65115	23.91278	22.83097	21.47297	20.97006	0.8897422	0.705599	2.969576	2.969621	1.358407	1.400927	-1000	23.55894
588848900971299636	145.46009295	0.81126981	25.27539	23.65169	22.67978	21.42384	20.75367	1.920937	4.58233	2.969576	2.969621	1.539007	1.784063	-1000	24.22967
588848900971299687	145.54317327	0.70989631	23.47284	24.09791	23.0161	21.75132	20.81858	2.110779	7.356313	2.969576	0.9792445	1.649044	1.131752	-1000	23.3604
588848900971299725	145.54304339	0.71302757	23.13484	23.25957	22.55863	21.84712	21.22829	0.766938	2.968804	2.969576	2.969621	1.98552	1.4069	-1000	25.08102
588848900971364372	145.56054833	0.67240713	24.12052	22.26848	23.5682	24.45452	22.78517	2.121471	2.969064	2.969459	0.08749627	2.96966	2.969321	-1000	22.38468
588848900971364374	145.56012547	0.6814682	22.80619	22.10335	21.6747	24.29543	22.46387	1.615226	2.969064	2.969459	2.970076	2.96966	2.969321	-1000	22.23281
588848900971364377	145.55406878	0.68494839	24.03923	24.33638	25.54959	21.56958	23.72022	-9999	11.30286	2.969459	2.970076	3.405744	0.695005	-1000	23.47217
588848900971364394	145.57337388	0.80214628	23.94492	23.42139	21.62559	20.36131	20.05558	1.257854	7.356958	2.969459	2.970076	4.712948	2.79011	-1000	22.66218
588848900971364407	145.58515763	0.63940778	21.65485	21.50398	21.31173	20.53442	21.12759	1.639579	2.969064	2.969459	2.970076	3.353081	1.24731	-1000	21.92884
588848900971364465	145.70083302	0.73386461	25.18842	24.54148	22.66744	21.95914	21.99922	0.1560891	0.2800451	2.969459	2.970076	1.960549	0.09303667	-1000	26.16691
588848900971364469	145.70003417	0.73490214	24.49464	23.84434	22.08008	23.37661	22.08231	0.6230862	2.969064	2.969459	1.561179	2.96966	2.969321	-1000	23.80112
588848900971364474	145.69602893	0.73512014	24.66568	23.93704	23.82873	21.61032	21.61778	2.362921	2.969064	2.969459	2.970076	2.96966	3.554984	-1000	23.19082
588848900971364478	145.68367367	0.74584547	24.30244	24.66333	23.0001	21.61633	24.61601	2.018497	2.969064	2.969459	2.970076	2.96966	2.969321	-1000	24.05628
588848900971364493	145.56329399	0.80261605	23.04446	20.52044	19.47627	19.04267	18.64659	1.632664	0.7790153	3.621742	3.403719	3.407566	3.682686	0.2678038	20.57559
588848900971364513	145.59352005	0.70950351	22.11218	19.94815	18.77833	18.25219	17.9006	1.230848	2.969064	2.867265	2.586632	2.325039	2.376646	0.342262	20.00762
588848900971364554	145.65454609	0.63594393	19.85425	18.74275	18.10697	17.6552	17.42381	1.299142	2.327865	2.582769	2.708295	2.67985	2.761028	0.04609298	18.75734
588848900971364595	145.58876256	0.7776066	21.73252	20.77204	19.29259	18.77561	18.56436	1.389084	2.969064	2.969459	2.818326	3.662072	4.807558	-1000	20.72655
588848900971364641	145.61060451	0.67026478	22.10936	21.32215	19.53039	18.89655	18.42041	1.316301	2.969064	2.969459	4.246314	2.101511	2.190743	-1000	21.02939
588848900971364647	145.6212695	0.67857325	22.29672	21.19639	19.42806	18.79394	18.38496	1.533676	2.969064	2.969459	3.86728	3.171886	2.281528	-1000	21.05589
588848900971364662	145.56943578	0.65787766	22.20676	25.6603	25.11648	24.45519	23.59174	1.869581	1.186249	0.8616245	4.584293	4.583652	2.969321	-1000	25.10858
588848900971364663	145.57575626	0.78196986	22.1442	25.4716	25.55334	24.71587	22.18386	3.090731	1.892413	2.969459	2.970076	4.583652	4.583129	-1000	24.99777
588848900971364721	145.56058049	0.754983	26.14269	20.95599	20.82764	20.58985	21.2072	6.349937	2.969064	27.91693	2.970076	2.96966	2.969321	-1000	20.55514
588848900971364732	145.56977272	0.75367854	21.81513	21.17649	19.99948	19.71426	19.14798	1.486089	7.356958	2.975732	7.359465	3.763124	6.19521	0.440163	20.8849
588848900971364733	145.56722771	0.75151573	23.71189	22.34085	20.73173	20.25546	19.51259	1.664539	2.969064	2.969459	2.970076	3.090022	3.051105	-1000	22.09763
588848900971364750	145.57957672	0.76804567	22.42334	22.34858	21.08893	20.96207	21.4156	1.29979	2.969064	2.969459	2.806707	2.243158	1.418648	-1000	23.07653
588848900971364757	145.5829114	0.80879939	23.54381	21.59361	20.2394	19.64859	19.15188	1.398924	2.969064	2.969459	2.998817	2.937516	3.045848	-1000	21.81629
588848900971364776	145.59307016	0.78918606	24.25215	21.96492	21.02869	20.49054	20.01445	0.8840982	2.969064	1.449809	1.963618	1.503052	1.514524	0.1906337	22.39684
588848900971364816	145.60810581	0.80869921	21.64517	19.79079	18.90102	18.42981	18.04719	2.092935	0.1024253	4.35491	4.901467	4.550085	4.903417	0.5330594	19.88277
588848900971364817	145.61046663	0.80902761	23.97651	22.58748	21.68475	21.55462	21.17797	0.960703	1.086193	2.969459	2.035373	18.01749	3.510839	-1000	22.71609
588848900971364818	145.60997022	0.80662779	23.57002	21.48327	21.05796	20.88967	20.6524	1.542551	2.969064	2.969459	2.991885	2.694651	2.00543	-1000	21.53151
588848900971364842	145.61806345	0.65457404	21.26274	19.86794	19.09434	18.65515	18.32769	1.77182	0.01011672	4.875521	4.012148	3.865013	3.442872	0.54408	19.67134
588848900971364904	145.65618377	0.65554924	23.50843	22.58127	21.97427	21.44841	20.79899	0.8617615	2.969064	2.969459	2.335788	1.418638	2.714717	-1000	22.15154
588848900971364908	145.65815115	0.82490415	24.668	22.75959	22.52515	21.83728	21.22021	0.6673503	2.969064	4.583341	1.565925	2.96966	1.443303	-1000	22.7088
588848900971364966	145.68879971	0.74933285	22.66077	21.29793	20.28884	19.88469	19.59367	0.8004915	1.162948	2.27419	1.586305	1.609409	1.618057	0.358007	21.17909
588848900971364976	145.69255969	0.70393888	22.55975	22.69375	22.88587	22.42294	21.84898	0.0770679	7.356958	2.969459	2.970076	1.908893	2.993295	-1000	22.58254
588848900971365005	145.55677364	0.73856723	23.45528	23.33208	21.84106	20.98801	20.55312	1.913293	2.969064	2.969459	7.359465	3.331751	3.374979	-1000	25.89452
588848900971365016	145.56280774	0.74197624	24.71107	23.31752	22.10392	21.68372	20.63922	1.041013	2.969064	2.969459	1.901558	7.358435	11.30384	-1000	23.54082
588848900971365034	145.57120403	0.74753332	23.02993	22.9692	21.31143	20.79939	19.96626	1.029852	2.969064	2.969459	1.984445	1.39229	1.705044	-1000	22.74604
588848900971365049	145.58295535	0.79803174	23.76415	23.25005	22.08689	21.71247	22.30222	0.7222672	2.969064	7.357935	1.985585	1.871942	0.6920762	-1000	22.87181
588848900971365055	145.58657837	0.78643188	22.96516	22.7436	21.55582	21.49052	20.60079	1.465704	2.969064	2.969459	2.970076	2.933491	1.491766	-1000	24.24976
588848900971365115	145.61873656	0.76382487	23.44109	22.91346	20.84134	20.0581	19.55055	1.566247	2.969064	2.969459	3.561333	2.911742	2.559586	-1000	23.5063
588848900971365155	145.64433678	0.67383234	23.30287	23.31432	22.47168	21.91714	21.765	0.5664978	2.969064	2.969459	1.522346	2.460259	0.08590284	-1000	23.34032
588848900971365160	145.64607875	0.78624679	23.73063	24.29836	22.49303	24.29477	22.01173	0.1759852	2.969064	2.969459	2.970076	2.96966	0.083639	-1000	26.00722
588848900971365197	145.67455981	0.82073475	24.93949	23.25821	22.027	21.42843	20.52574	0.8051391	2.969064	7.357935	1.56332	1.544578	3.782448	-1000	22.71282
588848900971365225	145.69829149	0.6440758	25.91595	23.12201	21.68633	21.66154	24.23068	1.272643	2.969064	0.08229785	2.970076	11.30513	7.357596	0.04865696	22.45559
588848900971365285	145.62804312	0.71038231	23.67517	25.04259	22.31593	21.11892	20.83532	1.054892	2.969064	2.969459	2.970076	1.766129	1.264195	-1000	25.20247
588848900971365321	145.6958601	0.83802097	25.59336	25.16607	23.13779	21.88445	21.93261	0.6052719	4.582732	2.969459	1.258096	1.753679	0.08707414	-1000	25.67028
588848900971365332	145.56979098	0.70633306	23.61157	23.92487	23.07323	22.59453	19.27864	1.964903	2.969064	2.969459	4.584293	2.96966	2.981574	-1000	25.78798
588848900971365349	145.68814368	0.70630435	24.88469	24.74143	25.8147	23.97344	19.97448	-9999	4.582732	2.969459	2.970076	0.6951376	1.188975	-1000	26.2115
588848900971365363	145.64260463	0.64297948	24.38357	24.17617	23.01107	21.51936	22.77588	-9999	7.356958	7.357935	0.7867572	2.551405	2.969321	-1000	25.8641
588848900971429987	145.8428646	0.68247282	24.84254	22.72453	21.87095	21.06481	20.18256	1.450943	7.357448	2.968944	2.969935	3.794044	2.620049	-1000	21.79319
588848900971430156	145.80010505	0.70441672	23.95219	20.64041	19.03672	18.42655	18.0004	1.265841	2.969262	4.302855	2.904029	2.721249	3.137086	0.5099761	20.50573
588848900971430170	145.82017117	0.69965392	22.86674	20.83611	19.38135	18.77067	18.41655	1.230542	2.969262	2.774158	2.574685	3.21786	5.982064	0.2774811	20.89113
588848900971430207	145.80096223	0.65367376	23.65396	21.52907	19.94491	19.33544	19.01026	0.9862735	2.969262	2.968944	1.948055	1.732213	1.683815	-1000	21.48855
588848900971430261	145.82056981	0.65424167	24.15376	22.59637	21.78782	21.77617	21.31662	0.5518872	0.7435219	1.433179	1.185936	1.930928	2.846987	0.3533043	22.71751
588848900971430286	145.70496343	0.72903903	23.70856	22.93688	22.24906	22.44047	23.38099	0.5542155	0.4146641	2.968944	2.229193	2.969401	2.969867	-1000	24.34458
588848900971430289	145.70744027	0.72850962	23.19049	22.73494	22.22128	22.05241	22.40084	0.7784127	2.969262	2.968944	1.578062	1.209127	2.198949	-1000	22.51114
588848900971430299	145.7134427	0.64246151	25.15096	22.89265	21.53764	20.78944	20.15744	0.8172748	2.969262	2.968944	1.535001	1.510905	1.601691	-1000	22.85011
588848900971430318	145.72669909	0.66655072	22.67077	22.16019	21.66282	21.62881	21.50313	1.133953	2.969262	2.968944	1.988744	1.239101	2.969867	-1000	22.03288
588848900971430322	145.73295543	0.75046377	22.72767	21.49155	20.90279	20.5341	20.01595	1.748558	2.969262	2.968944	2.969935	2.989427	27.92077	-1000	21.25773
588848900971430342	145.74699053	0.6558552	22.56351	21.75093	21.4023	21.11811	20.71985	1.777763	2.969262	11.3024	2.969935	2.825404	2.969867	-1000	21.57163
588848900971430358	145.75673413	0.78353418	23.44233	22.66657	21.47298	21.35648	21.61828	0.7313755	2.969262	2.968944	1.68634	1.672662	0.6626385	-1000	23.01778
588848900971430360	145.75747915	0.69220419	22.90113	21.99482	21.5355	21.14074	20.42026	0.8548526	1.069846	2.968944	2.075446	2.219741	3.137681	-1000	22.28241
588848900971430387	145.78904536	0.81506898	21.78332	20.65242	20.02445	19.72634	19.41022	1.331457	2.969262	3.385376	2.713551	2.903203	6.067582	0.3697715	20.60194
588848900971430405	145.80031911	0.81262138	23.73902	22.57833	21.36349	20.65119	20.2544	1.002588	2.969262	2.968944	2.063105	1.834271	3.20086	-1000	23.29551
588848900971430415	145.80369141	0.73965792	26.31303	22.32329	21.19451	20.75327	19.91766	1.337528	7.357448	2.968944	2.796978	3.422134	11.30591	-1000	22.29845
588848900971430421	145.80716159	0.67847917	23.93078	21.37221	20.29457	19.77987	19.55404	0.9064328	1.076754	2.103408	1.789007	1.657807	1.318318	0.1873652	21.39554
588848900971430438	145.81740077	0.63906372	22.09348	21.30039	20.82353	20.77901	20.55534	1.203501	2.969262	2.345215	2.416979	2.570913	2.074676	0.2677145	21.28754
588848900971430455	145.82788835	0.8023986	23.44974	22.19294	21.40164	21.09669	20.86838	1.351967	7.357448	2.968944	2.652932	2.051513	7.358947	-1000	22.07006
588848900971430464	145.83434023	0.69091337	21.81499	20.69198	20.18793	20.44127	20.29838	2.093799	2.969262	7.356659	7.359116	2.969401	2.969867	-1000	21.37022
588848900971430482	145.84584619	0.78050133	26.67237	22.37908	23.11322	22.8193	22.09801	1.228126	4.583037	2.968944	2.969935	2.969401	2.969867	-1000	22.60561
588848900971430593	145.77383761	0.77746864	24.35136	22.74578	22.03627	21.86485	22.20735	1.353048	0.09700505	43.70952	4.584076	1.62414	4.583971	3.350585	22.04104
588848900971430595	145.77384957	0.75263919	23.66541	24.09506	22.46729	21.52816	22.67867	2.256469	2.969262	2.968944	2.969935	1.552959	2.969867	-1000	23.81486
588848900971430603	145.78065749	0.70180218	24.73889	26.22898	21.92124	22.29617	22.40049	0.6612365	2.969262	2.968944	2.969935	1.029013	2.969867	-1000	25.77006
588848900971430620	145.79527464	0.64090376	24.07358	23.33778	21.9597	21.87355	21.54573	1.137715	4.583037	2.968944	2.969935	1.27277	2.969867	-1000	23.00932
588848900971430664	145.81960773	0.81033211	23.99499	22.45968	20.97526	20.20842	19.56241	1.197612	2.969262	2.968944	2.837363	2.213809	7.358947	-1000	22.64536
588848900971430710	145.84739693	0.66190822	24.66247	25.22016	23.85166	23.62311	19.55391	2.436159	2.969262	2.968944	11.30617	2.969401	2.445719	-1000	27.54647
588848900971430717	145.8483912	0.71054809	23.34993	23.03457	21.57114	20.91235	20.95038	0.8950413	0.08934747	2.968944	2.255524	1.77946	1.550731	-1000	23.0311
588848900971430723	145.85050529	0.80017745	23.95601	23.59385	22.35307	22.31697	21.98032	0.7885452	2.969262	2.968944	2.969935	1.678136	0.8661007	-1000	24.00977
588848900971430751	145.70876884	0.68092511	23.40964	24.41064	22.85844	21.0135	20.9949	0.7657983	4.583037	2.968944	0.8185148	1.347537	2.209607	-1000	24.22625
588848900971430755	145.71800191	0.70709222	23.7285	25.23127	23.37768	21.72918	20.87336	1.822257	2.969262	4.582546	2.969935	2.386338	2.719746	-1000	24.21535
588848900971430762	145.72962	0.6973607	24.0576	25.56368	23.72097	22.04787	20.69116	1.968976	2.969262	2.968944	2.969935	2.09043	1.759119	-1000	25.04313