588848900971299282	145.45699076	0.7262979	23.11706	22.88743	21.372	20.80438	20.24283	1.168979	2.968804	2.969576	2.149657	1.874418	1.897314	-1000	24.14491
588848900971299306	145.48629064	0.72176867	26.05468	22.47705	22.94662	22.91013	21.8616	0.4344727	2.968804	2.969576	2.969621	0.8553037	4.583	-1000	22.82507
588848900971299312	145.48727069	0.73440921	24.36167	23.32091	22.03395	21.72168	20.42629	1.222204	2.968804	2.969576	2.969621	2.969343	1.95408	-1000	23.57671
588848900971299328	145.49745098	0.66236707	22.53903	22.23139	21.33428	20.89223	20.49659	1.11918	11.30187	11.3048	2.706614	2.501734	1.53223	-1000	22.1531
588848900971299345	145.50906084	0.75468322	25.05933	22.12865	21.57598	21.30709	21.69806	0.8850601	0.586255	1.791015	1.945828	1.797477	2.591327	0.5324137	22.23612
588848900971299377	145.53675221	0.65398933	22.52655	21.43119	20.20559	19.72333	19.29918	0.9955355	7.356313	2.023339	2.427963	1.916594	2.06026	0.2268728	21.48598
588848900971299480	145.47293183	0.77607968	23.40898	23.58242	21.87377	21.78275	21.27834	1.027326	2.968804	2.969576	2.969621	0.9969741	1.342914	-1000	23.41748
588848900971299507	145.50220634	0.68264481	23.77442	23.09036	21.65183	21.23097	21.11081	0.8441155	4.58233	1.106848	1.830003	1.482215	1.37577	0.1602822	23.88989
588848900971299514	145.50720581	0.79820293	23.18396	23.2099	21.58544	20.99649	20.13742	1.331877	1.139988	2.969576	7.358338	1.758628	1.877372	-1000	22.57771
588848900971299536	145.52432384	0.68815325	22.8726	23.73092	22.39777	21.75201	21.27134	1.084325	4.58233	7.358226	2.969621	2.226422	1.644	-1000	23.14399
588848900971299546	145.52841464	0.75677409	24.54795	22.80375	21.71358	21.29157	20.49944	1.307831	2.968804	2.969576	2.969621	2.57987	3.882403	-1000	22.84874
588848900971299552	145.53301132	0.68660451	24.05314	23.3168	21.4687	20.91505	20.45274	0.8408025	4.58233	2.969576	1.736417	2.052792	11.30352	-1000	22.71032
588848900971299553	145.5328557	0.73742912	24.62729	23.24893	22.05316	22.11275	21.03881	0.7109339	4.58233	2.969576	1.233709	2.108019	2.010997	-1000	22.95362
588848900971299554	145.53420075	0.73543568	24.8897	24.332	22.38476	24.06572	22.70413	0.6682459	2.968804	2.969576	1.286237	1.05675	2.969238	-1000	23.95771
588848900971299571	145.5459405	0.72937051	23.43253	23.238	22.15594	21.93177	21.38751	0.3341197	4.58233	2.969576	2.969621	1.372225	1.404877	-1000	26.38254
588848900971299597	145.40770777	0.83754805	22.75649	24.48568	22.25183	21.19889	20.4181	3.516418	11.30187	2.969576	2.969621	2.486006	2.455128	-1000	25.10212
588848900971299639	145.4632785	0.65026124	24.4106	24.87734	22.87567	21.6439	20.86263	0.8822293	0.3407403	2.969576	2.969621	1.120768	1.192836	-1000	24.81047
588848900971299678	145.53080356	0.688694	23.49693	24.87286	22.7491	21.6251	20.60359	0.4004898	18.01229	2.969576	1.442184	2.969343	1.432538	-1000	26.66765
588848900971299687	145.54317327	0.70989631	23.47284	24.09791	23.0161	21.75132	20.81858	2.110779	7.356313	2.969576	0.9792445	1.649044	1.131752	-1000	23.3604
588848900971299724	145.49500274	0.83435398	24.09638	24.24121	23.37892	21.91017	21.68969	0.1944294	2.968804	0.7485871	2.969621	1.913321	0.8673345	0.6745976	24.85213
588848900971299725	145.54304339	0.71302757	23.13484	23.25957	22.55863	21.84712	21.22829	0.766938	2.968804	2.969576	2.969621	1.98552	1.4069	-1000	25.08102
588848900971364405	145.58094294	0.64081735	23.89645	24.35818	22.41564	21.2252	20.7217	0.7889172	11.30286	2.969459	1.39066	3.570675	2.279225	-1000	24.16069
588848900971364413	145.58926303	0.64211228	22.70613	21.1002	21.57108	19.32983	24.8456	2.127372	0.8424387	2.969459	2.970076	2.933627	2.969321	-1000	22.82337
588848900971364422	145.60875445	0.79452857	24.57346	22.30569	20.96954	20.43305	20.43023	1.138429	0.697518	2.969459	2.33838	2.03158	1.523194	-1000	22.42664
588848900971364458	145.69844347	0.75197799	20.77122	19.4151	18.90791	18.61957	18.53678	2.245527	2.969064	4.429462	4.76724	4.34898	4.539494	0.2413291	19.5848
588848900971364470	145.69269849	0.7457748	25.97525	23.42711	22.07155	21.31724	21.51217	1.575582	2.969064	2.969459	2.970076	3.214091	2.969321	-1000	23.05847
588848900971364472	145.70127523	0.73748058	25.55772	22.52656	22.51712	22.78027	21.41398	1.878879	2.969064	2.969459	2.970076	2.96966	2.969321	-1000	22.55258
588848900971364474	145.69602893	0.73512014	24.66568	23.93704	23.82873	21.61032	21.61778	2.362921	2.969064	2.969459	2.970076	2.96966	3.554984	-1000	23.19082
588848900971364475	145.6925479	0.73641819	26.69347	23.99891	22.69274	20.80515	22.96013	2.382025	2.969064	2.969459	2.970076	2.229825	18.01543	-1000	24.11358
588848900971364493	145.56329399	0.80261605	23.04446	20.52044	19.47627	19.04267	18.64659	1.632664	0.7790153	3.621742	3.403719	3.407566	3.682686	0.2678038	20.57559
588848900971364500	145.56330774	0.65310264	25.53976	24.01094	22.30289	21.78634	21.24389	0.8936051	2.969064	2.969459	2.970076	0.9860418	1.467565	-1000	23.73522
588848900971364555	145.6549008	0.63750527	25.32753	23.63928	22.258	21.60331	21.7165	0.6842194	2.969064	2.969459	1.390484	1.677477	3.511843	-1000	23.07957
588848900971364612	145.65480213	0.79874268	21.95259	20.17406	19.33028	18.85755	18.4709	1.243332	1.32052	2.335323	2.523971	2.392596	5.951129	0.1537594	20.27876
588848900971364720	145.56036617	0.75701399	24.51012	22.73472	21.69655	21.51866	21.02132	1.079229	2.969064	2.969459	2.970076	2.863986	2.265659	-1000	22.41891
588848900971364721	145.56058049	0.754983	26.14269	20.95599	20.82764	20.58985	21.2072	6.349937	2.969064	27.91693	2.970076	2.96966	2.969321	-1000	20.55514
588848900971364729	145.56703709	0.82935616	24.27196	22.27761	20.7698	20.33957	19.83204	0.8212177	4.582732	2.284543	1.614518	1.651076	1.541161	0.4676352	22.01384
588848900971364741	145.57351566	0.6479618	23.34462	22.07037	20.44217	19.76439	19.33232	1.009035	2.969064	1.769459	1.874117	1.883217	1.558668	0.142064	22.24204
588848900971364745	145.5761918	0.65343331	24.70323	22.57784	22.21864	21.726	21.42447	0.7975377	0.2662198	2.969459	2.970076	2.96966	1.352463	-1000	22.9759
588848900971364746	145.57648365	0.71327318	23.87886	22.02897	20.41022	19.75406	19.26672	1.043295	2.969064	2.969459	2.228279	2.243362	2.036024	-1000	22.35356
588848900971364747	145.57873325	0.7367431	22.36037	21.11179	20.23111	19.82881	19.29896	1.323694	2.969064	2.539947	2.882092	2.623345	4.072931	0.2256935	21.35414
588848900971364766	145.58947351	0.76337368	24.51225	22.25431	21.30136	21.22799	21.0057	1.171585	4.582732	2.969459	2.218416	2.610502	2.586457	-1000	22.22405
588848900971364770	145.59137301	0.74044913	22.60309	22.25135	21.3194	20.91175	20.21236	0.8174731	0.9214987	2.969459	1.646805	1.43282	3.444364	-1000	22.75924
588848900971364776	145.59307016	0.78918606	24.25215	21.96492	21.02869	20.49054	20.01445	0.8840982	2.969064	1.449809	1.963618	1.503052	1.514524	0.1906337	22.39684
588848900971364777	145.59353541	0.78781	25.15256	23.64289	21.33311	20.70005	20.79695	0.8431778	2.969064	2.969459	1.914762	1.792118	1.624604	-1000	25.08772
588848900971364778	145.59318416	0.71596924	23.80755	22.33887	21.32473	21.00634	21.04259	1.101465	2.969064	2.969459	2.106162	3.969732	1.694027	-1000	21.82286
588848900971364783	145.59453073	0.78086589	22.55975	21.41653	20.59824	19.97172	19.57601	1.143386	2.969064	2.703219	2.418752	2.441228	2.55979	0.6400124	21.31794
588848900971364806	145.60510871	0.745301	22.27507	22.34853	21.75024	21.16318	21.72989	0.7308127	2.969064	2.969459	1.317201	1.124928	1.83342	-1000	22.45514
588848900971364828	145.61271588	0.73414522	22.63358	22.80817	22.05921	22.0379	21.02651	0.595817	1.33581	2.969459	1.656137	2.256339	0.8538995	-1000	23.42541
588848900971364837	145.61583496	0.66709054	23.33078	21.88858	20.97804	20.63237	20.72924	1.042017	1.179064	2.339864	2.29145	2.228092	1.843009	0.2972763	21.57385
588848900971364839	145.6163998	0.64243946	21.70533	20.93386	19.9311	19.45985	19.28056	1.418076	11.30286	3.099684	3.031574	2.718118	2.779552	0.3104219	20.90256
588848900971364849	145.61864135	0.74148944	22.48164	21.31565	20.50409	20.11924	19.83043	0.9887414	0.8661082	1.735919	1.890813	2.44241	9.297228	0.1208478	21.55846
588848900971364851	145.6196697	0.67019518	23.21253	22.57599	21.52726	21.10124	22.06489	1.008334	0.1005937	2.969459	2.457073	2.173753	2.812175	-1000	23.15218
588848900971364860	145.62855677	0.77217693	22.58474	21.69947	21.06212	20.90261	20.31182	1.307193	2.969064	2.969459	2.842734	2.445575	7.357596	-1000	21.17983
588848900971364868	145.63720214	0.67827614	22.35097	22.3822	22.24691	21.6313	22.26625	1.818126	11.30286	2.969459	2.970076	2.190417	4.583129	-1000	22.59035
588848900971364889	145.65026693	0.71593952	23.57813	22.19107	21.08891	20.94378	20.37778	0.9388158	0.8710303	1.958148	2.142512	2.148468	3.042239	0.3469517	22.5251
588848900971364891	145.65137283	0.63658396	23.42201	22.71824	21.92202	21.19834	22.93327	2.955215	1.048796	1.077862	2.970076	1.429017	0.2978926	1.04519	23.47207
588848900971364905	145.65638962	0.7457	23.74149	22.00574	20.17134	19.49267	19.00105	1.151577	2.969064	2.969459	2.375784	2.526736	6.617638	-1000	21.88438
588848900971364921	145.66279629	0.63226749	23.00893	22.73888	22.48354	22.565	22.48854	0.6475043	7.356958	2.969459	1.057119	1.915953	1.751834	-1000	22.53166
588848900971364934	145.66739912	0.66308711	23.35057	22.28788	21.33617	20.79053	20.68246	1.746783	2.969064	2.969459	2.970076	1.828408	2.969321	-1000	23.3049
588848900971364939	145.66888999	0.70874657	22.82776	22.76247	22.15462	22.05293	21.5009	-9999	2.969064	2.969459	2.970076	1.6129	2.576066	-1000	22.81855
588848900971364954	145.67803133	0.64799538	20.68792	19.80076	19.24146	19.09276	18.89629	2.259968	2.969064	2.969459	2.970076	5.221078	3.703243	-1000	20.22504
588848900971364964	145.68726094	0.78029045	26.92972	21.84105	20.15422	19.43789	18.8435	1.926427	43.7564	2.969459	3.991325	3.316094	5.233395	-1000	21.78584
588848900971364965	145.68870625	0.82963581	23.24361	21.35533	20.34721	19.82918	19.48796	1.129821	18.01387	2.237848	2.243112	2.649471	2.364392	0.1986541	21.56767
588848900971364967	145.68895093	0.64140352	22.42592	22.55214	22.2133	21.9595	21.6266	1.188877	2.969064	2.969459	2.970076	1.140393	2.969321	-1000	25.16047
588848900971365005	145.55677364	0.73856723	23.45528	23.33208	21.84106	20.98801	20.55312	1.913293	2.969064	2.969459	7.359465	3.331751	3.374979	-1000	25.89452
588848900971365014	145.56279837	0.83497646	24.81103	23.08348	20.81489	19.79334	19.13911	1.581552	0.300368	2.969459	7.359465	3.065306	4.407973	-1000	22.57751
588848900971365020	145.56597563	0.80550062	24.69394	23.49136	21.97541	21.19512	20.41958	0.808354	4.582732	2.969459	1.55444	2.999692	1.348402	-1000	26.25325
588848900971365022	145.56718741	0.7709191	24.22326	21.8904	20.58551	20.11751	19.63905	1.603931	2.969064	11.30436	7.359465	2.523329	7.357596	-1000	21.9733
588848900971365035	145.57186609	0.68318525	23.62584	23.31956	21.54368	20.95627	20.65039	0.7370196	2.969064	2.969459	1.52729	1.372425	1.279524	-1000	23.43269
588848900971365056	145.58690012	0.70838403	24.79334	23.86609	22.37125	22.66474	21.33197	0.7347336	2.969064	2.969459	1.567209	2.96966	4.583129	-1000	23.41619
588848900971365063	145.59056331	0.787701	24.02075	22.82255	21.90317	21.7401	21.2825	0.6276196	1.07416	2.969459	2.027456	2.96966	11.30384	-1000	23.44162
588848900971365079	145.60217556	0.76876434	25.6545	23.03242	21.21252	20.7654	20.15345	0.9202918	4.582732	2.969459	2.245282	1.833674	7.357596	-1000	23.39602
588848900971365091	145.60694422	0.74283056	23.76336	22.7403	21.14906	20.09591	19.42648	1.642128	0.7087259	2.969459	2.970076	2.37133	2.326345	-1000	22.2781
588848900971365115	145.61873656	0.76382487	23.44109	22.91346	20.84134	20.0581	19.55055	1.566247	2.969064	2.969459	3.561333	2.911742	2.559586	-1000	23.5063
588848900971365117	145.61895248	0.72075989	22.89982	23.10554	21.67615	21.40736	20.79533	0.7258237	2.969064	2.969459	2.013638	2.419613	2.587991	-1000	22.98821
588848900971365130	145.62715646	0.7183449	23.34962	22.48138	20.6797	19.94694	19.37835	1.430588	2.969064	2.969459	3.642515	2.273641	2.672439	-1000	21.7831
588848900971365136	145.63485154	0.81937778	23.91556	23.6201	21.82055	22.23644	22.70863	0.8601736	4.582732	4.583341	1.865654	2.96966	0.6795334	-1000	23.34658
588848900971365153	145.64340514	0.81634071	24.2042	23.21638	22.26317	21.73102	21.73282	0.9277368	0.6946476	2.969459	2.970076	1.636901	2.969321	-1000	23.40391
588848900971365188	145.67095038	0.75341724	25.98181	23.47615	21.68584	20.72	19.94114	0.7142701	2.969064	2.969459	1.41446	1.321151	7.357596	-1000	22.9379
588848900971365199	145.67761699	0.67296058	23.61577	22.6717	21.1881	20.51356	19.87864	1.221308	7.356958	2.969459	2.113253	4.963112	2.042205	-1000	22.90586
588848900971365207	145.68060771	0.67540316	24.2695	22.61027	21.41804	21.11446	20.96568	1.03904	2.969064	2.969459	2.262648	1.812608	1.583228	-1000	22.5892
588848900971365216	145.68813339	0.65287747	22.94167	23.33063	22.39024	21.75671	21.04795	0.7501696	7.356958	2.969459	1.493268	1.851207	1.86978	-1000	23.6711
588848900971365226	145.70049532	0.65367897	23.60907	24.16056	22.61917	23.27381	22.53312	0.6134943	2.969064	4.583341	1.160878	7.358435	2.969321	-1000	23.76873
588848900971365247	145.56342976	0.75945496	23.63625	23.29703	23.17778	21.84893	20.83558	1.381578	2.969064	2.969459	2.970076	2.005447	2.795975	-1000	23.53288
588848900971365252	145.5697236	0.78759863	25.66796	24.79675	22.61049	21.37156	20.81468	1.017478	2.969064	7.357935	2.970076	1.575196	1.213408	-1000	24.88908
588848900971365276	145.61158696	0.75738822	24.09868	23.83141	22.47107	21.62473	21.59681	2.166269	0.3033149	2.969459	7.359465	2.191178	2.969321	-1000	24.26999
588848900971365326	145.70291842	0.76612434	24.33775	25.11235	23.37174	21.79979	20.84975	0.2725469	2.969064	2.969459	2.970076	2.96966	2.171562	-1000	27.52118
588848900971365343	145.657704	0.76532847	23.59345	24.49804	24.04383	23.19196	19.78261	1.186145	0.9975299	2.969459	2.970076	2.96966	1.590899	-1000	23.06216
588848900971365348	145.67094922	0.64640102	24.6167	24.48203	24.62989	24.77981	20.4071	-9999	4.582732	2.969459	2.970076	2.96966	1.150639	-1000	23.99782
588848900971365352	145.58812229	0.66956577	22.82717	21.50566	22.88378	22.30642	21.48455	-9999	0.2507562	11.30436	2.970076	2.96966	0.7603064	-1000	21.77623
588848900971365361	145.57297612	0.75667657	23.6684	24.43759	22.93081	21.76966	21.3957	1.598607	2.969064	2.969459	11.30671	2.084645	1.729499	-1000	25.0894
588848900971365363	145.64260463	0.64297948	24.38357	24.17617	23.01107	21.51936	22.77588	-9999	7.356958	7.357935	0.7867572	2.551405	2.969321	-1000	25.8641
588848900971429939	145.74759303	0.83370311	25.09507	22.54338	21.90054	21.2085	20.71682	1.212679	0.290803	2.968944	1.950444	3.32897	2.914346	-1000	22.43531
588848900971429941	145.75052957	0.82866033	24.30843	22.91743	22.1016	19.79305	19.95966	2.189869	2.969262	2.968944	2.969935	3.037316	1.895748	-1000	23.44257
588848900971429951	145.7582048	0.63586755	24.17402	23.71196	23.37658	21.94435	21.23569	1.432782	0.7066545	0.7318888	2.969935	1.687213	1.273554	0.5770589	23.49475
588848900971430048	145.76918646	0.69224383	22.32882	21.57274	20.92552	20.58103	20.43727	1.118988	2.969262	2.968944	2.359763	2.012454	3.241548	-1000	21.54176
588848900971430070	145.80425482	0.78651377	21.31232	20.00661	19.00289	18.54743	18.08891	1.274855	2.769984	2.906417	2.546095	2.430199	2.54641	0.1771638	19.95131
588848900971430100	145.8521809	0.82562387	21.01602	20.63212	20.2596	19.86266	19.58063	0.8458847	1.423619	1.51996	1.75275	1.667958	2.201604	0.1121946	20.75177
588848900971430111	145.73051279	0.8128006	22.76801	21.24573	19.89236	19.31038	18.89079	0.9332476	2.969262	2.134959	1.932729	2.24527	3.988315	0.3361839	21.32065
588848900971430127	145.76279314	0.66610089	21.31092	19.70991	18.99327	18.68471	18.42838	2.219833	2.969262	18.01314	11.30617	7.088571	2.822568	-1000	19.54634