588848900971299282	145.45699076	0.7262979	23.11706	22.88743	21.372	20.80438	20.24283	1.168979	2.968804	2.969576	2.149657	1.874418	1.897314	-1000	24.14491
588848900971299321	145.49295386	0.63963775	23.80912	22.87169	22.86767	22.89197	21.70979	4.121638	2.968804	2.969576	2.969621	1.03981	2.873605	-1000	23.41612
588848900971299331	145.4999451	0.82948516	25.6018	22.14064	20.58263	20.03471	19.63508	1.526541	2.968804	2.286373	3.835627	4.656705	2.157075	2.238858	21.45918
588848900971299342	145.50483128	0.744911	24.33281	22.2664	20.50923	19.80633	19.26615	1.113954	2.968804	2.969576	2.362977	2.874777	1.789402	-1000	22.22692
588848900971299382	145.54268868	0.63588434	25.93043	22.35913	21.5922	21.08586	21.17653	1.107107	2.968804	1.180003	2.441334	7.357649	2.969238	0.0003684443	23.60048
588848900971299386	145.54846389	0.69777642	22.84523	22.29826	21.40981	21.08878	20.54241	1.012359	7.356313	2.969576	2.511202	2.513812	2.901976	-1000	22.4416
588848900971299433	145.42555831	0.82537848	24.41076	23.19495	22.0992	21.30115	20.71523	0.7232249	4.58233	4.583522	2.969621	2.045086	2.91098	-1000	22.61142
588848900971299444	145.44289579	0.83614777	23.35308	23.49414	21.27679	21.28481	20.72615	1.084137	7.356313	7.358226	1.881075	2.969343	0.8007905	-1000	23.042
588848900971299468	145.45970527	0.72406524	23.14553	22.74228	21.45251	21.31032	22.33839	1.384583	2.968804	2.969576	2.319239	1.66054	1.058813	-1000	23.08322
588848900971299477	145.46740297	0.66810579	24.15719	23.3251	22.51668	22.01244	22.52998	0.6026241	2.968804	2.969576	1.185696	1.980901	2.969238	-1000	23.31664
588848900971299484	145.48211917	0.83878072	25.80152	23.41142	22.15677	22.17029	21.88067	1.603994	2.968804	2.969576	7.358338	2.969343	2.969238	-1000	23.20848
588848900971299517	145.5064996	0.81979664	25.10395	24.04158	22.07136	21.49155	20.93496	0.4330257	2.968804	2.969576	2.969621	1.374678	2.409552	-1000	24.14906
588848900971299554	145.53420075	0.73543568	24.8897	24.332	22.38476	24.06572	22.70413	0.6682459	2.968804	2.969576	1.286237	1.05675	2.969238	-1000	23.95771
588848900971299578	145.5522323	0.80680643	24.06221	23.66996	21.05091	20.0824	19.41091	1.217308	2.968804	2.969576	2.969621	4.356917	1.639408	-1000	23.5944
588848900971299597	145.40770777	0.83754805	22.75649	24.48568	22.25183	21.19889	20.4181	3.516418	11.30187	2.969576	2.969621	2.486006	2.455128	-1000	25.10212
588848900971299636	145.46009295	0.81126981	25.27539	23.65169	22.67978	21.42384	20.75367	1.920937	4.58233	2.969576	2.969621	1.539007	1.784063	-1000	24.22967
588848900971299673	145.52230442	0.72213153	23.53226	23.02533	22.57455	21.42298	21.98179	0.9948876	2.968804	7.358226	2.969621	2.048523	2.130398	-1000	22.61805
588848900971299689	145.54845445	0.63177859	23.93063	23.54846	21.72699	20.77296	20.70498	2.064446	0.7613067	7.358226	2.969621	7.357649	2.969238	-1000	22.03935
588848900971299692	145.55361718	0.74080281	24.42472	23.05682	23.07031	21.45184	22.20541	2.46813	4.58233	11.3048	2.969621	2.595966	0.02878895	-1000	22.44295
588848900971299713	145.5273391	0.71662112	24.66865	25.13125	24.95786	24.30276	20.48908	-9999	2.968804	4.583522	4.583591	2.969343	1.108509	-1000	25.18422
588848900971299720	145.42967206	0.80445264	23.10637	24.39204	22.41352	21.70979	21.65268	1.752366	2.968804	2.969576	2.969621	1.599893	0.09546974	-1000	25.20654
588848900971299724	145.49500274	0.83435398	24.09638	24.24121	23.37892	21.91017	21.68969	0.1944294	2.968804	0.7485871	2.969621	1.913321	0.8673345	0.6745976	24.85213
588848900971299725	145.54304339	0.71302757	23.13484	23.25957	22.55863	21.84712	21.22829	0.766938	2.968804	2.969576	2.969621	1.98552	1.4069	-1000	25.08102
588848900971364371	145.5605269	0.67100909	25.44338	25.33824	22.06543	20.26559	20.14017	3.856709	18.01387	18.01626	2.970076	3.354405	0.8462929	-1000	24.75738
588848900971364410	145.58439276	0.64713241	22.64291	24.68234	22.03403	21.86093	22.26867	1.170771	2.969064	2.969459	2.970076	2.96966	3.298322	-1000	24.71915
588848900971364468	145.69138797	0.73488714	24.02189	24.11707	22.23827	22.47523	23.20859	1.198838	7.356958	7.357935	2.970076	7.358435	0.2460234	-1000	25.637
588848900971364493	145.56329399	0.80261605	23.04446	20.52044	19.47627	19.04267	18.64659	1.632664	0.7790153	3.621742	3.403719	3.407566	3.682686	0.2678038	20.57559
588848900971364565	145.67358235	0.8332586	23.43528	23.19247	22.52026	21.19429	20.55285	1.272026	2.969064	4.583341	2.970076	3.190299	2.22411	-1000	22.47285
588848900971364714	145.55824733	0.69061889	22.57902	22.22654	21.22948	21.18566	20.4844	1.053384	4.582732	2.969459	2.250234	1.76351	1.638886	-1000	22.55309
588848900971364723	145.5620888	0.77863464	22.67202	22.01406	20.89664	20.39964	19.83024	1.019871	2.969064	2.969459	2.254216	1.534925	2.797173	-1000	21.92175
588848900971364728	145.56515777	0.68443358	24.96369	21.92649	20.54151	19.86628	19.50639	0.9610978	0.2758754	2.123147	2.11917	2.073351	1.993312	0.1283545	22.12775
588848900971364743	145.57376361	0.76401525	23.08339	22.69215	21.56485	21.28723	21.1058	0.9080115	2.969064	2.969459	2.071048	2.234623	1.674982	-1000	23.33731
588848900971364749	145.57879412	0.79497292	22.79199	22.54062	20.86262	20.21026	19.71664	1.077687	2.969064	2.969459	2.186578	2.151102	2.098227	-1000	23.56323
588848900971364769	145.59107856	0.78348862	24.15388	22.56338	21.91726	21.79958	21.22488	0.6359165	2.969064	7.357935	1.46099	1.303776	1.639169	-1000	22.2269
588848900971364801	145.60265126	0.80244873	24.34941	22.16529	21.79173	21.51139	21.10612	0.9130409	2.969064	1.596295	2.292454	2.249747	1.556034	0.2056578	22.58342
588848900971364826	145.61322472	0.68316333	24.98747	25.04589	22.91593	21.96494	21.79863	0.50688	7.356958	2.969459	1.110437	1.536227	1.930434	-1000	27.13933
588848900971364844	145.61760519	0.67361359	22.39907	22.34797	21.21124	20.90006	20.66205	0.8438572	2.969064	2.969459	2.144398	1.3829	2.628964	-1000	22.51074
588848900971364851	145.6196697	0.67019518	23.21253	22.57599	21.52726	21.10124	22.06489	1.008334	0.1005937	2.969459	2.457073	2.173753	2.812175	-1000	23.15218
588848900971364858	145.62657494	0.68031604	22.32064	22.56302	21.99502	21.39859	20.65272	0.8408977	2.969064	2.969459	1.68533	1.519025	1.729651	-1000	22.34562
588848900971364861	145.62863369	0.83437987	21.93954	21.05085	20.15177	19.69034	19.61094	1.493589	2.969064	2.852543	3.323819	2.484796	2.201038	0.4714855	21.24304
588848900971364903	145.65498479	0.65519488	22.08715	21.67305	20.81448	20.279	19.84407	1.128441	18.01387	2.308487	2.359085	2.393526	2.241979	0.19365	21.7228
588848900971364913	145.65790482	0.70746268	23.54641	22.82277	21.96959	21.83702	20.58197	0.7545576	2.969064	2.969459	1.500785	1.194594	2.110669	-1000	22.48497
588848900971364924	145.66345019	0.650246	24.02251	22.35764	20.9199	20.23111	19.65154	1.322268	2.969064	2.969459	2.970076	2.085468	2.315212	-1000	22.09099
588848900971364943	145.66968475	0.83668316	23.19518	22.1539	21.18809	20.89654	20.16834	1.358598	2.969064	2.969459	2.938004	1.789059	1.560634	-1000	22.09252
588848900971364963	145.68708822	0.83755707	22.68304	22.42429	22.03807	21.61261	20.80476	0.6576487	1.428173	2.969459	1.331716	1.875207	1.320848	-1000	22.649
588848900971364964	145.68726094	0.78029045	26.92972	21.84105	20.15422	19.43789	18.8435	1.926427	43.7564	2.969459	3.991325	3.316094	5.233395	-1000	21.78584
588848900971364985	145.70180408	0.79434235	23.12029	22.44081	21.78021	21.17076	21.15916	1.170296	2.969064	2.969459	2.295309	2.115877	1.351718	-1000	22.91423
588848900971365005	145.55677364	0.73856723	23.45528	23.33208	21.84106	20.98801	20.55312	1.913293	2.969064	2.969459	7.359465	3.331751	3.374979	-1000	25.89452
588848900971365135	145.63486895	0.81648218	24.78529	23.27699	22.3609	22.20709	22.28549	0.7126607	11.30286	2.969459	1.2236	1.565203	1.353602	-1000	23.56804
588848900971365152	145.64289556	0.73491472	22.86415	26.43282	21.76084	25.59162	22.33865	1.862595	18.01387	0.08720725	2.970076	18.01749	0.1011375	0.1096266	25.09573
588848900971365153	145.64340514	0.81634071	24.2042	23.21638	22.26317	21.73102	21.73282	0.9277368	0.6946476	2.969459	2.970076	1.636901	2.969321	-1000	23.40391
588848900971365176	145.66184118	0.67979632	24.55815	23.48427	22.29426	21.68568	21.91634	0.5717828	4.582732	2.969459	2.970076	1.838138	0.6912031	-1000	23.37848
588848900971365178	145.6638205	0.8165216	25.18164	24.41079	22.56254	23.37518	23.35752	1.006559	2.969064	7.357935	2.970076	2.96966	2.969321	-1000	23.02469
588848900971365196	145.67434487	0.74263026	22.08545	21.75153	20.46173	20.69912	20.67628	9.458374	2.969064	2.969459	27.92274	1.290532	0.09900028	-1000	19.85461
588848900971365198	145.67713898	0.73803457	25.6072	23.6501	21.89825	21.44128	20.86822	0.9326342	2.969064	2.969459	1.61376	1.358031	0.8115774	-1000	25.17104
588848900971365206	145.68179332	0.82756312	26.33704	23.4204	21.70871	21.40454	21.49421	0.9363835	2.969064	2.969459	2.002885	2.396591	1.820299	-1000	23.78061
588848900971365282	145.62117051	0.63599826	23.74249	24.28254	23.88865	21.93026	21.31783	2.427015	27.91323	2.969459	2.970076	2.082254	1.825311	-1000	22.48757
588848900971365326	145.70291842	0.76612434	24.33775	25.11235	23.37174	21.79979	20.84975	0.2725469	2.969064	2.969459	2.970076	2.96966	2.171562	-1000	27.52118
588848900971365338	145.59359793	0.83843845	25.16546	23.99384	25.5178	24.37503	20.5452	-9999	4.582732	2.969459	0.2460694	2.96966	2.407022	-1000	23.01242
588848900971365360	145.69834421	0.81568198	24.68727	23.62812	22.38768	23.12506	21.69796	0.8633518	4.582732	2.969459	2.970076	2.96966	0.8740624	-1000	22.98301
588848900971429939	145.74759303	0.83370311	25.09507	22.54338	21.90054	21.2085	20.71682	1.212679	0.290803	2.968944	1.950444	3.32897	2.914346	-1000	22.43531
588848900971429952	145.76754152	0.63733589	23.87184	22.93837	22.0509	22.73282	21.15773	1.461701	2.969262	2.968944	2.969935	0.2561399	2.969867	-1000	23.40389
588848900971429963	145.7921427	0.68033779	23.0979	22.80008	24.05872	21.49239	22.33324	3.109898	2.969262	2.968944	7.359116	7.357791	7.358947	-1000	23.06225
588848900971429988	145.84224451	0.68124958	23.12548	23.10892	21.90811	22.43234	21.46297	1.482072	0.07877892	2.968944	2.969935	2.969401	0.08239336	-1000	23.47165
588848900971430080	145.81935051	0.70692645	21.18253	19.44293	18.26051	17.75525	17.34529	1.207787	2.969262	2.77609	2.721514	2.642029	16.57329	0.267767	19.50974
588848900971430186	145.84651144	0.6668656	23.66712	21.4894	19.87712	19.2553	18.94911	1.023693	2.969262	2.317476	2.160262	1.902027	1.824189	0.8020392	21.59694
588848900971430292	145.7101443	0.71689634	23.87704	21.77514	21.07912	20.92824	20.68348	0.7750645	0.3220257	2.11146	1.497211	1.575909	1.53331	0.4441616	21.7778
588848900971430309	145.71773423	0.63298457	24.94434	22.14605	21.25195	20.92554	20.90452	1.308597	2.969262	2.968944	2.509427	1.775998	18.01874	-1000	22.56097
588848900971430317	145.72535238	0.7813429	22.61257	22.25556	21.98373	21.89242	22.31034	0.8718254	0.7949014	1.378215	2.969935	2.969401	0.1227582	0.2014284	22.74704
588848900971430322	145.73295543	0.75046377	22.72767	21.49155	20.90279	20.5341	20.01595	1.748558	2.969262	2.968944	2.969935	2.989427	27.92077	-1000	21.25773
588848900971430326	145.73326698	0.65961034	22.37662	21.79951	20.63971	20.11756	19.73861	1.323695	0.1085719	3.169188	2.934419	3.284159	3.794147	0.3893486	22.01637
588848900971430371	145.77596149	0.72738434	22.21447	20.82336	19.90399	19.49453	19.18903	1.220854	0.09605069	2.968944	2.501808	2.503669	2.239046	-1000	20.58647
588848900971430380	145.78339864	0.63089678	22.51857	21.52508	20.46644	20.14064	19.7007	1.177261	2.969262	1.985676	2.19552	2.253093	2.50439	1.907806	21.64264
588848900971430390	145.79024909	0.71571063	23.17422	22.21867	21.67293	21.47991	21.82568	1.260009	0.8476269	1.499225	2.969935	2.607272	0.1015585	0.2405588	22.54969
588848900971430407	145.80105678	0.676711	22.53992	21.46233	20.14717	19.67866	19.44638	1.09718	2.969262	2.48871	2.344819	2.068934	1.940089	0.2442331	21.56721
588848900971430409	145.80119718	0.77603027	22.81904	22.64645	22.05999	21.5983	21.45553	0.6941077	1.181897	2.968944	1.416523	1.714509	1.087501	-1000	22.76987
588848900971430411	145.80165414	0.75540762	23.79956	22.34163	21.38943	21.37841	20.60892	1.115785	2.969262	2.968944	2.444	2.233753	1.897905	-1000	22.6256
588848900971430415	145.80369141	0.73965792	26.31303	22.32329	21.19451	20.75327	19.91766	1.337528	7.357448	2.968944	2.796978	3.422134	11.30591	-1000	22.29845
588848900971430421	145.80716159	0.67847917	23.93078	21.37221	20.29457	19.77987	19.55404	0.9064328	1.076754	2.103408	1.789007	1.657807	1.318318	0.1873652	21.39554
588848900971430435	145.81414605	0.71039077	24.21883	22.56456	20.88572	20.32066	19.6135	0.8415167	2.969262	2.968944	1.660286	1.750932	1.973759	-1000	22.43128
588848900971430455	145.82788835	0.8023986	23.44974	22.19294	21.40164	21.09669	20.86838	1.351967	7.357448	2.968944	2.652932	2.051513	7.358947	-1000	22.07006
588848900971430456	145.8282294	0.80553314	24.08108	21.96713	20.70425	19.93349	19.66038	1.248255	2.969262	2.968944	2.738252	2.162648	3.565678	-1000	22.20345
588848900971430468	145.83574376	0.75968214	22.47169	22.32177	21.82944	21.34185	20.54671	1.456538	2.969262	2.968944	2.969935	1.764263	2.032171	-1000	23.58284
588848900971430476	145.84264833	0.6993715	23.07675	22.58495	21.7118	20.88575	20.2223	0.9441676	1.129534	2.968944	2.969935	2.846342	3.444538	-1000	22.52768
588848900971430515	145.7166986	0.83535507	23.71417	23.63281	22.00283	21.44333	20.83865	0.8020462	11.30361	1.129807	1.467705	1.778629	1.637753	1.040536	24.08999
588848900971430521	145.71939701	0.76576684	23.386	23.85206	22.08067	22.05303	22.60655	0.7522649	2.969262	2.968944	1.704383	2.969401	2.969867	-1000	24.10353
588848900971430612	145.78499461	0.83688684	24.49847	24.40149	22.02591	21.08516	20.65921	1.033239	4.583037	2.968944	1.877426	1.436852	4.583971	-1000	23.55626
588848900971430617	145.79397278	0.75090025	24.39337	23.4171	21.68472	20.8454	20.27018	2.586863	2.969262	2.968944	2.969935	2.23987	2.825142	-1000	23.36769
588848900971430627	145.79894724	0.69271933	23.1683	23.8889	22.55407	21.90467	20.86495	0.5994173	2.969262	11.3024	1.274253	1.086853	1.14726	-1000	23.94182
588848900971430637	145.80469806	0.80344532	25.89498	23.07105	21.61896	21.27299	20.57617	1.010513	2.969262	2.968944	2.170457	2.830205	4.047101	-1000	22.81402
588848900971430641	145.80867308	0.75118629	22.65771	22.91673	21.79606	21.55575	21.34565	0.6732797	2.969262	2.968944	1.385088	2.237263	3.486439	-1000	22.78145
588848900971430647	145.8119352	0.75611741	23.39504	23.70232	21.40302	20.70228	20.27255	0.8738603	2.969262	0.7572776	1.828675	1.650117	2.711541	0.01197423	22.87029
588848900971430651	145.81224351	0.68960091	23.08488	23.4168	22.43985	21.73741	20.75623	1.119094	4.583037	2.968944	2.969935	1.89523	1.285429	-1000	23.20665
588848900971430658	145.81840018	0.81267346	24.47566	23.17852	21.67385	21.20729	20.99957	0.6395016	4.583037	2.968944	1.457385	1.845899	1.262791	-1000	22.3457
588848900971430672	145.82308692	0.80135765	22.27635	23.07525	21.40174	21.14882	20.68039	1.36385	2.969262	2.968944	2.969935	3.106845	7.358947	-1000	29.91983
588848900971430679	145.82791832	0.77244262	24.71022	23.96521	21.7971	20.96709	20.3093	1.267294	7.357448	7.356659	2.969935	2.350308	4.567741	-1000	24.77197
588848900971430685	145.83189309	0.83827114	24.83513	22.74332	21.28332	20.87777	20.36796	1.094551	2.969262	7.356659	2.572288	2.461625	2.491753	-1000	21.8331
588848900971430689	145.83436196	0.78264775	24.55711	23.83872	21.73639	21.17539	20.83835	0.8329234	18.01507	18.01314	1.542235	1.157988	3.362945	-1000	23.30795
588848900971430692	145.83551993	0.68782181	24.3971	23.42403	21.8941	22.33466	22.05489	1.500972	2.969262	2.968944	2.969935	2.969401	2.969867	-1000	24.97152
588848900971430707	145.84521353	0.69183173	23.12328	22.55949	22.08588	21.97363	22.28937	0.9645263	0.9202985	2.968944	1.875575	7.357791	1.769626	-1000	22.45647