588848900971299293	145.4668167	0.71322133	22.89256	21.53153	20.56015	20.19964	19.93429	1.244576	2.968804	2.969576	2.791675	1.526724	1.28022	-1000	21.63667
588848900971299297	145.46972431	0.65142129	22.72431	21.57746	19.93474	19.27024	18.77873	1.291984	2.968804	2.969576	3.019122	2.744307	2.569376	-1000	21.34136
588848900971299347	145.50922819	0.6416901	22.89446	22.50301	22.13184	21.80675	21.23432	0.9529259	1.643323	2.969576	2.969621	1.430707	2.138414	-1000	23.03141
588848900971299466	145.4591352	0.78563664	23.33361	22.59439	21.89726	21.75632	20.90756	1.401438	7.356313	1.246984	2.969621	2.969343	7.357388	0.1983915	22.15332
588848900971299481	145.47876918	0.6784166	24.73491	23.76272	22.01288	21.76014	21.47912	0.9840796	4.58233	2.969576	2.969621	2.095881	2.087653	-1000	24.88334
588848900971299498	145.49380935	0.82423589	23.83085	24.69608	22.31331	21.93318	21.40784	0.757161	0.8653967	4.583522	1.788334	1.500849	4.583	-1000	24.76509
588848900971299500	145.49498644	0.75689216	25.34508	23.33305	22.17088	22.08893	22.30173	0.8218986	2.968804	2.969576	1.843609	1.238307	2.969238	-1000	23.68065
588848900971299504	145.50057313	0.83645179	24.62429	23.49146	22.20247	21.3064	20.89618	1.050742	0.727711	2.969576	2.969621	1.776134	1.523224	-1000	23.41769
588848900971299509	145.50245104	0.72280047	23.33545	25.4138	23.32174	22.04929	21.88742	1.396371	2.968804	2.969576	2.969621	1.921041	1.509219	-1000	24.7965
588848900971299517	145.5064996	0.81979664	25.10395	24.04158	22.07136	21.49155	20.93496	0.4330257	2.968804	2.969576	2.969621	1.374678	2.409552	-1000	24.14906
588848900971299525	145.51535435	0.74580938	25.00589	23.69076	22.03765	21.56288	20.78734	0.7524182	2.968804	2.969576	1.489144	1.137287	2.018704	-1000	24.8537
588848900971299550	145.53051891	0.70641412	24.66139	24.15052	22.46281	22.74343	23.00653	0.5482915	2.968804	4.583522	1.760163	2.969343	2.969238	-1000	23.342
588848900971299564	145.54297282	0.72173423	25.57355	23.65878	21.27765	20.83428	20.82041	1.301217	2.968804	2.969576	7.358338	1.552965	1.741135	-1000	26.62403
588848900971299659	145.49832188	0.66841488	23.61742	23.30926	22.70238	21.41473	21.32982	0.8811498	1.161304	2.969576	1.727135	1.399646	2.296569	-1000	23.06705
588848900971299705	145.46700211	0.81549737	23.81672	25.39005	24.3743	25.41572	20.49094	1.091464	11.30187	2.969576	4.583591	2.969343	1.123992	-1000	23.8424
588848900971364408	145.58177059	0.64713198	22.29371	21.21034	21.61492	19.64669	21.00022	-9999	0.08497506	2.969459	2.970076	18.01749	1.744998	-1000	21.26243
588848900971364426	145.6093326	0.78335571	23.41533	24.40199	23.417	22.19416	22.15312	0.4601943	4.582732	4.583341	2.970076	0.07711656	1.806657	-1000	23.49366
588848900971364437	145.64334704	0.65759185	23.56295	22.44946	21.21685	20.78285	20.26509	0.986697	2.969064	2.969459	2.185931	1.952294	1.750138	-1000	22.54439
588848900971364457	145.68675872	0.74310207	19.23189	18.09471	16.30136	16.07232	16.0961	1.000265	1.567386	1.609936	2.192239	1.760194	1.478637	0.8115393	18.38623
588848900971364465	145.70083302	0.73386461	25.18842	24.54148	22.66744	21.95914	21.99922	0.1560891	0.2800451	2.969459	2.970076	1.960549	0.09303667	-1000	26.16691
588848900971364474	145.69602893	0.73512014	24.66568	23.93704	23.82873	21.61032	21.61778	2.362921	2.969064	2.969459	2.970076	2.96966	3.554984	-1000	23.19082
588848900971364506	145.57229404	0.7511342	26.56821	25.00767	22.62211	21.38779	20.8487	1.266592	2.969064	11.30436	2.970076	1.931902	11.30384	-1000	25.11029
588848900971364528	145.60520945	0.65441784	21.55195	25.3925	26.28249	25.56054	23.5105	-9999	3.525218	2.969459	2.970076	0.2767034	2.969321	-1000	25.6742
588848900971364609	145.6410779	0.70118244	21.62784	20.50049	19.40894	18.9566	18.55213	0.9511387	1.849879	2.098538	1.831411	2.107336	1.579401	0.201949	20.46307
588848900971364624	145.6906104	0.82491072	20.5574	18.89093	17.83094	17.31498	16.91715	2.26523	11.30286	6.758063	5.671293	4.628483	5.980011	0.5830864	19.07268
588848900971364693	145.6772481	0.65452901	21.99257	25.07034	24.74096	24.24672	22.20312	-9999	1.491567	0.7002519	2.970076	2.96966	4.583129	0.2031336	24.34462
588848900971364710	145.55547379	0.63616664	24.22689	25.42321	23.45179	21.23908	20.19098	-9999	2.969064	2.969459	2.970076	2.592393	0.8586949	-1000	22.65809
588848900971364715	145.55925467	0.71131676	21.95494	20.82769	19.7039	19.18983	18.79367	1.530032	2.969064	3.890633	3.322561	2.922017	3.680838	0.4844408	20.6943
588848900971364733	145.56722771	0.75151573	23.71189	22.34085	20.73173	20.25546	19.51259	1.664539	2.969064	2.969459	2.970076	3.090022	3.051105	-1000	22.09763
588848900971364745	145.5761918	0.65343331	24.70323	22.57784	22.21864	21.726	21.42447	0.7975377	0.2662198	2.969459	2.970076	2.96966	1.352463	-1000	22.9759
588848900971364752	145.57988502	0.66783166	23.39899	22.12374	20.96355	20.60186	19.9813	1.180978	2.969064	2.969459	3.006988	2.721202	7.357596	-1000	22.13373
588848900971364755	145.58255356	0.82115185	21.71721	20.49651	19.85512	19.41656	19.41809	2.190218	2.969064	4.352032	4.619656	4.050023	2.969321	0.3862918	20.39566
588848900971364762	145.58794136	0.68480458	23.21094	22.77978	22.18319	22.40098	21.97596	0.6979991	2.969064	2.969459	1.525797	0.9374661	2.969321	-1000	23.28551
588848900971364810	145.60633437	0.76452974	22.11712	22.03942	20.9004	20.47778	20.25755	1.359316	2.969064	2.969459	2.877877	3.18321	0.09404688	-1000	21.98401
588848900971364891	145.65137283	0.63658396	23.42201	22.71824	21.92202	21.19834	22.93327	2.955215	1.048796	1.077862	2.970076	1.429017	0.2978926	1.04519	23.47207
588848900971364959	145.6838381	0.65885033	23.39642	21.90283	20.33912	19.75833	19.24566	0.8538252	11.30286	2.244326	1.698715	1.796788	1.666846	0.2617707	21.76563
588848900971364960	145.68533396	0.83901162	23.04593	22.15901	20.72895	20.29554	19.98154	1.129317	0.1023841	2.969459	2.576876	2.026013	1.610399	-1000	22.47464
588848900971365011	145.56114995	0.8095133	23.53512	23.58051	22.13403	21.88718	21.63387	1.077169	2.969064	2.969459	2.970076	1.272029	3.878391	-1000	23.42792
588848900971365047	145.58253842	0.63987571	24.12737	23.37102	21.9321	21.79782	23.47927	2.108394	2.969064	2.969459	7.359465	7.358435	7.357596	-1000	21.79913
588848900971365051	145.58480881	0.77363996	22.08383	22.38725	20.763	20.29083	20.25018	4.248603	0.08955474	11.30436	11.30671	2.899654	0.0996589	-1000	22.4514
588848900971365076	145.60066989	0.7767086	23.57932	23.25711	21.38258	20.88365	20.44949	1.044124	2.969064	2.969459	2.156763	2.056235	3.932657	-1000	23.91885
588848900971365091	145.60694422	0.74283056	23.76336	22.7403	21.14906	20.09591	19.42648	1.642128	0.7087259	2.969459	2.970076	2.37133	2.326345	-1000	22.2781
588848900971365104	145.61255147	0.73635214	26.41887	24.38788	22.27232	22.91342	22.06307	0.7709312	2.969064	4.583341	1.58734	0.8052031	4.583129	-1000	23.3156
588848900971365149	145.64151516	0.63442142	22.95249	23.19275	22.19975	21.58857	22.25229	0.5785725	1.319506	2.969459	1.234675	2.96966	4.583129	-1000	23.1849
588848900971365162	145.64990172	0.77437804	23.69607	24.58726	22.09432	22.5386	22.96278	0.8114166	2.969064	2.969459	2.970076	1.027691	2.969321	-1000	21.97437
588848900971365167	145.65684301	0.67794554	23.29533	23.19541	22.40373	21.43691	20.60823	0.6639534	2.969064	2.969459	1.411106	1.541663	3.070107	-1000	23.0045
588848900971365284	145.62630838	0.69738226	23.58031	24.11965	22.81785	21.73273	21.84709	0.7446996	4.582732	4.583341	2.970076	1.451177	1.063701	-1000	24.32986
588848900971365309	145.67268865	0.64928398	23.83729	24.25872	23.18257	21.8176	20.99775	0.9237753	7.356958	2.969459	2.970076	1.460913	3.277748	-1000	23.22008
588848900971365351	145.67413584	0.65408166	21.45966	24.07231	24.88202	25.99484	23.03057	0.9589831	2.969064	2.969459	2.970076	2.96966	2.969321	-1000	26.42044
588848900971365353	145.6496584	0.72306489	25.64065	22.38798	23.65633	21.80766	22.65071	-9999	2.969064	0.09134869	0.1025323	7.358435	4.583129	0.05153229	25.10896
588848900971365361	145.57297612	0.75667657	23.6684	24.43759	22.93081	21.76966	21.3957	1.598607	2.969064	2.969459	11.30671	2.084645	1.729499	-1000	25.0894
588848900971429935	145.74826188	0.8284333	23.23016	22.79692	21.19212	20.97527	21.10296	1.339447	2.969262	2.968944	2.108231	2.969401	2.969867	-1000	23.51993
588848900971429960	145.79425687	0.68135512	21.71156	19.54384	18.26028	17.7096	17.35116	1.286358	11.30361	2.94713	2.907762	2.846153	2.890074	0.1618746	19.70464
588848900971429984	145.84087226	0.68415564	20.36625	18.1627	16.92737	16.37457	15.94689	2.182927	2.969262	5.076752	5.336867	4.720945	5.229289	0.2105597	18.27137
588848900971430053	145.77474143	0.71339402	23.6942	22.56154	22.28284	22.07019	20.66157	0.8750297	2.969262	2.968944	2.969935	2.117721	2.661328	-1000	22.05195
588848900971430100	145.8521809	0.82562387	21.01602	20.63212	20.2596	19.86266	19.58063	0.8458847	1.423619	1.51996	1.75275	1.667958	2.201604	0.1121946	20.75177
588848900971430244	145.80603434	0.63928205	24.13465	23.22299	22.04587	21.84813	21.56096	0.8007321	2.969262	2.968944	1.662838	1.41343	1.751466	-1000	22.9174
588848900971430256	145.81922421	0.69383628	20.47388	19.43481	18.9585	18.64668	18.51916	2.069536	2.969262	4.14212	4.622423	4.458177	7.303014	0.2287321	19.64541
588848900971430263	145.82625058	0.65831377	24.03439	23.08784	21.74817	21.31477	20.84149	0.9987191	4.583037	2.968944	2.969935	2.177143	4.583971	-1000	22.98824
588848900971430285	145.70484373	0.77136912	22.23493	21.5784	20.61158	20.26315	19.683	0.9366756	2.969262	2.309339	1.770756	1.6659	3.554193	0.2197067	21.54755
588848900971430315	145.72321168	0.77037297	26.01089	22.40047	21.26353	20.71366	20.33056	0.9382907	2.969262	2.968944	1.956035	1.769852	2.795909	-1000	22.72075
588848900971430320	145.73150351	0.71726534	23.08265	21.7431	20.12793	19.45566	19.03859	1.237036	7.357448	2.968944	2.723103	2.115499	6.993554	-1000	21.72018
588848900971430325	145.73833189	0.7218368	26.27921	23.54961	24.35654	21.89547	22.64239	0.9454532	2.969262	2.968944	0.1018034	1.40153	4.583971	-1000	23.55769
588848900971430330	145.73715191	0.63864828	23.7164	22.44052	21.38536	20.53578	19.98131	0.9117705	2.969262	2.968944	2.567138	1.720622	1.487385	-1000	22.08827
588848900971430363	145.76258109	0.83304117	23.11457	22.83329	23.20185	23.26365	21.61399	0.7527282	2.969262	2.968944	2.969935	0.09558155	0.9973176	-1000	23.50752
588848900971430374	145.77722798	0.67817252	24.02431	21.49809	20.55723	20.031	19.74757	0.9181044	0.3364486	2.35838	2.304306	1.867079	1.742203	0.2569272	21.83599
588848900971430375	145.77920231	0.78045103	23.49973	22.46482	21.93898	21.70875	21.64954	0.7476658	0.8064771	2.968944	1.318995	1.644122	4.054954	-1000	22.32813
588848900971430388	145.78948689	0.72772115	21.97816	22.78613	21.57421	20.5559	20.7844	1.8766	2.969262	2.968944	2.969935	2.861627	11.30591	-1000	22.45624
588848900971430397	145.79604819	0.68878418	24.42685	22.58177	22.85735	22.55534	22.43486	1.232731	2.969262	2.968944	1.208816	7.357791	0.6999284	-1000	22.83657
588848900971430409	145.80119718	0.77603027	22.81904	22.64645	22.05999	21.5983	21.45553	0.6941077	1.181897	2.968944	1.416523	1.714509	1.087501	-1000	22.76987
588848900971430423	145.80716549	0.82732251	23.07724	22.17919	20.75504	20.04115	19.35295	1.179108	4.583037	2.968944	2.643224	2.407865	2.039137	-1000	22.17244
588848900971430452	145.82647733	0.70946256	22.47332	22.27321	23.53726	22.99674	23.20745	1.943504	3.074611	2.968944	11.30617	2.969401	11.30591	-1000	22.11198
588848900971430483	145.84625518	0.7875223	22.27551	21.77248	21.2109	21.18425	21.24272	1.464995	2.969262	1.677526	7.359116	1.968993	18.01874	0.258261	22.85387
588848900971430596	145.77541029	0.79208911	23.61341	23.20297	21.79885	21.97441	20.8685	0.8558813	2.969262	4.582546	1.745654	1.569665	18.01874	-1000	23.00685
588848900971430602	145.78070452	0.75717782	23.96684	23.31379	22.01045	21.73523	21.31628	0.7649178	2.969262	2.968944	1.699549	1.588979	1.934858	-1000	23.18808
588848900971430610	145.78435645	0.71918568	24.7433	23.58168	22.5032	21.1828	20.48107	0.7428246	2.969262	1.166111	1.645147	1.642376	11.30591	1.024795	25.49694
588848900971430619	145.79511384	0.76269635	23.22967	22.77485	21.29361	20.1625	19.52339	1.479037	2.969262	0.1027801	2.969935	2.669437	4.583971	0.04462948	23.64013
588848900971430634	145.8049532	0.71478965	25.68299	22.82163	21.94984	21.5105	21.48858	0.95366	2.969262	2.968944	2.025895	2.52832	2.969867	-1000	23.84839
588848900971430638	145.80565855	0.80357887	23.85352	22.67739	21.56436	21.49384	20.96469	1.154983	7.357448	2.968944	2.489534	1.821129	2.852672	-1000	23.11825
588848900971430647	145.8119352	0.75611741	23.39504	23.70232	21.40302	20.70228	20.27255	0.8738603	2.969262	0.7572776	1.828675	1.650117	2.711541	0.01197423	22.87029
588848900971430652	145.81213296	0.63848469	26.32437	23.24557	22.58464	22.80744	22.28189	0.5555798	2.969262	2.968944	1.287821	1.033866	4.583971	-1000	23.32705
588848900971430688	145.83421857	0.76705635	26.00848	22.83429	21.83994	22.59325	22.12514	1.158304	2.969262	2.968944	2.969935	2.969401	1.907259	-1000	22.9726
588848900971430713	145.84677516	0.64000181	24.13643	23.67583	21.62467	21.46746	20.86046	0.9526507	7.357448	2.968944	2.033761	2.019166	1.204916	-1000	23.40788
588848900971430721	145.84969512	0.75713578	24.84494	23.18857	21.73053	20.99451	20.20893	1.724317	2.969262	11.3024	7.359116	1.506526	7.358947	-1000	21.79115
588848900971430722	145.84992828	0.83752181	23.9016	23.97644	21.50647	21.23556	20.62341	1.824908	2.969262	2.968944	2.969935	1.678964	1.693998	-1000	25.87522
588848900971430768	145.7396434	0.67626247	25.5177	24.01392	22.69005	21.09772	21.01978	2.638909	4.583037	2.968944	1.080773	2.969401	2.230736	-1000	23.21063
588848900971430835	145.82450659	0.75191834	22.81435	23.44086	22.91276	21.87295	21.22201	-9999	2.969262	2.968944	2.969935	7.357791	2.27063	-1000	24.85003
588848900971430854	145.85133829	0.8160506	25.41672	24.21583	22.64784	21.87077	21.48168	0.941466	2.969262	2.968944	2.969935	1.774203	0.6985019	-1000	25.00803
588848900971430884	145.72534541	0.72216654	20.73264	20.1837	21.98877	21.06568	23.62035	6.367753	0.6581428	27.91209	27.92141	27.91639	27.92077	-1000	20.52725
588848900971430887	145.71814432	0.679674	23.27858	23.72612	21.79201	21.63262	21.08219	1.192365	2.969262	2.968944	2.969935	2.969401	2.198668	-1000	23.40335
588848900971430890	145.80539031	0.81223183	22.72712	22.87895	21.95921	21.74861	21.15253	1.433611	4.583037	11.3024	2.969935	4.583251	2.056565	-1000	22.7774
588848900971430891	145.81508512	0.73502154	26.0226	24.64898	21.75594	23.47325	22.69082	1.188712	2.969262	2.968944	2.168425	0.3251475	1.056711	-1000	22.41082
588848900971430895	145.71676534	0.81814145	23.2538	23.59579	22.48056	21.87918	21.16674	0.4912374	2.969262	2.968944	1.351361	2.207192	2.202863	-1000	25.58367
588848900971430898	145.77473675	0.70814566	23.13717	23.44472	23.02208	22.12194	20.92614	0.7465952	2.082735	2.968944	2.969935	1.390447	2.061841	-1000	23.704
588848900971495449	145.87933231	0.64385975	27.55896	21.70109	20.45607	19.16884	23.60363	14.243	2.968739	27.90938	2.969973	27.91294	0.6631491	-1000	20.70999
588848900971495473	145.92021186	0.82399526	23.16267	21.40924	20.57641	20.03781	19.72119	1.70101	2.968739	2.968655	2.969973	3.075493	3.591004	-1000	21.96573
588848900971495483	145.92905571	0.83009336	25.02865	24.76128	21.99692	21.47685	21.53194	1.238521	2.968739	2.968655	2.188685	1.66892	2.969172	-1000	25.38892
588848900971495589	145.92959072	0.77252391	25.79945	23.92873	22.81135	21.2796	20.39794	0.6234989	2.968739	2.968655	2.969973	1.247368	1.961043	-1000	24.7
588848900971495603	145.93619255	0.67209158	26.00399	23.73676	24.43742	21.85074	21.51302	2.552336	2.968739	2.968655	2.969973	4.582686	4.582898	-1000	22.48975
588848900971495644	145.98540393	0.7865678	19.31648	18.00269	17.28211	16.87553	16.58003	2.554482	4.735796	5.458513	5.472969	5.254001	5.302646	0.1139734	18.01171