587729149846946415	151.61799583	-2.67001468	26.69439	23.69534	22.19586	22.21873	21.55124	0.6874543	2.96956	2.96992	1.821821	2.969773	1.826231	-1000	24.99403
588848900971299298	145.47114681	0.66932087	22.84851	22.53132	21.20048	20.53224	19.91923	0.926931	2.968804	2.969576	1.931132	1.824043	1.933071	-1000	22.33098
588848900971299314	145.48987886	0.81906526	26.01395	21.8112	20.34277	19.59262	19.27628	1.392128	2.968804	2.969576	7.358338	5.415725	5.23815	-1000	22.44217
588848900971299336	145.50273895	0.67556376	22.21518	21.03337	20.39481	20.07448	19.93913	1.642314	7.356313	2.590113	7.358338	4.139858	4.177183	0.2025354	21.20942
588848900971299347	145.50922819	0.6416901	22.89446	22.50301	22.13184	21.80675	21.23432	0.9529259	1.643323	2.969576	2.969621	1.430707	2.138414	-1000	23.03141
588848900971299364	145.52829365	0.6745819	22.67584	22.29496	22.07839	21.75136	22.03872	0.7724974	1.122658	1.663847	1.548706	1.408211	0.9567103	0.2679949	22.59066
588848900971299428	145.41678699	0.67479443	22.13161	23.40623	21.72228	21.64298	21.43922	1.632709	11.30187	2.969576	2.969621	1.171398	2.016547	-1000	22.79285
588848900971299431	145.42126101	0.63163653	23.79838	23.94106	22.42077	23.41146	22.56224	0.6403871	258.286	2.969576	1.59747	1.058975	1.05966	-1000	23.79676
588848900971299438	145.43358031	0.80337506	22.93598	22.4724	21.40861	22.00551	21.13297	2.136418	2.968804	2.969576	7.358338	2.969343	0.6630611	-1000	22.37182
588848900971299439	145.43448561	0.83551212	24.3733	23.12918	22.26264	22.19874	21.44239	0.7038131	2.968804	2.969576	2.969621	2.969343	1.860468	-1000	23.67183
588848900971299457	145.45012326	0.73053137	22.90536	23.98158	21.3965	20.62963	20.24568	1.10416	2.968804	2.969576	2.969621	2.061475	3.192441	-1000	22.9837
588848900971299465	145.45903057	0.73754633	23.41209	22.86432	21.94142	21.06899	20.87578	0.9347903	2.968804	2.969576	2.969621	2.093934	1.668647	-1000	22.95048
588848900971299478	145.47078628	0.77308525	24.10098	23.17825	22.07329	21.91835	21.32788	1.271123	4.58233	2.969576	2.969621	1.860392	7.357388	-1000	23.65632
588848900971299483	145.48191068	0.68134822	23.35847	23.01978	21.80967	21.75535	21.57507	0.8593693	1.055061	2.969576	1.914025	2.969343	2.692236	-1000	23.61715
588848900971299523	145.51377073	0.63330075	26.3645	23.8718	21.72996	20.43219	19.57593	0.8289049	2.968804	2.969576	2.027697	1.223765	1.272521	-1000	27.87862
588848900971299530	145.52075556	0.73770253	24.14729	22.89888	21.55476	20.88731	20.12341	0.7369105	2.968804	2.969576	1.709165	1.791834	3.858082	-1000	22.76348
588848900971299536	145.52432384	0.68815325	22.8726	23.73092	22.39777	21.75201	21.27134	1.084325	4.58233	7.358226	2.969621	2.226422	1.644	-1000	23.14399
588848900971299553	145.5328557	0.73742912	24.62729	23.24893	22.05316	22.11275	21.03881	0.7109339	4.58233	2.969576	1.233709	2.108019	2.010997	-1000	22.95362
588848900971299566	145.54302418	0.63885935	24.61051	23.07082	22.10776	21.80989	23.80116	0.8741475	2.968804	2.969576	1.852828	1.796201	2.969238	-1000	23.67639
588848900971299579	145.55223284	0.82725616	23.7808	23.26238	21.40789	20.83074	20.52889	1.019594	2.968804	2.969576	2.114534	1.833114	1.729617	-1000	24.37377
588848900971299656	145.49087137	0.7019701	23.68132	24.69815	23.07804	21.30259	20.33243	2.003861	2.968804	0.07528759	4.583591	2.549478	1.592524	0.02902999	26.05683
588848900971299679	145.53162305	0.67335761	22.7124	23.13567	22.47221	21.73483	21.38024	1.070598	7.356313	1.243474	2.074179	1.71376	0.8870165	0.01920276	24.9087
588848900971299706	145.47505946	0.7063353	23.55217	25.78945	23.67198	24.55047	19.91768	1.271414	2.968804	2.969576	27.91846	2.969343	1.086532	-1000	25.11933
588848900971299714	145.5295909	0.78436721	23.78044	24.01717	23.49361	25.52846	19.91284	3.469542	2.968804	2.969576	2.969621	4.583162	3.515733	-1000	25.24575
588848900971299716	145.54378987	0.70630274	23.69642	25.01012	24.32699	23.80344	20.56828	-9999	4.58233	2.969576	2.969621	2.969343	1.172643	-1000	25.79452
588848900971364367	145.56237168	0.68300984	26.28174	22.03528	20.35749	19.77728	19.43204	1.24913	2.969064	2.969459	2.766287	2.830798	1.312906	-1000	21.90789
588848900971364368	145.55944989	0.6849233	23.86743	22.06437	21.17116	20.6436	20.12671	0.903987	2.969064	2.135447	1.935099	3.555359	3.833015	0.4130461	22.01333
588848900971364370	145.55559859	0.67095761	25.97182	24.55877	22.79455	21.18157	21.05417	0.8058423	2.969064	2.969459	2.970076	2.399363	2.374831	-1000	24.0969
588848900971364385	145.57106988	0.81248211	22.28952	22.06236	18.43114	18.07762	17.66133	1.300433	2.969064	1.061974	2.562407	1.616049	1.275038	0.9819363	22.76072
588848900971364460	145.69083676	0.74640661	26.29953	22.7227	21.69497	20.36051	19.51608	1.254526	2.969064	2.969459	2.970076	2.356563	1.75527	-1000	22.31061
588848900971364493	145.56329399	0.80261605	23.04446	20.52044	19.47627	19.04267	18.64659	1.632664	0.7790153	3.621742	3.403719	3.407566	3.682686	0.2678038	20.57559
588848900971364506	145.57229404	0.7511342	26.56821	25.00767	22.62211	21.38779	20.8487	1.266592	2.969064	11.30436	2.970076	1.931902	11.30384	-1000	25.11029
588848900971364600	145.61648622	0.81469042	22.58895	20.49676	19.07225	18.52382	18.18875	1.097153	2.969064	2.244728	2.300486	2.195299	9.067618	0.326171	20.52228
588848900971364607	145.63503091	0.79471545	25.35003	24.35971	22.63741	21.82483	21.61508	0.980755	2.969064	4.583341	2.970076	1.759468	2.969321	-1000	24.8273
588848900971364638	145.6032673	0.68384334	22.27321	21.24031	19.38774	18.63601	18.20813	1.565998	11.30286	2.969459	3.638883	3.665709	3.717205	-1000	21.31097
588848900971364641	145.61060451	0.67026478	22.10936	21.32215	19.53039	18.89655	18.42041	1.316301	2.969064	2.969459	4.246314	2.101511	2.190743	-1000	21.02939
588848900971364662	145.56943578	0.65787766	22.20676	25.6603	25.11648	24.45519	23.59174	1.869581	1.186249	0.8616245	4.584293	4.583652	2.969321	-1000	25.10858
588848900971364710	145.55547379	0.63616664	24.22689	25.42321	23.45179	21.23908	20.19098	-9999	2.969064	2.969459	2.970076	2.592393	0.8586949	-1000	22.65809
588848900971364713	145.55696027	0.70811269	24.54811	22.77662	21.56213	21.19548	20.42659	0.6958809	2.969064	2.969459	1.847624	1.273979	1.379037	-1000	22.59435
588848900971364744	145.57527265	0.74234624	23.69182	22.46166	21.72836	21.46544	21.16213	0.8483289	0.0750654	2.969459	1.745342	1.431125	3.616139	-1000	22.11005
588848900971364770	145.59137301	0.74044913	22.60309	22.25135	21.3194	20.91175	20.21236	0.8174731	0.9214987	2.969459	1.646805	1.43282	3.444364	-1000	22.75924
588848900971364774	145.59277282	0.83334914	22.40101	22.1621	21.1743	20.87584	20.61532	1.044193	7.356958	2.969459	2.431553	2.679001	2.957717	-1000	21.91164
588848900971364789	145.5964023	0.75488435	23.71387	22.39022	21.32296	21.15481	20.92931	1.222821	11.30286	2.969459	2.970076	1.84339	2.251179	-1000	22.18312
588848900971364822	145.61144872	0.65304172	23.27739	22.42585	20.91207	20.39162	20.01322	0.8361948	0.06803214	1.769116	1.598385	1.910522	11.30384	0.292963	22.40394
588848900971364850	145.61963261	0.75994453	22.6458	21.70657	21.13307	20.9705	20.35933	0.8877074	1.147724	1.638382	1.979901	1.827873	7.114891	0.1919785	21.77263
588848900971364877	145.64321663	0.67670364	22.09987	21.6955	21.595	20.93607	20.85308	1.656092	2.969064	2.969459	2.970076	2.96966	0.06716675	-1000	22.53653
588848900971364898	145.65458084	0.73802465	23.00688	22.21117	21.38342	21.25064	20.74584	1.010962	1.219767	2.969459	2.177969	1.618157	4.583129	-1000	22.15187
588848900971364904	145.65618377	0.65554924	23.50843	22.58127	21.97427	21.44841	20.79899	0.8617615	2.969064	2.969459	2.335788	1.418638	2.714717	-1000	22.15154
588848900971364924	145.66345019	0.650246	24.02251	22.35764	20.9199	20.23111	19.65154	1.322268	2.969064	2.969459	2.970076	2.085468	2.315212	-1000	22.09099
588848900971364938	145.66817007	0.8220372	23.33287	21.83315	20.95663	20.64066	20.04877	0.9742028	2.969064	2.180788	2.15561	2.1483	1.854967	0.4518225	21.69144
588848900971364964	145.68726094	0.78029045	26.92972	21.84105	20.15422	19.43789	18.8435	1.926427	43.7564	2.969459	3.991325	3.316094	5.233395	-1000	21.78584
588848900971364970	145.69097389	0.67681765	23.88206	22.88147	22.85309	22.11695	21.32974	0.7253448	4.582732	2.969459	2.970076	2.96966	2.52706	-1000	23.35549
588848900971365003	145.55500589	0.76761722	26.04373	23.84114	21.89223	22.21142	21.06923	0.6727757	0.06594219	2.969459	1.494162	2.96966	1.342103	-1000	25.9943
588848900971365005	145.55677364	0.73856723	23.45528	23.33208	21.84106	20.98801	20.55312	1.913293	2.969064	2.969459	7.359465	3.331751	3.374979	-1000	25.89452
588848900971365015	145.5631706	0.75384915	21.93977	22.46152	20.71028	19.88913	19.46419	2.300286	0.801476	2.969459	2.970076	2.97166	2.058331	-1000	22.46054
588848900971365032	145.56950235	0.76241454	24.37309	23.59411	22.12904	21.79491	20.98914	0.7867392	2.969064	0.09334737	1.50739	2.96966	2.077223	0.04057722	24.34172
588848900971365040	145.57596334	0.76107987	24.35049	23.89421	22.11824	21.78777	20.86027	3.056297	0.6997067	2.969459	2.970076	1.36984	1.677914	-1000	23.10725
588848900971365043	145.57753917	0.74180599	23.80726	23.47092	22.17581	21.85603	22.18051	1.462724	2.969064	2.969459	2.970076	1.629099	1.153711	-1000	23.16112
588848900971365059	145.58902951	0.72777624	23.3989	23.28854	22.57197	22.07618	21.46592	0.5381132	91.28503	7.357935	1.050565	1.710781	1.056453	-1000	22.74723
588848900971365070	145.59748226	0.75875769	26.11903	23.77335	21.95027	21.59368	21.08373	0.6580214	2.969064	11.30436	1.42283	1.736936	1.437131	-1000	23.74231
588848900971365071	145.59626601	0.75828742	23.36853	25.08003	21.78151	21.23992	20.63315	1.292174	2.969064	2.969459	2.970076	1.605664	0.8158432	-1000	25.84715
588848900971365110	145.61304877	0.77645303	23.89529	24.34337	22.17065	21.24936	20.92098	0.7824262	4.582732	2.969459	2.970076	2.448246	2.674177	-1000	26.67288
588848900971365113	145.61690618	0.73537014	25.85299	22.95663	21.24682	24.50347	24.99507	1.852457	2.969064	2.969459	2.970076	2.96966	2.969321	-1000	24.12545
588848900971365116	145.61787297	0.76388718	24.33879	23.3361	22.2711	21.87995	19.62092	2.426368	2.969064	2.969459	18.02001	0.8675411	18.01543	-1000	26.12209
588848900971365135	145.63486895	0.81648218	24.78529	23.27699	22.3609	22.20709	22.28549	0.7126607	11.30286	2.969459	1.2236	1.565203	1.353602	-1000	23.56804
588848900971365136	145.63485154	0.81937778	23.91556	23.6201	21.82055	22.23644	22.70863	0.8601736	4.582732	4.583341	1.865654	2.96966	0.6795334	-1000	23.34658
588848900971365160	145.64607875	0.78624679	23.73063	24.29836	22.49303	24.29477	22.01173	0.1759852	2.969064	2.969459	2.970076	2.96966	0.083639	-1000	26.00722
588848900971365168	145.65739894	0.64062564	24.77393	24.45802	22.33403	22.36996	22.3364	0.6841611	2.969064	2.969459	1.492877	1.830476	2.969321	-1000	26.1286
588848900971365196	145.67434487	0.74263026	22.08545	21.75153	20.46173	20.69912	20.67628	9.458374	2.969064	2.969459	27.92274	1.290532	0.09900028	-1000	19.85461
588848900971365245	145.562094	0.69158721	24.29245	23.38803	22.96662	21.23237	21.05087	-9999	2.969064	7.357935	2.970076	1.904585	7.357596	-1000	23.41955
588848900971365253	145.57079637	0.76671351	24.09449	23.67791	22.83284	21.64169	20.83904	1.160043	0.7115549	2.969459	2.970076	1.256659	1.863624	-1000	22.56502
588848900971365255	145.57513881	0.67009361	24.65445	23.94285	22.82635	21.60253	21.60246	1.25017	4.582732	2.969459	2.970076	1.637576	1.376161	-1000	23.93233
588848900971365291	145.63941957	0.66808408	23.87291	23.65228	23.00852	21.23833	20.89009	4.739487	11.30286	2.969459	2.970076	2.99683	1.502648	-1000	23.32749
588848900971365338	145.59359793	0.83843845	25.16546	23.99384	25.5178	24.37503	20.5452	-9999	4.582732	2.969459	0.2460694	2.96966	2.407022	-1000	23.01242
588848900971365343	145.657704	0.76532847	23.59345	24.49804	24.04383	23.19196	19.78261	1.186145	0.9975299	2.969459	2.970076	2.96966	1.590899	-1000	23.06216
588848900971365351	145.67413584	0.65408166	21.45966	24.07231	24.88202	25.99484	23.03057	0.9589831	2.969064	2.969459	2.970076	2.96966	2.969321	-1000	26.42044
588848900971365353	145.6496584	0.72306489	25.64065	22.38798	23.65633	21.80766	22.65071	-9999	2.969064	0.09134869	0.1025323	7.358435	4.583129	0.05153229	25.10896
588848900971429900	145.72993793	0.81032122	23.13645	23.22214	22.68933	21.24	20.48864	1.308617	4.583037	2.968944	4.584076	27.91639	1.374467	-1000	23.54615
588848900971429935	145.74826188	0.8284333	23.23016	22.79692	21.19212	20.97527	21.10296	1.339447	2.969262	2.968944	2.108231	2.969401	2.969867	-1000	23.51993
588848900971429948	145.76040477	0.63661861	25.72693	24.7858	23.29604	21.61698	21.70359	2.089249	2.969262	2.968944	2.969935	2.433851	2.703967	-1000	25.22678
588848900971429961	145.79248289	0.67729769	24.14083	22.77879	21.86531	21.54133	21.32486	0.6777141	2.969262	2.968944	1.408234	2.300219	1.574259	-1000	22.5942
588848900971429963	145.7921427	0.68033779	23.0979	22.80008	24.05872	21.49239	22.33324	3.109898	2.969262	2.968944	7.359116	7.357791	7.358947	-1000	23.06225
588848900971429984	145.84087226	0.68415564	20.36625	18.1627	16.92737	16.37457	15.94689	2.182927	2.969262	5.076752	5.336867	4.720945	5.229289	0.2105597	18.27137
588848900971430052	145.77546311	0.71176491	24.25775	23.44226	22.29695	20.73598	20.31095	1.255633	2.969262	2.968944	2.969935	2.202143	1.795353	-1000	24.26127
588848900971430096	145.84065783	0.75207352	26.35835	23.25529	21.23512	20.4352	19.72565	1.374279	2.969262	11.3024	2.969935	2.32445	3.565046	-1000	23.48177
588848900971430142	145.78540537	0.67407483	21.20666	19.48996	18.35586	17.78272	17.35508	2.63682	27.91508	5.900445	5.948046	5.917273	4.878468	0.5442101	19.42831
588848900971430157	145.80151725	0.70556466	25.57	23.75576	21.86436	21.54502	20.64177	0.9466226	2.969262	4.582546	1.870548	1.728407	1.865225	-1000	23.55788
588848900971430164	145.80473106	0.76806296	21.28693	19.81295	18.87707	18.40108	18.05265	1.477198	2.316661	2.702876	3.277438	2.786561	3.166479	0.1721448	20.01076
588848900971430267	145.83157932	0.66671376	22.22866	21.961	21.12753	20.96999	20.49459	0.7291033	1.381252	11.3024	1.565748	1.958179	1.471251	-1000	21.69633
588848900971430290	145.70850208	0.69891371	22.68754	21.84247	20.90833	20.63913	20.32	1.69823	1.276488	1.971377	2.969935	2.125091	2.96499	0.231276	21.66809
588848900971430293	145.71069163	0.6328891	22.60473	22.85829	22.00991	22.19859	21.52558	0.9913119	1.044862	1.067262	2.969935	0.9385054	1.411789	0.41225	23.08269
588848900971430297	145.71362689	0.76258294	25.44231	22.5155	21.3149	20.20857	19.62308	0.9157302	0.263379	2.968944	1.949878	1.871162	1.907835	-1000	22.72581
588848900971430300	145.71378694	0.64364349	25.02775	22.59894	21.82042	21.38331	21.26712	1.296798	2.969262	2.968944	7.359116	2.631166	1.059223	-1000	22.57799
588848900971430304	145.71443335	0.77746123	24.45979	25.38283	22.55072	21.51572	20.87379	0.757443	2.969262	2.968944	1.125639	1.502115	0.9811535	-1000	25.73484
588848900971430314	145.72251842	0.75721061	23.259	22.51595	22.00179	21.41788	21.3258	0.6565776	2.969262	2.968944	1.420735	1.794302	1.497411	-1000	22.47337
588848900971430347	145.75154164	0.68732555	22.34231	21.24643	20.5366	20.05354	20.23092	1.760625	2.969262	18.01314	2.969935	2.450048	2.969867	-1000	21.70635
588848900971430350	145.75316863	0.67943542	21.84629	20.83005	19.8473	19.29235	19.15418	1.893811	11.30361	2.968944	3.79278	3.669193	6.409338	-1000	20.93263
588848900971430382	145.78462032	0.79636223	23.44798	21.98938	20.46899	19.86839	19.3902	0.8780483	27.91508	2.968944	1.777066	1.637468	3.25836	-1000	21.68534
588848900971430383	145.78659172	0.79674261	23.01088	22.52187	21.78843	21.06269	20.72017	1.061518	2.969262	2.968944	2.055528	2.969401	2.070137	-1000	22.63764
588848900971430388	145.78948689	0.72772115	21.97816	22.78613	21.57421	20.5559	20.7844	1.8766	2.969262	2.968944	2.969935	2.861627	11.30591	-1000	22.45624