587729149846946420	151.62927154	-2.51447158	26.21442	22.74992	21.67175	21.60344	20.99603	0.8847721	11.30474	2.96992	2.140822	1.105553	11.30503	-1000	24.08907
587729149846946428	151.63263451	-2.61203165	24.60177	23.23802	21.90563	21.30927	20.81629	0.7675635	2.96956	2.96992	1.67355	2.791054	2.852454	-1000	22.65133
588848900971299312	145.48727069	0.73440921	24.36167	23.32091	22.03395	21.72168	20.42629	1.222204	2.968804	2.969576	2.969621	2.969343	1.95408	-1000	23.57671
588848900971299317	145.4909632	0.83783288	24.75526	22.16235	21.05073	20.48334	20.46729	2.966501	11.30187	2.969576	11.30498	2.969343	11.30352	-1000	24.48825
588848900971299328	145.49745098	0.66236707	22.53903	22.23139	21.33428	20.89223	20.49659	1.11918	11.30187	11.3048	2.706614	2.501734	1.53223	-1000	22.1531
588848900971299342	145.50483128	0.744911	24.33281	22.2664	20.50923	19.80633	19.26615	1.113954	2.968804	2.969576	2.362977	2.874777	1.789402	-1000	22.22692
588848900971299380	145.53887627	0.74943711	23.37186	22.43864	21.26264	20.71757	20.09599	1.065984	2.968804	2.969576	2.544992	2.645594	1.936189	-1000	22.49684
588848900971299413	145.40655238	0.67950423	23.53721	22.78281	21.4816	21.05426	20.83373	0.9209412	2.968804	2.969576	2.358073	1.425919	18.01493	-1000	22.40366
588848900971299414	145.40772396	0.65007236	23.8577	25.77321	22.49968	25.10509	23.06052	-9999	2.968804	2.969576	2.969621	2.969343	4.583	-1000	22.96211
588848900971299427	145.41670299	0.66922103	24.59029	23.28917	21.86753	20.79293	20.52135	0.7667869	2.968804	4.583522	2.969621	2.186023	2.990714	-1000	22.31026
588848900971299429	145.418098	0.77868929	23.67902	23.80864	22.45864	21.86776	22.05835	0.5421513	2.968804	4.583522	1.366174	1.910112	2.969238	-1000	23.66347
588848900971299493	145.48992235	0.72567956	24.42973	23.61314	21.71837	21.07846	20.61037	0.7630399	2.968804	2.969576	1.97493	1.794239	18.01493	-1000	23.89034
588848900971299511	145.50261696	0.82411132	23.54877	23.61785	21.34252	20.6585	20.17163	1.468471	2.968804	2.969576	2.969621	1.484231	1.054275	-1000	18.72559
588848900971299517	145.5064996	0.81979664	25.10395	24.04158	22.07136	21.49155	20.93496	0.4330257	2.968804	2.969576	2.969621	1.374678	2.409552	-1000	24.14906
588848900971299546	145.52841464	0.75677409	24.54795	22.80375	21.71358	21.29157	20.49944	1.307831	2.968804	2.969576	2.969621	2.57987	3.882403	-1000	22.84874
588848900971299551	145.53204404	0.66623645	26.12676	22.67513	20.65491	19.79901	19.35809	1.220347	0.1079666	2.969576	2.605565	2.126887	3.751154	-1000	22.56481
588848900971299556	145.53571363	0.7161012	23.87619	24.25732	22.07078	20.99093	20.517	0.8889138	2.968804	2.969576	1.767727	1.84622	1.465108	-1000	26.06859
588848900971299574	145.54930789	0.73110467	24.14282	23.36889	21.51155	20.89157	20.46665	1.006252	2.968804	4.583522	2.335174	2.445203	1.703491	-1000	23.06234
588848900971299620	145.43461375	0.66359859	25.90094	25.79351	22.47568	21.25756	20.69911	1.471936	2.968804	4.583522	2.969621	1.717	2.65128	-1000	25.51811
588848900971299632	145.44865411	0.79827257	22.88657	24.06833	23.13071	22.05402	22.04836	-9999	2.968804	2.969576	2.969621	2.969343	2.969238	-1000	24.75765
588848900971299635	145.45406069	0.79098383	24.85288	23.23904	22.71315	21.16834	20.7331	0.6068687	2.968804	1.283569	2.969621	1.479604	1.355402	1.158936	23.69815
588848900971299641	145.46421166	0.7300498	23.65936	24.94654	23.01447	21.88778	22.23137	0.7236938	7.356313	2.969576	2.969621	1.755436	2.969238	-1000	26.5417
588848900971299652	145.48800841	0.67818894	26.01052	23.82951	22.64185	21.73419	21.78361	0.5434768	2.968804	2.969576	1.143132	1.081273	2.969238	-1000	25.0126
588848900971299680	145.53201631	0.81672704	24.57616	23.29006	23.1687	21.60308	20.86428	0.5870591	2.968804	43.76394	2.969621	1.834718	1.584244	-1000	23.27269
588848900971299687	145.54317327	0.70989631	23.47284	24.09791	23.0161	21.75132	20.81858	2.110779	7.356313	2.969576	0.9792445	1.649044	1.131752	-1000	23.3604
588848900971299688	145.54510844	0.73958803	25.81828	25.35447	23.10426	21.85695	22.22138	0.7730137	2.968804	2.969576	2.969621	1.915854	4.583	-1000	26.42389
588848900971299691	145.55296443	0.66810861	24.84492	24.06287	23.24393	21.44069	20.47892	0.8575528	2.968804	2.969576	2.969621	1.312361	1.684936	-1000	25.26443
588848900971299716	145.54378987	0.70630274	23.69642	25.01012	24.32699	23.80344	20.56828	-9999	4.58233	2.969576	2.969621	2.969343	1.172643	-1000	25.79452
588848900971299725	145.54304339	0.71302757	23.13484	23.25957	22.55863	21.84712	21.22829	0.766938	2.968804	2.969576	2.969621	1.98552	1.4069	-1000	25.08102
588848900971364367	145.56237168	0.68300984	26.28174	22.03528	20.35749	19.77728	19.43204	1.24913	2.969064	2.969459	2.766287	2.830798	1.312906	-1000	21.90789
588848900971364385	145.57106988	0.81248211	22.28952	22.06236	18.43114	18.07762	17.66133	1.300433	2.969064	1.061974	2.562407	1.616049	1.275038	0.9819363	22.76072
588848900971364426	145.6093326	0.78335571	23.41533	24.40199	23.417	22.19416	22.15312	0.4601943	4.582732	4.583341	2.970076	0.07711656	1.806657	-1000	23.49366
588848900971364468	145.69138797	0.73488714	24.02189	24.11707	22.23827	22.47523	23.20859	1.198838	7.356958	7.357935	2.970076	7.358435	0.2460234	-1000	25.637
588848900971364469	145.70003417	0.73490214	24.49464	23.84434	22.08008	23.37661	22.08231	0.6230862	2.969064	2.969459	1.561179	2.96966	2.969321	-1000	23.80112
588848900971364475	145.6925479	0.73641819	26.69347	23.99891	22.69274	20.80515	22.96013	2.382025	2.969064	2.969459	2.970076	2.229825	18.01543	-1000	24.11358
588848900971364622	145.68919338	0.68292838	22.98231	23.62633	22.41438	22.67404	21.27106	0.920585	0.6865962	2.969459	2.970076	2.96966	1.538754	-1000	23.53827
588848900971364666	145.59304136	0.73486379	22.08107	21.66912	22.2565	21.21053	20.41108	0.6511201	2.969064	1.725038	2.593698	2.398586	1.939586	0.2076946	21.71507
588848900971364681	145.63305891	0.77295669	26.1076	21.13051	20.43662	20.84606	19.95029	1.315819	2.969064	2.969459	2.970076	2.96966	68.29183	-1000	22.43915
588848900971364713	145.55696027	0.70811269	24.54811	22.77662	21.56213	21.19548	20.42659	0.6958809	2.969064	2.969459	1.847624	1.273979	1.379037	-1000	22.59435
588848900971364727	145.56472659	0.75827413	23.2237	22.35065	21.26701	20.74661	20.10313	0.8700958	7.356958	2.969459	2.064212	2.091727	1.532818	-1000	21.98543
588848900971364728	145.56515777	0.68443358	24.96369	21.92649	20.54151	19.86628	19.50639	0.9610978	0.2758754	2.123147	2.11917	2.073351	1.993312	0.1283545	22.12775
588848900971364747	145.57873325	0.7367431	22.36037	21.11179	20.23111	19.82881	19.29896	1.323694	2.969064	2.539947	2.882092	2.623345	4.072931	0.2256935	21.35414
588848900971364767	145.5902864	0.74380552	23.3256	22.37201	21.73068	21.5653	20.6312	0.9767647	11.30286	2.969459	2.15262	1.88763	1.569224	-1000	22.94994
588848900971364776	145.59307016	0.78918606	24.25215	21.96492	21.02869	20.49054	20.01445	0.8840982	2.969064	1.449809	1.963618	1.503052	1.514524	0.1906337	22.39684
588848900971364822	145.61144872	0.65304172	23.27739	22.42585	20.91207	20.39162	20.01322	0.8361948	0.06803214	1.769116	1.598385	1.910522	11.30384	0.292963	22.40394
588848900971364823	145.61213046	0.80247525	23.32277	22.63684	21.09948	20.62383	20.05503	1.513236	2.969064	2.969459	2.970076	2.670116	2.354259	-1000	22.72093
588848900971364833	145.61395341	0.82589999	23.72239	21.33351	20.09908	19.57601	19.2382	1.709315	11.30286	2.969459	4.117478	2.494508	3.227559	-1000	21.63829
588848900971364839	145.6163998	0.64243946	21.70533	20.93386	19.9311	19.45985	19.28056	1.418076	11.30286	3.099684	3.031574	2.718118	2.779552	0.3104219	20.90256
588848900971364851	145.6196697	0.67019518	23.21253	22.57599	21.52726	21.10124	22.06489	1.008334	0.1005937	2.969459	2.457073	2.173753	2.812175	-1000	23.15218
588848900971364908	145.65815115	0.82490415	24.668	22.75959	22.52515	21.83728	21.22021	0.6673503	2.969064	4.583341	1.565925	2.96966	1.443303	-1000	22.7088
588848900971364913	145.65790482	0.70746268	23.54641	22.82277	21.96959	21.83702	20.58197	0.7545576	2.969064	2.969459	1.500785	1.194594	2.110669	-1000	22.48497
588848900971364943	145.66968475	0.83668316	23.19518	22.1539	21.18809	20.89654	20.16834	1.358598	2.969064	2.969459	2.938004	1.789059	1.560634	-1000	22.09252
588848900971364984	145.70043644	0.76879236	24.8166	22.46547	20.93984	20.23247	19.77551	0.7970124	4.582732	2.969459	1.60204	1.545149	1.705066	-1000	22.71387
588848900971365012	145.56162187	0.82774634	24.53642	22.77994	22.06653	22.0807	20.35898	1.961364	2.969064	2.969459	7.359465	1.860189	1.789144	-1000	21.63538
588848900971365053	145.58532263	0.73277215	23.22311	24.31292	21.77772	21.13666	20.43889	0.901699	68.28592	2.969459	2.141537	1.853279	1.37161	-1000	23.60906
588848900971365058	145.5882357	0.75492015	23.01039	23.30857	21.38128	20.62459	20.10016	1.119964	2.969064	2.969459	2.541836	1.634225	6.865702	-1000	23.01048
588848900971365060	145.58970583	0.7470108	25.45436	22.96346	21.84852	21.26424	20.84732	0.9596542	2.969064	2.969459	1.844067	2.742148	2.498424	-1000	22.82657
588848900971365062	145.59020458	0.69072774	23.61732	23.69323	22.13181	21.65285	21.35591	0.7585675	2.969064	2.969459	2.107404	1.576531	0.9195672	-1000	22.79978
588848900971365070	145.59748226	0.75875769	26.11903	23.77335	21.95027	21.59368	21.08373	0.6580214	2.969064	11.30436	1.42283	1.736936	1.437131	-1000	23.74231
588848900971365098	145.61029445	0.76537157	22.67197	22.87399	21.40465	21.24157	20.52393	1.239371	4.582732	2.969459	2.970076	2.008115	3.003515	-1000	23.04178
588848900971365105	145.61284045	0.68497446	24.91631	23.41884	21.38764	20.61834	20.18764	0.8671336	7.356958	2.969459	1.770402	1.813687	2.756664	-1000	27.37665
588848900971365109	145.61298198	0.73888002	24.38532	22.31065	21.20065	20.71067	21.48029	1.337101	2.969064	7.357935	7.359465	2.024602	7.357596	-1000	22.1253
588848900971365128	145.62663889	0.63310563	23.51982	23.23746	21.27242	20.15482	19.44165	1.559928	2.969064	2.969459	2.970076	3.022367	2.662634	-1000	23.86674
588848900971365130	145.62715646	0.7183449	23.34962	22.48138	20.6797	19.94694	19.37835	1.430588	2.969064	2.969459	3.642515	2.273641	2.672439	-1000	21.7831
588848900971365140	145.63967256	0.65275843	23.67174	23.68568	21.94982	21.3952	21.09952	0.5360999	2.969064	2.969459	1.873549	1.378659	1.434879	-1000	23.9172
588848900971365152	145.64289556	0.73491472	22.86415	26.43282	21.76084	25.59162	22.33865	1.862595	18.01387	0.08720725	2.970076	18.01749	0.1011375	0.1096266	25.09573
588848900971365169	145.6590615	0.63663875	23.57503	25.13008	21.7217	21.0938	20.67226	1.765645	11.30286	2.969459	2.970076	1.439885	3.357625	-1000	22.52936
588848900971365196	145.67434487	0.74263026	22.08545	21.75153	20.46173	20.69912	20.67628	9.458374	2.969064	2.969459	27.92274	1.290532	0.09900028	-1000	19.85461
588848900971365243	145.56149597	0.7611385	24.87094	24.00555	22.76027	21.12554	20.57822	1.80373	0.2374143	2.969459	2.970076	1.917351	2.258381	-1000	25.09132
588848900971365290	145.63885463	0.69571842	25.23897	24.75352	22.84165	21.82183	22.44198	0.6506684	2.969064	0.08025221	0.8603076	1.346792	0.776625	0.05001619	24.6232
588848900971365321	145.6958601	0.83802097	25.59336	25.16607	23.13779	21.88445	21.93261	0.6052719	4.582732	2.969459	1.258096	1.753679	0.08707414	-1000	25.67028
588848900971365348	145.67094922	0.64640102	24.6167	24.48203	24.62989	24.77981	20.4071	-9999	4.582732	2.969459	2.970076	2.96966	1.150639	-1000	23.99782
588848900971365352	145.58812229	0.66956577	22.82717	21.50566	22.88378	22.30642	21.48455	-9999	0.2507562	11.30436	2.970076	2.96966	0.7603064	-1000	21.77623
588848900971365358	145.66426892	0.76347289	25.04267	23.34827	21.97896	23.7703	20.7529	1.552238	7.356958	2.969459	7.359465	2.96966	7.357596	-1000	23.38359
588848900971365360	145.69834421	0.81568198	24.68727	23.62812	22.38768	23.12506	21.69796	0.8633518	4.582732	2.969459	2.970076	2.96966	0.8740624	-1000	22.98301
588848900971365363	145.64260463	0.64297948	24.38357	24.17617	23.01107	21.51936	22.77588	-9999	7.356958	7.357935	0.7867572	2.551405	2.969321	-1000	25.8641
588848900971429906	145.71942954	0.80192357	24.55315	22.35848	21.69403	21.88594	22.82526	1.390409	2.969262	2.968944	2.969935	2.969401	0.1016522	-1000	24.61194
588848900971429937	145.75345505	0.83880614	22.10567	21.70164	21.70257	21.66976	22.41681	1.689858	2.969262	2.968944	2.969935	2.01438	1.025451	-1000	22.05887
588848900971429946	145.76325656	0.64123096	23.76061	22.54235	21.61568	20.8687	20.60088	0.5594336	2.969262	2.968944	1.112766	1.615565	1.129376	-1000	22.58299
588848900971429948	145.76040477	0.63661861	25.72693	24.7858	23.29604	21.61698	21.70359	2.089249	2.969262	2.968944	2.969935	2.433851	2.703967	-1000	25.22678
588848900971429965	145.79114225	0.67851777	26.26323	26.83813	22.83765	20.92347	21.6041	1.770504	0.2875175	0.2469113	2.969935	2.969401	2.969867	0.06939476	26.02184
588848900971430096	145.84065783	0.75207352	26.35835	23.25529	21.23512	20.4352	19.72565	1.374279	2.969262	11.3024	2.969935	2.32445	3.565046	-1000	23.48177
588848900971430099	145.84749763	0.6757352	18.81183	16.96462	16.05597	15.59025	15.24195	2.709488	5.808163	6.347333	6.431937	6.105891	5.953269	1.109757	17.13738
588848900971430129	145.76343839	0.66330057	24.30629	22.89885	21.74133	21.36786	20.43628	0.8544015	7.357448	2.968944	1.688854	1.732321	2.658	-1000	23.32995
588848900971430132	145.76556784	0.81429227	20.85835	19.25872	18.66246	18.25609	18.10003	1.92842	2.969262	3.857454	4.0015	3.786938	4.665728	0.1476929	19.31996
588848900971430148	145.78788055	0.71934945	26.12682	24.63556	22.64202	21.51746	21.25126	0.8604725	2.969262	2.968944	2.969935	1.528829	2.32826	-1000	25.66375
588848900971430169	145.82139566	0.7679945	22.77556	22.84139	20.9967	20.70545	20.45338	0.9864095	18.01507	18.01314	2.056923	2.900295	3.105621	-1000	22.36163
588848900971430187	145.8456498	0.66888806	22.16357	22.12594	21.23147	20.79987	22.15573	1.328502	2.969262	2.968944	2.731312	2.358991	0.9176354	-1000	22.52625
588848900971430236	145.76817594	0.72402895	21.99361	21.81092	20.93776	20.63165	20.52935	0.9384972	1.741626	2.005388	2.090458	2.19583	2.181875	0.3400648	21.92724
588848900971430244	145.80603434	0.63928205	24.13465	23.22299	22.04587	21.84813	21.56096	0.8007321	2.969262	2.968944	1.662838	1.41343	1.751466	-1000	22.9174
588848900971430333	145.74007326	0.64409816	21.82758	20.94427	19.90732	19.51367	19.12812	1.25812	2.772145	2.528423	2.766503	2.120244	3.181365	0.2133774	20.93632
588848900971430383	145.78659172	0.79674261	23.01088	22.52187	21.78843	21.06269	20.72017	1.061518	2.969262	2.968944	2.055528	2.969401	2.070137	-1000	22.63764
588848900971430407	145.80105678	0.676711	22.53992	21.46233	20.14717	19.67866	19.44638	1.09718	2.969262	2.48871	2.344819	2.068934	1.940089	0.2442331	21.56721
588848900971430411	145.80165414	0.75540762	23.79956	22.34163	21.38943	21.37841	20.60892	1.115785	2.969262	2.968944	2.444	2.233753	1.897905	-1000	22.6256
588848900971430425	145.80859115	0.78453825	25.59688	22.65055	20.77004	20.12396	19.72511	0.9950994	11.30361	2.968944	2.123085	1.728482	2.030488	-1000	22.79662
588848900971430449	145.82438356	0.62934018	21.97693	21.71573	19.97548	19.2263	18.77184	2.01697	2.969262	2.968944	5.402685	3.571903	3.262841	-1000	21.79477
588848900971430452	145.82647733	0.70946256	22.47332	22.27321	23.53726	22.99674	23.20745	1.943504	3.074611	2.968944	11.30617	2.969401	11.30591	-1000	22.11198
588848900971430468	145.83574376	0.75968214	22.47169	22.32177	21.82944	21.34185	20.54671	1.456538	2.969262	2.968944	2.969935	1.764263	2.032171	-1000	23.58284
588848900971430475	145.84173263	0.64679511	22.51526	22.18289	20.98036	20.608	20.12345	1.181564	7.357448	1.956398	2.448451	2.562813	2.549576	0.2161465	22.66443
588848900971430485	145.84846881	0.72731305	23.90877	22.10558	21.03574	20.31268	19.85316	1.07684	0.09495579	2.968944	2.245718	2.0453	1.823297	-1000	22.28288