587722951693303810	587722951693304698	6	0.417237620686822
587722951693303810	587722951961674999	6	0.458828897555195
587722951693303810	587722981764694094	6	0.000689266084394108
587722951693303820	587722951961673957	6	0.383839975988251
587722951693303823	587722951961673962	3	0.326315307680684
587722951693303824	587729971795263549	3	0.274700034534329
587722951693303824	587729971795263556	3	0.218886846869108
587722951693303825	587729971795263538	6	0.253934184091188
587722951693303825	587729971795263558	3	0.222338676988554
587722951693303833	587722951693304964	3	0.497445875804284
587722951693303833	587729778527567904	3	0.170777647744972
587722951693303833	587729778527567907	3	0.244171394476908
587722951693303834	587722951961674747	3	0.320116720007612
587722951693303834	587729778527568629	3	0.320600843150936
587722951693303834	587729778527568630	3	0.288701681207823
587722951693303835	587722951693304335	6	0.433640339028586
587722951693303835	587722951693304959	3	0.26934829102389
587722951693303835	587729778527569441	3	0.399369641632824
587722951693303836	587729778527568642	3	0.445109662949275
587722951693303837	587722951693303835	3	0.18237420289721
587722951693303837	587722951693304336	3	0.246127078453463
587722951693303837	587729778527567905	6	0.498862179114138
587722951693303839	587729971795263831	6	0.436762866105789
587722951693303839	587729971795264270	3	0.497065224246928
587722951693303842	587729778527569277	3	0.373027920605181
587722951693303844	587722951693303842	6	0.136387671714236
587722951693303844	587729778527569281	3	0.49013397067677
587722951693303846	587722951693304439	6	0.455594857680065
587722951693303846	587729971795264154	6	0.159518725589014
587722951693303848	587722951693304235	6	0.369362116850685
587722951693303848	587722951693304448	6	0.159957489138785
587722951693303850	587729971795265012	3	0.362330071901051
587722951693303853	587722951693304721	6	0.263278731696895
587722951693303853	587729971795264118	6	0.232624558863564
587722951693303854	587722951693304060	3	0.324051334384815
587722951693303854	587729971795264117	6	0.192334005515014
587722951693303854	587729971795264607	3	0.465401881397009
587722951693303855	587722951693304102	6	0.463190876039441
587722951693303855	587722951693304990	6	0.437832547854934
587722951693303855	587729971795263897	6	0.389016241997804
587722951693303855	587729971795264038	6	0.257873989872294
587722951693303857	587729971795264342	6	0.463048368159131
587722951693303858	587722951693304747	6	0.304775252383593
587722951693303860	587722951693304503	6	0.374415117444575
587722951693303860	587729778527568722	3	0.499043009715072
587722951693303863	587722951693304484	3	0.444700668099981
587722951693303863	587729778527568702	3	0.445855564233808
587722951693303864	587722951693303863	6	0.199536965595094
587722951693303864	587722951693304750	6	0.374719807093728
587722951693303864	587729778527567974	6	0.199722797573246
587722951693303864	587729778527567979	3	0.442713670120691
587722951693303864	587729778527567980	3	0.180342878441794
587722951693303864	587729778527568700	3	0.413221642297737
587722951693303866	587729778527567975	6	0.400136288623462
587722951693303866	587729778527567980	3	0.374458323146002
587722951693303867	587722951693303864	6	0.353763033268325
587722951693303867	587729778527567982	3	0.36327449459956
587722951693303869	587722951693304493	3	0.462474059306937
587722951693303869	587729778527568233	6	0.491927828956691
587722951693303869	587729778527569315	3	0.477229707153088
587722951693303871	587729971795263610	3	0.0837890744901315
587722951693303873	587722951693305016	3	0.302645262070073
587722951693303878	587722951693303884	6	0.330843585900519
587722951693303879	587729971795264662	3	0.434070929427534
587722951693303881	587729778527568243	6	0.344818012594013
587722951693303882	587722951693303881	6	0.0885443585890573
587722951693303882	587722951693304142	6	0.364546391570665
587722951693303882	587729778527569315	3	0.446983956467103
587722951693303884	587722951693304272	6	0.476320117720565
587722951693303886	587729971795263646	6	0.00139980050505169
587722951693303889	587722951693303904	3	0.428694231602189
587722951693303889	587729971795263650	6	0.00217802352790776
587722951693303890	587722951693303901	6	0.254407731740036
587722951693303890	587722951693303907	3	0.248368525267921
587722951693303890	587722951693304815	3	0.321728238751738
587722951693303891	587722951693303896	3	0.318135321641178
587722951693303892	587722951693303900	3	0.497289702315126
587722951693303892	587722951693303936	3	0.290916086424326
587722951693303893	587722951693303895	3	0.357807212354949
587722951693303893	587722951693303906	3	0.195509473601557
587722951693303893	587729971795263659	3	0.434965303570677
587722951693303894	587722951693303892	6	0.387409782759588
587722951693303894	587729971795263652	6	0.386664065961593
587722951693303894	587729971795263670	3	0.19935414088911
587722951693303895	587722951693303906	3	0.446714579448725
587722951693303895	587722981764694914	3	0.240808696711166
587722951693303896	587729971795264676	3	0.454184516073154
587722951693303897	587722951693303889	6	0.236304094039747
587722951693303898	587722951693303899	6	0.447048331076172
587722951693303898	587729971795263668	6	0.378998974830744
587722951693303898	587729971795264064	3	0.36043233381053
587722951693303899	587722951693303907	3	0.158416056265946
587722951693303899	587729971795263667	3	0.371228510299792
587722951693303899	587729971795263670	3	0.251794103093426
587722951693303900	587722951693303897	3	0.162987305066627
587722951693303900	587722951693304841	3	0.475647213809771
587722951693303900	587729971795263659	3	0.41841936170314
587722951693303901	587722951693303907	3	0.298261701398972
587722951693303902	587722981764694914	3	0.288940791969786
587722951693303902	587729971795263658	3	0.049878909879576