587722951693303810	587722951693304034	0	0.431711426721886
587722951693303810	587722981764694096	6	0.465301324379534
587722951693303810	587722981764695082	6	0.415357701403668
587722951693303810	587729971795263510	6	0.00190322056706174
587722951693303810	587729971795263523	3	0.498676263528902
587722951693303810	587729971795264827	6	0.232646466769357
587722951693303820	587722951693304430	6	0.13168508322934
587722951693303822	587729971795263543	3	0.348623073094801
587722951693303823	587729971795263554	3	0.143357857271774
587722951693303824	587729971795263546	3	0.161516524011555
587722951693303825	587722951693303824	3	0.31168646528625
587722951693303825	587722951693304430	6	0.446735124396425
587722951693303825	587722951961673964	3	0.49958935973155
587722951693303825	587729971795264243	6	0.446612327428589
587722951693303833	587722951693303835	3	0.168128157462514
587722951693303833	587722951693304336	3	0.375267084640001
587722951693303833	587729778527567904	3	0.170777647744972
587722951693303833	587729778527567905	6	0.372103147807263
587722951693303833	587729778527568642	3	0.484854297556349
587722951693303834	587722951693304429	3	0.494585631920703
587722951693303834	587729778527568642	3	0.460759789331376
587722951693303835	587729778527567903	6	0.396603522882816
587722951693303835	587729778527567909	3	0.299051923289302
587722951693303835	587729778527569276	6	0.271110239684348
587722951693303835	587729778527569282	3	0.386043873528286
587722951693303835	587729778527569441	3	0.399369641632824
587722951693303836	587729778527569268	6	0.454179829758878
587722951693303837	587722951693304231	6	0.389836527858651
587722951693303839	587722951693304444	3	0.417494242262199
587722951693303839	587729971795263831	6	0.436762866105789
587722951693303842	587722951693303844	3	0.136387671714236
587722951693303842	587729778527568990	3	0.211609449066463
587722951693303844	587722951693304334	6	0.362507471220254
587722951693303844	587729778527567914	6	0.136976937048172
587722951693303844	587729778527568173	6	0.472662491056586
587722951693303848	587729971795264989	6	0.236248356299278
587722951693303848	587729971795264990	3	0.354760224898357
587722951693303850	587729971795264853	6	0.30498907022738
587722951693303853	587722951693304989	6	0.316098665917546
587722951693303853	587729971795263588	3	0.181704429982003
587722951693303854	587722951693305107	6	0.49181650689193
587722951693303854	587729971795263863	3	0.323831828259576
587722951693303854	587729971795264281	6	0.227914568653032
587722951693303855	587722951693304242	6	0.379914648799251
587722951693303855	587729971795263890	6	0.388761352302393
587722951693303855	587729971795264303	3	0.356020426770641
587722951693303858	587722951693304752	3	0.13311398525999
587722951693303858	587729778527567963	3	0.135597222669487
587722951693303858	587729778527569017	3	0.431992295992534
587722951693303858	587729778527569022	3	0.322095419846075
587722951693303860	587722951693304107	6	0.415587273654015
587722951693303863	587722951693303865	3	0.302575343929592
587722951693303863	587722951693304484	3	0.444700668099981
587722951693303863	587729778527569064	3	0.336488568205336
587722951693303864	587722951693304484	3	0.250359124210451
587722951693303864	587722951693304754	3	0.414073186717242
587722951693303864	587729778527567977	6	0.399850157163991
587722951693303864	587729778527567981	3	0.406901278188551
587722951693303865	587722951693303873	6	0.48599263212399
587722951693303865	587729778527567978	3	0.386639291303303
587722951693303865	587729778527569064	3	0.270188176067636
587722951693303866	587722951693303865	3	0.14860139090065
587722951693303866	587722951693303867	3	0.151262522099575
587722951693303866	587722951693305016	3	0.17471729311204
587722951693303866	587729778527567981	3	0.0691383696261738
587722951693303866	587729778527569074	3	0.423107300801826
587722951693303867	587722951693303864	6	0.353763033268325
587722951693303867	587722951693303865	3	0.14534857581999
587722951693303867	587722951693303866	6	0.151262522099575
587722951693303867	587722951693304126	6	0.486514235146793
587722951693303867	587722951693305015	3	0.404808843427178
587722951693303867	587729778527567981	3	0.214817720985108
587722951693303867	587729778527569060	6	0.409631203461614
587722951693303869	587722951693304116	6	0.492860339840651
587722951693303869	587722951693304492	3	0.413222597533777
587722951693303869	587722951693305014	3	0.286570572957534
587722951693303869	587729778527568408	3	0.229725171525786
587722951693303869	587729778527568707	3	0.33621168177052
587722951693303869	587729778527568712	3	0.412602654097408
587722951693303871	587729971795263610	3	0.0837890744901315
587722951693303871	587729971795263918	6	0.351227405629788
587722951693303871	587729971795263919	3	0.476580352738644
587722951693303871	587729971795263924	6	0.349007932093909
587722951693303878	587722951693303879	6	0.0647095814634694
587722951693303878	587722951693303884	6	0.330843585900519
587722951693303878	587722951693304804	3	0.442449743832374
587722951693303878	587729971795263616	6	0.330560126345432
587722951693303878	587729971795264898	3	0.261338289649411
587722951693303879	587722951693303884	6	0.359994250080703
587722951693303879	587722951693304781	6	0.439461392201983
587722951693303879	587729971795263613	6	0.0643676750524709
587722951693303879	587729971795263942	6	0.417795975983283
587722951693303881	587729778527568245	6	0.000904983164668086
587722951693303882	587722951693304532	6	0.346474878762326
587722951693303882	587729778527568751	6	0.217249747467883
587722951693303882	587729778527569315	3	0.446983956467103
587722951693303884	587722951693303879	6	0.359994250080703
587722951693303884	587722951693305030	6	0.40247911555759
587722951693303889	587722951693303905	6	0.428973135387365
587722951693303889	587729971795263657	3	0.20962380541022
