587722951693303810	587729971795263514	6	0.123778104996334
587722951693303810	587729971795264577	6	0.415535301577436
587722951693303820	587722951693304033	6	0.471824222289379
587722951693303820	587729971795263548	3	0.0696867817813478
587722951693303822	587729971795263549	3	0.366488193457926
587722951693303822	587729971795263832	6	0.455669070989665
587722951693303823	587722951693303820	3	0.176073278309477
587722951693303823	587722951693303825	3	0.359523135544756
587722951693303823	587722951961673957	6	0.298085525929519
587722951693303824	587722951693304433	3	0.163592728559093
587722951693303824	587722951961673957	6	0.438344634921779
587722951693303824	587722951961673963	3	0.458338290865094
587722951693303824	587729971795263538	6	0.439674626888458
587722951693303824	587729971795263546	3	0.161516524011555
587722951693303825	587729971795263556	3	0.102449641127495
587722951693303833	587729778527568176	6	0.340523611402187
587722951693303834	587729778527567905	6	0.16957805488032
587722951693303834	587729778527568629	3	0.320600843150936
587722951693303835	587722951693303837	3	0.18237420289721
587722951693303835	587722951693304335	6	0.433640339028586
587722951693303836	587722951693304336	3	0.449982429571369
587722951693303836	587729778527567903	6	0.208891392020996
587722951693303836	587729778527567904	3	0.231670025294257
587722951693303836	587729778527568379	6	0.482537744643544
587722951693303839	587722951693304032	6	0.437058177669105
587722951693303839	587729971795264591	3	0.415665196839054
587722951693303842	587722951693304710	3	0.204922585594723
587722951693303843	587722951693304334	6	0.333932847598137
587722951693303843	587729778527567917	3	0.179616330769449
587722951693303844	587722951693304226	6	0.236076598770334
587722951693303844	587729778527567915	6	0.134093987237397
587722951693303844	587729778527568990	3	0.293942074643145
587722951693303846	587729971795264283	6	0.329237893754573
587722951693303848	587722951693304728	3	0.483997612730389
587722951693303848	587729971795264617	6	0.410602845470325
587722951693303848	587729971795264990	3	0.354760224898357
587722951693303850	587722981764694156	6	0.0012981762083406
587722951693303850	587729971795263839	6	0.46046762455357
587722951693303853	587722951693304059	6	0.42810167394666
587722951693303854	587722951693304059	6	0.383252573132382
587722951693303854	587729971795263586	6	0.0747572874401746
587722951693303854	587729971795263587	6	0.000524749270253923
587722951693303855	587722951693304096	6	0.15553867104632
587722951693303855	587729971795263895	6	0.382623553940461
587722951693303855	587729971795263897	6	0.389016241997804
587722951693303858	587722951693304745	3	0.477777415831308
587722951693303858	587722951693304753	6	0.211430789198118
587722951693303858	587729778527568542	3	0.356971494817698
587722951693303858	587729778527569050	6	0.407724299212286
587722951693303858	587729971795264638	3	0.475687697991435
587722951693303860	587722951693303869	6	0.48248384060397
587722951693303860	587722951693304503	6	0.374415117444575
587722951693303863	587729778527569060	6	0.481131756721803
587722951693303863	587729778527569064	3	0.336488568205336
587722951693303864	587722951693303865	3	0.490560459956934
587722951693303864	587729778527568700	3	0.413221642297737
587722951693303865	587722951693303867	3	0.14534857581999
587722951693303865	587722951693305015	3	0.385159751185919
587722951693303866	587729778527567975	6	0.400136288623462
587722951693303869	587722951693305018	3	0.474651870660244
587722951693303869	587729778527569308	3	0.463837842947318
587722951693303869	587729778527569315	3	0.477229707153088
587722951693303871	587729971795263609	6	0.0017586351294261
587722951693303873	587729778527567981	3	0.426611595669851
587722951693303875	587729778527568407	6	0.338088855257646
587722951693303878	587722951693305021	6	0.390468465931257
587722951693303878	587729971795263616	6	0.330560126345432
587722951693303878	587729971795263942	6	0.451226130148405
587722951693303879	587729971795263613	6	0.0643676750524709
587722951693303879	587729971795264898	3	0.288037119012247
587722951693303881	587722951693303882	6	0.0885443585890573
587722951693303881	587729778527568498	6	0.424242720109933
587722951693303881	587729778527568751	6	0.255130886834105
587722951693303886	587722951693304525	3	0.388960862378393
587722951693303889	587722951693303890	6	0.367343493733322
587722951693303889	587722951693303904	3	0.428694231602189
587722951693303889	587722951693304537	3	0.367802624993321
587722951693303890	587722951693303894	3	0.419974983553235
587722951693303890	587722951693303898	3	0.34344485799841
587722951693303890	587722951693303907	3	0.248368525267921
587722951693303890	587729971795263651	6	0.000958262277414091
587722951693303890	587729971795263661	3	0.148206817338104
587722951693303891	587722951693303889	6	0.18938928861337
587722951693303891	587722951693303893	6	0.155202913739771
587722951693303891	587722951693303904	3	0.239578550594293
587722951693303891	587722951693303909	3	0.193530103257388
587722951693303891	587729971795264133	3	0.364089892636117
587722951693303891	587729971795264676	3	0.444803768741827
587722951693303892	587722951693303903	3	0.379321298228981
587722951693303892	587722951693303933	6	0.268161738257399
587722951693303892	587722951693303934	3	0.336288693582257
587722951693303892	587729971795263652	6	0.000793665472625655
587722951693303893	587722951693303896	3	0.419165937177759
587722951693303893	587722951693303900	3	0.339838719285675
587722951693303893	587729971795263659	3	0.434965303570677
587722951693303894	587722951693303892	6	0.387409782759588
587722951693303894	587722951693303908	3	0.324479885363728
587722951693303894	587729971795263650	6	0.21360560383826
587722951693303894	587729971795263669	6	0.319902140974859
587722951693303895	587722951693303891	6	0.203720867865329
