587722951693303810	587729971795263512	6	0.46632336022597
587722951693303810	587729971795263528	3	0.429907656020943
587722951693303810	587729971795263529	3	0.208011350264376
587722951693303810	587729971795264827	6	0.232646466769357
587722951693303820	587729971795263542	6	0.000345489274660011
587722951693303822	587722951693304035	6	0.486185379020199
587722951693303822	587729971795264585	6	0.36464672970173
587722951693303823	587722951961673964	3	0.441077943846578
587722951693303824	587729971795263541	6	0.417258891944549
587722951693303825	587722951693303824	3	0.31168646528625
587722951693303825	587722951961673963	3	0.443115988473556
587722951693303825	587729971795263541	6	0.369221962265663
587722951693303825	587729971795263543	3	0.212792048807937
587722951693303825	587729971795263547	3	0.444060626397665
587722951693303825	587729971795263549	3	0.0370318894709641
587722951693303833	587722951693304959	3	0.436472603526293
587722951693303833	587729778527567908	3	0.145177751572375
587722951693303834	587722951693303837	3	0.414803285040326
587722951693303834	587722951961673950	6	0.450933998413288
587722951693303835	587722951693304335	6	0.433640339028586
587722951693303835	587729778527567902	6	0.169805381646564
587722951693303835	587729778527567903	6	0.396603522882816
587722951693303835	587729778527567907	3	0.110752004929448
587722951693303836	587722951693304335	6	0.386385242260305
587722951693303836	587722951693304428	6	0.451118716882014
587722951693303836	587722951693304429	3	0.449858569728487
587722951693303836	587729778527568379	6	0.482537744643544
587722951693303837	587722951693304964	3	0.399741137081376
587722951693303837	587729778527567906	3	0.24700854075891
587722951693303837	587729778527569276	6	0.411255065888906
587722951693303839	587722951693304032	6	0.437058177669105
587722951693303839	587722951693304708	6	0.428931930001396
587722951693303839	587729971795264261	6	0.267608290112433
587722951693303842	587722951693304041	6	0.436006696443788
587722951693303842	587729778527569277	3	0.373027920605181
587722951693303843	587729778527567914	6	0.117964160323688
587722951693303843	587729778527567917	3	0.179616330769449
587722951693303844	587729778527567914	6	0.136976937048172
587722951693303844	587729778527568165	6	0.47629101694393
587722951693303844	587729778527568174	6	0.400497982962944
587722951693303844	587729778527569281	3	0.49013397067677
587722951693303846	587722951693304455	3	0.464703061792644
587722951693303846	587722951693304716	6	0.326810756126458
587722951693303846	587729971795264154	6	0.159518725589014
587722951693303848	587729971795264268	6	0.159009449367476
587722951693303848	587729971795264989	6	0.236248356299278
587722951693303850	587729971795265012	3	0.362330071901051
587722951693303853	587722951693304983	3	0.185308409862849
587722951693303853	587729971795263588	3	0.181704429982003
587722951693303854	587722951693304459	3	0.471413597267922
587722951693303854	587729971795263589	3	0.152650841198348
587722951693303854	587729971795264118	6	0.167431093516827
587722951693303855	587722951693304477	6	0.353258398857115
587722951693303855	587729971795263896	3	0.469330199283494
587722951693303857	587722951693304496	6	0.463681574584005
587722951693303860	587722951693304107	6	0.415587273654015
587722951693303860	587729778527568722	3	0.499043009715072
587722951693303863	587722951693303864	6	0.199536965595094
587722951693303863	587722951693304484	3	0.444700668099981
587722951693303864	587722951693304766	6	0.490656191951393
587722951693303864	587729778527568545	3	0.236960483593187
587722951693303865	587722951693303873	6	0.48599263212399
587722951693303865	587729778527567975	6	0.49070577234412
587722951693303865	587729778527567977	6	0.149601690629831
587722951693303866	587722951693303864	6	0.400180955157798
587722951693303867	587722951693305020	6	0.228385854888935
587722951693303869	587729778527569310	3	0.289281639649757
587722951693303873	587729778527567993	6	0.00112399074540675
587722951693303873	587729778527568735	6	0.190330023381746
587722951693303875	587722951693304258	3	0.290300930699176
587722951693303875	587729778527567999	6	0.00128444819247366
587722951693303878	587729971795263616	6	0.330560126345432
587722951693303878	587729971795264347	3	0.471421781135057
587722951693303879	587722951693303878	6	0.0647095814634694
587722951693303879	587722951693305027	3	0.460874033211403
587722951693303879	587729971795263613	6	0.0643676750524709
587722951693303879	587729971795263616	6	0.35960098022893
587722951693303879	587729971795264387	3	0.380999720882062
587722951693303879	587729971795264662	3	0.434070929427534
587722951693303879	587729971795264904	6	0.460966140655429
587722951693303881	587722951693304783	6	0.350008960391459
587722951693303881	587729778527568732	6	0.47472612452352
587722951693303882	587722951693304532	6	0.346474878762326
587722951693303884	587729971795263614	3	0.357711797955206
587722951693303884	587729971795264374	3	0.457412086228586
587722951693303886	587722951693305023	3	0.449708754462274
587722951693303889	587722951693303891	6	0.18938928861337
587722951693303889	587722951693303903	3	0.29503649286421
587722951693303889	587722951693303906	3	0.220305249241622
587722951693303889	587722951693303909	3	0.33841159843415
587722951693303889	587729971795263651	6	0.366459360383164
587722951693303889	587729971795263667	3	0.430333539335187
587722951693303889	587729971795263670	3	0.36765559494222
587722951693303890	587722951693303889	6	0.367343493733322
587722951693303890	587729971795263651	6	0.000958262277414091
587722951693303890	587729971795263663	6	0.25109749077758
587722951693303890	587729971795263664	3	0.343781471861027
587722951693303891	587722951693303896	3	0.318135321641178
587722951693303891	587722951693303902	6	0.157008729732404
587722951693303891	587722951693303909	3	0.193530103257388
