587722951693303810	587722951961673938	6	0.46599495068574
587722951693303810	587722951961673943	3	0.333058094116921
587722951693303810	587722981764694108	3	0.302788145082855
587722951693303810	587729971795263523	3	0.498676263528902
587722951693303820	587722951693303822	3	0.0664414715589671
587722951693303822	587729971795263549	3	0.366488193457926
587722951693303822	587729971795263556	3	0.433728270858175
587722951693303823	587722951693303822	3	0.242050004691906
587722951693303823	587729971795263538	6	0.297620512002275
587722951693303823	587729971795263542	6	0.176145682941337
587722951693303823	587729971795264109	6	0.377966689316176
587722951693303824	587729971795263539	6	0.183467855818139
587722951693303825	587722951693304433	3	0.328111133465472
587722951693303825	587722951961673957	6	0.252724403144509
587722951693303825	587722951961673958	6	0.441563236031513
587722951693303825	587729971795263541	6	0.369221962265663
587722951693303825	587729971795263543	3	0.212792048807937
587722951693303833	587722951693304429	3	0.478832315945989
587722951693303833	587729778527568379	6	0.456410536503202
587722951693303834	587722951693303835	3	0.397191796318326
587722951693303834	587722951961674747	3	0.320116720007612
587722951693303834	587729778527567903	6	0.00130181256340611
587722951693303834	587729778527567904	3	0.399443544981398
587722951693303835	587722951693304445	6	0.466442305802732
587722951693303836	587722951693303835	3	0.229032816644087
587722951693303836	587729778527569268	6	0.454179829758878
587722951693303837	587722951693303836	3	0.205904794924682
587722951693303837	587722951693304335	6	0.251994712688673
587722951693303837	587729778527568176	6	0.250590152590031
587722951693303842	587722951693304334	6	0.44484072636279
587722951693303846	587729971795264279	3	0.464732021027963
587722951693303846	587729971795264618	3	0.441569854777558
587722951693303850	587722951693304460	3	0.361269558315796
587722951693303850	587722981764695342	3	0.362425265019906
587722951693303853	587722951693304059	6	0.42810167394666
587722951693303853	587722951693304060	3	0.358494175582453
587722951693303853	587729971795264281	6	0.254541584503043
587722951693303854	587722951693305107	6	0.49181650689193
587722951693303855	587722951693304354	6	0.383243024543782
587722951693303855	587729971795264038	6	0.257873989872294
587722951693303857	587729971795264636	3	0.374729233834774
587722951693303858	587722951693304733	3	0.396074302466274
587722951693303858	587729778527567963	3	0.135597222669487
587722951693303858	587729778527568544	3	0.233364845428945
587722951693303863	587722951693303867	3	0.18449152250111
587722951693303863	587729778527567980	3	0.214666289541601
587722951693303864	587722951693304766	6	0.490656191951393
587722951693303864	587729778527567974	6	0.199722797573246
587722951693303865	587722951693303867	3	0.14534857581999
587722951693303865	587729778527567980	3	0.409465261633562
587722951693303866	587722951693303867	3	0.151262522099575
587722951693303867	587729778527567974	6	0.185556963723577
587722951693303867	587729778527567980	3	0.264680987194007
587722951693303867	587729778527569060	6	0.409631203461614
587722951693303869	587722951693304364	3	0.294457612540261
587722951693303869	587722951693305013	3	0.148736274295956
587722951693303869	587729778527567969	6	0.483427320281707
587722951693303869	587729778527569308	3	0.463837842947318
587722951693303871	587722951693304131	3	0.474878574309584
587722951693303871	587729971795263610	3	0.0837890744901315
587722951693303871	587729971795265009	3	0.255476072110905
587722951693303873	587722951693304799	3	0.422002007807739
587722951693303873	587729778527567976	3	0.485577661224552
587722951693303873	587729778527569064	3	0.30366376154193
587722951693303878	587729971795264347	3	0.471421781135057
587722951693303879	587729971795264348	6	0.440670893937111
587722951693303881	587729778527568732	6	0.47472612452352
587722951693303884	587722951693305027	3	0.257210756929462
587722951693303884	587722951693305030	6	0.40247911555759
587722951693303884	587729971795263614	3	0.357711797955206
587722951693303889	587729971795263651	6	0.366459360383164
587722951693303889	587729971795263661	3	0.224580411092835
587722951693303890	587722951693303897	3	0.139779785607297
587722951693303890	587729971795263663	6	0.25109749077758
587722951693303891	587729971795263650	6	0.187298555770529
587722951693303891	587729971795263657	3	0.331303477504875
587722951693303891	587729971795263660	3	0.321396905620716
587722951693303891	587729971795264133	3	0.364089892636117
587722951693303892	587722951693303907	3	0.392690616238109
587722951693303893	587722951693303890	6	0.411348347486204
587722951693303893	587722951693303891	6	0.155202913739771
587722951693303893	587722951693303894	3	0.205837490034217
587722951693303893	587729971795263665	3	0.402842638976293
587722951693303895	587722951693304803	6	0.222052704733445
587722951693303895	587722951693304806	3	0.240516394993479
587722951693303895	587729971795263650	6	0.391001334008476
587722951693303895	587729971795263658	3	0.00153047312515668
587722951693303895	587729971795263666	3	0.372216698916868
587722951693303896	587722951693303893	6	0.419165937177759
587722951693303896	587722951693303904	3	0.307804270125277
587722951693303896	587722951693304806	3	0.454234434937764
587722951693303896	587722981764694914	3	0.452803349657396
587722951693303896	587729971795263650	6	0.421843151202649
587722951693303896	587729971795264678	3	0.469886631700905
587722951693303897	587729971795263651	6	0.13882773288618
587722951693303898	587722951693303899	6	0.447048331076172
587722951693303898	587722951693303900	3	0.333389286026006
587722951693303898	587729971795263649	6	0.424195853795563
587722951693303898	587729971795263662	6	0.00576671133642479
587722951693303898	587729971795263663	6	0.0982352907303804
