587722951693303810	587722981764694117	3	0.485091133478362
587722951693303810	587729971795263525	3	0.11926237717236
587722951693303810	587729971795263528	3	0.429907656020943
587722951693303823	587729971795263543	3	0.223422061384715
587722951693303823	587729971795263549	3	0.394328342098353
587722951693303824	587722951693304433	3	0.163592728559093
587722951693303824	587722951961673961	3	0.260262063602477
587722951693303825	587729971795263542	6	0.314721443701201
587722951693303833	587722951693304335	6	0.341618742467667
587722951693303833	587729778527567904	3	0.170777647744972
587722951693303834	587729778527567906	3	0.314633826915174
587722951693303834	587729778527567909	3	0.0983344313885881
587722951693303834	587729778527568630	3	0.288701681207823
587722951693303834	587729778527569441	3	0.390353318320231
587722951693303835	587729778527568176	6	0.432199444344987
587722951693303836	587729778527567908	3	0.22514622477087
587722951693303837	587722951693303833	6	0.129171371295004
587722951693303837	587729778527567907	3	0.290391504094102
587722951693303839	587729971795264270	3	0.497065224246928
587722951693303842	587722951693303844	3	0.136387671714236
587722951693303842	587729778527568374	6	0.370037722807608
587722951693303843	587722951693303842	6	0.118537546550272
587722951693303844	587722951693304041	6	0.40136322814297
587722951693303846	587729971795263579	6	0.000491008450367363
587722951693303846	587729971795264154	6	0.159518725589014
587722951693303848	587729971795263581	6	0.000496989285313675
587722951693303848	587729971795264276	6	0.386866209487829
587722951693303850	587722981764695348	3	0.304725344943035
587722951693303850	587729971795265012	3	0.362330071901051
587722951693303853	587722951693304989	6	0.316098665917546
587722951693303853	587729971795263587	6	0.0736233020457472
587722951693303853	587729971795263862	6	0.427652848040929
587722951693303853	587729971795264281	6	0.254541584503043
587722951693303854	587722951693304979	6	0.28068043890897
587722951693303854	587729971795263588	3	0.205704893950843
587722951693303854	587729971795264281	6	0.227914568653032
587722951693303855	587722951693304744	3	0.370024704828173
587722951693303855	587729971795264037	6	0.276965432676285
587722951693303857	587722951693304105	6	0.422028503764823
587722951693303858	587722951693304733	3	0.396074302466274
587722951693303858	587722951693304740	3	0.325969298872352
587722951693303858	587722951693304998	6	0.260344587229975
587722951693303858	587729778527567962	3	0.21154487258442
587722951693303858	587729778527568544	3	0.233364845428945
587722951693303863	587722951693303864	6	0.199536965595094
587722951693303863	587729778527567978	3	0.353625268397261
587722951693303864	587722951693303867	3	0.353763033268325
587722951693303864	587729778527569060	6	0.479536355828288
587722951693303865	587729778527567977	6	0.149601690629831
587722951693303866	587722951693305020	6	0.272076399884684
587722951693303867	587722951693303864	6	0.353763033268325
587722951693303867	587722951693305020	6	0.228385854888935
587722951693303867	587729778527567977	6	0.151949811150847
587722951693303867	587729778527567980	3	0.264680987194007
587722951693303867	587729778527567982	3	0.36327449459956
587722951693303869	587722951693305018	3	0.474651870660244
587722951693303869	587729778527569059	6	0.402887633205386
587722951693303869	587729778527569414	6	0.151128736057024
587722951693303873	587729778527569443	3	0.449555545395838
587722951693303878	587729971795263613	6	0.000345489274648143
587722951693303878	587729971795263942	6	0.451226130148405
587722951693303878	587729971795264662	3	0.39238200562215
587722951693303879	587729971795264387	3	0.380999720882062
587722951693303881	587722951693305018	3	0.362864607051924
587722951693303881	587729778527568498	6	0.424242720109933
587722951693303881	587729778527568751	6	0.255130886834105
587722951693303884	587729971795263616	6	0.000738115534305394
587722951693303886	587729971795263646	6	0.00139980050505169
587722951693303889	587722951693303896	3	0.423756669618927
587722951693303889	587722951693303897	3	0.236304094039747
587722951693303889	587722951693303906	3	0.220305249241622
587722951693303889	587722951693304815	3	0.39590204698074
587722951693303889	587729971795263660	3	0.427659415401689
587722951693303891	587722951693304815	3	0.492266469639061
587722951693303892	587722951693303894	3	0.387409782759588
587722951693303892	587722951693303934	3	0.336288693582257
587722951693303892	587729971795265002	6	0.282028885833981
587722951693303893	587722951693303900	3	0.339838719285675
587722951693303894	587722951693303890	6	0.419974983553235
587722951693303894	587722951693303893	6	0.205837490034217
587722951693303894	587729971795263651	6	0.419399016931353
587722951693303894	587729971795263661	3	0.326301342176295
587722951693303895	587722951693303909	3	0.183301192972308
587722951693303895	587722981764694914	3	0.240808696711166
587722951693303895	587729971795263666	3	0.372216698916868
587722951693303896	587722951693303909	3	0.137672006821866
587722951693303896	587729971795263660	3	0.00396370860946692
587722951693303897	587722951693303891	6	0.410965903460702
587722951693303899	587722951693303891	6	0.378098796759837
587722951693303899	587722951693303905	6	0.370422608205529
587722951693303899	587729971795263657	3	0.215524011403486
587722951693303899	587729971795263661	3	0.117312910856964
587722951693303900	587722951693304815	3	0.419936066921569
587722951693303901	587722951693304278	6	0.364884652951369
587722951693303901	587729971795263662	6	0.0929338490419424
587722951693303902	587722951693303889	6	0.346004746770804
587722951693303902	587722951693303906	3	0.412936398427455
587722951693303903	587729971795263658	3	0.49118018346464
587722951693303904	587722951693303893	6	0.394278598903245
587722951693303904	587722951693303896	3	0.307804270125277
