587722951693303810	587722951961673943	3	0.333058094116921
587722951693303810	587722981764694094	6	0.000689266084394108
587722951693303810	587729971795263510	6	0.00190322056706174
587722951693303820	587729971795263538	6	0.383997411680538
587722951693303820	587729971795263554	3	0.318487616878245
587722951693303820	587729971795263556	3	0.414858552204888
587722951693303823	587722951693304430	6	0.222228629759251
587722951693303823	587729971795263538	6	0.297620512002275
587722951693303823	587729971795263543	3	0.223422061384715
587722951693303823	587729971795263556	3	0.43867709673432
587722951693303824	587722951693303825	3	0.31168646528625
587722951693303824	587729971795263545	3	0.258204200841862
587722951693303824	587729971795263549	3	0.274700034534329
587722951693303825	587729971795263549	3	0.0370318894709641
587722951693303825	587729971795263558	3	0.222338676988554
587722951693303833	587722951693304959	3	0.436472603526293
587722951693303834	587722951693303833	6	0.287969485769988
587722951693303834	587722951693303835	3	0.397191796318326
587722951693303834	587722951693304429	3	0.494585631920703
587722951693303834	587722951961673950	6	0.450933998413288
587722951693303834	587729778527567904	3	0.399443544981398
587722951693303835	587722951693303837	3	0.18237420289721
587722951693303835	587729778527567904	3	0.00266863050710638
587722951693303835	587729778527569282	3	0.386043873528286
587722951693303836	587722951693304335	6	0.386385242260305
587722951693303836	587722951693304959	3	0.497242501544436
587722951693303836	587729778527568629	3	0.498215366686244
587722951693303836	587729778527568642	3	0.445109662949275
587722951693303836	587729778527569268	6	0.454179829758878
587722951693303837	587722951693303834	6	0.414803285040326
587722951693303837	587729778527569282	3	0.403525772307711
587722951693303839	587722951693304032	6	0.437058177669105
587722951693303839	587729971795264588	3	0.255052901555172
587722951693303842	587722951693303844	3	0.136387671714236
587722951693303842	587722951693304706	3	0.210587256367854
587722951693303843	587722951693304334	6	0.333932847598137
587722951693303843	587722951693304962	3	0.479622481854505
587722951693303844	587722951693304040	6	0.47354595443351
587722951693303844	587722951693304962	3	0.38394635466095
587722951693303844	587722951693305106	6	0.352381188419484
587722951693303844	587729778527567914	6	0.136976937048172
587722951693303848	587722951693304448	6	0.159957489138785
587722951693303850	587722951693305127	3	0.492259310541122
587722951693303853	587729971795263588	3	0.181704429982003
587722951693303854	587722951693304983	3	0.20888255759419
587722951693303854	587729971795263587	6	0.000524749270253923
587722951693303855	587722951693304103	6	0.388660609393873
587722951693303855	587729971795264037	6	0.276965432676285
587722951693303858	587722951693304999	6	0.132560424848739
587722951693303858	587729778527567961	3	0.134272531552349
587722951693303858	587729778527567962	3	0.21154487258442
587722951693303858	587729778527567963	3	0.135597222669487
587722951693303863	587722951693304484	3	0.444700668099981
587722951693303863	587729778527567981	3	0.21308267927953
587722951693303864	587729778527567982	3	0.262964603105455
587722951693303864	587729778527568700	3	0.413221642297737
587722951693303864	587729778527569032	3	0.456363216121389
587722951693303864	587729778527569060	6	0.479536355828288
587722951693303865	587722951693304789	6	0.438021594777816
587722951693303865	587729778527567977	6	0.149601690629831
587722951693303866	587722951693305020	6	0.272076399884684
587722951693303866	587729778527567977	6	0.00101689920845991
587722951693303867	587722951693305016	3	0.324927155853287
587722951693303867	587729778527567980	3	0.264680987194007
587722951693303869	587722951693304489	3	0.335581341807148
587722951693303869	587729778527568408	3	0.229725171525786
587722951693303869	587729778527568712	3	0.412602654097408
587722951693303869	587729778527569432	3	0.214269130479405
587722951693303878	587722951693303884	6	0.330843585900519
587722951693303878	587722951693304780	3	0.475487542921369
587722951693303878	587729971795263616	6	0.330560126345432
587722951693303878	587729971795264374	3	0.389129448249868
587722951693303879	587722951693303884	6	0.359994250080703
587722951693303879	587729971795264897	3	0.455886422684614
587722951693303881	587722951693304142	6	0.343819810155362
587722951693303881	587722951693304532	6	0.426691059110889
587722951693303881	587722951693304796	6	0.252706118224752
587722951693303882	587729778527568498	6	0.344062186392531
587722951693303884	587722951693303878	6	0.330843585900519
587722951693303884	587729971795263942	6	0.385428509000563
587722951693303884	587729971795263943	6	0.476953316913169
587722951693303884	587729971795264904	6	0.26171143280448
587722951693303889	587722951693303894	3	0.212244528464685
587722951693303889	587722951693303900	3	0.302992323146113
587722951693303889	587722951693303902	6	0.346004746770804
587722951693303889	587722951693303904	3	0.428694231602189
587722951693303889	587729971795263657	3	0.20962380541022
587722951693303889	587729971795263665	3	0.358560126150796
587722951693303889	587729971795263666	3	0.428138763535836
587722951693303889	587729971795263670	3	0.36765559494222
587722951693303890	587722951693303897	3	0.139779785607297
587722951693303891	587722951693303889	6	0.18938928861337
587722951693303891	587729971795263661	3	0.400976147190758
587722951693303892	587722951693303933	6	0.268161738257399
587722951693303892	587722951693303936	3	0.290916086424326
587722951693303895	587722951693303889	6	0.393097567856754
587722951693303895	587722951693303908	3	0.382386816603863
587722951693303896	587722951693303904	3	0.307804270125277
587722951693303896	587722951693303909	3	0.137672006821866
587722951693303896	587729971795264132	6	0.214449415599199