587722951693303810	587722951961673936	6	0.338628417257366
587722951693303810	587729971795263513	6	0.464324425558554
587722951693303810	587729971795263523	3	0.498676263528902
587722951693303820	587722951961673957	6	0.383839975988251
587722951693303820	587729971795263556	3	0.414858552204888
587722951693303822	587722951961673957	6	0.436439376822225
587722951693303823	587722951693304430	6	0.222228629759251
587722951693303823	587722951961673962	3	0.326315307680684
587722951693303824	587722951693304433	3	0.163592728559093
587722951693303825	587722951693304433	3	0.328111133465472
587722951693303825	587729971795263543	3	0.212792048807937
587722951693303825	587729971795263546	3	0.326828446056743
587722951693303833	587722951693303835	3	0.168128157462514
587722951693303833	587722951693303836	3	0.0812549902132346
587722951693303833	587729778527567907	3	0.244171394476908
587722951693303833	587729778527567909	3	0.203054641763303
587722951693303834	587722951693303836	3	0.208905162006682
587722951693303834	587722951961673950	6	0.450933998413288
587722951693303834	587722951961674747	3	0.320116720007612
587722951693303834	587729778527567903	6	0.00130181256340611
587722951693303834	587729778527567905	6	0.16957805488032
587722951693303834	587729778527567907	3	0.395996809826881
587722951693303836	587729778527568379	6	0.482537744643544
587722951693303836	587729778527568642	3	0.445109662949275
587722951693303837	587729778527568379	6	0.389478308007444
587722951693303839	587722951693304441	6	0.2697635705915
587722951693303839	587722951693304444	3	0.417494242262199
587722951693303839	587729971795264593	3	0.472739864811006
587722951693303842	587729778527567917	3	0.122183314166702
587722951693303842	587729778527568174	6	0.435886761927912
587722951693303844	587722951693303842	6	0.136387671714236
587722951693303844	587722951693304030	6	0.47648935008183
587722951693303846	587722951693304455	3	0.464703061792644
587722951693303848	587722951693304235	6	0.369362116850685
587722951693303848	587729971795264275	6	0.306581396871686
587722951693303850	587722951693304042	6	0.461660185250358
587722951693303850	587729971795265012	3	0.362330071901051
587722951693303853	587729971795263587	6	0.0736233020457472
587722951693303853	587729971795264282	6	0.282432799270122
587722951693303854	587722951693304983	3	0.20888255759419
587722951693303854	587729971795264605	6	0.20808786275559
587722951693303855	587722951693304744	3	0.370024704828173
587722951693303855	587729778527568213	6	0.388372892821463
587722951693303858	587722951693304740	3	0.325969298872352
587722951693303858	587722951693304753	6	0.211430789198118
587722951693303860	587722951693304107	6	0.415587273654015
587722951693303860	587722951693304489	3	0.221506365449699
587722951693303860	587729778527568712	3	0.150714974420884
587722951693303863	587722951693303866	6	0.200644478314088
587722951693303863	587722951693305015	3	0.353836552399971
587722951693303863	587729778527567979	3	0.295089408645703
587722951693303864	587722951693304754	3	0.414073186717242
587722951693303864	587729778527567979	3	0.442713670120691
587722951693303864	587729778527568700	3	0.413221642297737
587722951693303864	587729778527569037	6	0.372611601813744
587722951693303865	587722951693305020	6	0.123516327885943
587722951693303865	587729778527567976	3	0.000612073411288964
587722951693303865	587729778527567980	3	0.409465261633562
587722951693303867	587722951693304126	6	0.486514235146793
587722951693303867	587729778527568239	6	0.485858819076551
587722951693303869	587722951693304489	3	0.335581341807148
587722951693303869	587729778527568233	6	0.491927828956691
587722951693303871	587729971795263924	6	0.349007932093909
587722951693303873	587722951693303866	6	0.458771655263771
587722951693303873	587729778527569064	3	0.30366376154193
587722951693303878	587722951693303879	6	0.0647095814634694
587722951693303878	587729971795264684	3	0.36358771906034
587722951693303879	587729971795264348	6	0.440670893937111
587722951693303879	587729971795264387	3	0.380999720882062
587722951693303882	587722951693304142	6	0.364546391570665
587722951693303882	587722951693304532	6	0.346474878762326
587722951693303882	587729778527568751	6	0.217249747467883
587722951693303884	587722951693303879	6	0.359994250080703
587722951693303884	587722951693304272	6	0.476320117720565
587722951693303884	587729971795264909	6	0.400991169466502
587722951693303886	587729971795263646	6	0.00139980050505169
587722951693303889	587722951693303890	6	0.367343493733322
587722951693303889	587722951693303894	3	0.212244528464685
587722951693303889	587722951693303904	3	0.428694231602189
587722951693303889	587729971795263658	3	0.393813699494162
587722951693303889	587729971795263668	6	0.444246987089537
587722951693303890	587722951693303893	6	0.411348347486204
587722951693303890	587722951693303897	3	0.139779785607297
587722951693303891	587729971795264133	3	0.364089892636117
587722951693303892	587722951693303905	6	0.169340021203885
587722951693303892	587729971795263668	6	0.219780238018103
587722951693303893	587722951693303896	3	0.419165937177759
587722951693303893	587722951693303897	3	0.281580004210322
587722951693303893	587722951693303904	3	0.394278598903245
587722951693303893	587729971795263666	3	0.431086613653758
587722951693303893	587729971795263669	6	0.288235821350169
587722951693303895	587722951693304806	3	0.240516394993479
587722951693303896	587722951693304815	3	0.439420419958509
587722951693303896	587729971795263658	3	0.309834535114054
587722951693303896	587729971795264676	3	0.454184516073154
587722951693303897	587722951693304815	3	0.264011729560853
587722951693303897	587729971795263651	6	0.13882773288618
587722951693303898	587722951693304841	3	0.144211813477507
587722951693303898	587729971795264064	3	0.36043233381053
587722951693303899	587722951693303894	3	0.216791251112292
