587722951693303810	587722951961673937	6	0.46477866607989
587722951693303810	587722981764694097	6	0.464876604564313
587722951693303810	587722981764694112	3	0.333589624264678
587722951693303810	587729971795263514	6	0.123778104996334
587722951693303810	587729971795263523	3	0.498676263528902
587722951693303810	587729971795263526	3	0.196955296092765
587722951693303810	587729971795263527	3	0.299517139529727
587722951693303810	587729971795263528	3	0.429907656020943
587722951693303820	587729971795263549	3	0.351737357953507
587722951693303820	587729971795263552	3	0.174002574158689
587722951693303820	587729971795263558	3	0.436444680104984
587722951693303820	587729971795264585	6	0.403531470074415
587722951693303822	587729971795263558	3	0.417703019526071
587722951693303822	587729971795263832	6	0.455669070989665
587722951693303823	587722951961673962	3	0.326315307680684
587722951693303823	587729971795263543	3	0.223422061384715
587722951693303823	587729971795264109	6	0.377966689316176
587722951693303824	587729971795263546	3	0.161516524011555
587722951693303825	587722951693304035	6	0.369106471690158
587722951693303825	587722951961673963	3	0.443115988473556
587722951693303825	587729971795263545	3	0.302637088928997
587722951693303825	587729971795264243	6	0.446612327428589
587722951693303833	587729778527567905	6	0.372103147807263
587722951693303833	587729778527568176	6	0.340523611402187
587722951693303833	587729778527569441	3	0.454769619695577
587722951693303834	587729778527567903	6	0.00130181256340611
587722951693303834	587729778527567906	3	0.314633826915174
587722951693303834	587729778527567909	3	0.0983344313885881
587722951693303834	587729778527568629	3	0.320600843150936
587722951693303835	587729778527569276	6	0.271110239684348
587722951693303836	587722951693303837	3	0.205904794924682
587722951693303836	587722951693304336	3	0.449982429571369
587722951693303836	587722951693304959	3	0.497242501544436
587722951693303836	587722951961674747	3	0.497991105345775
587722951693303836	587729778527567907	3	0.279138740196851
587722951693303837	587722951693304336	3	0.246127078453463
587722951693303837	587729778527567902	6	0.137898860332823
587722951693303839	587729971795264270	3	0.497065224246928
587722951693303839	587729971795264591	3	0.415665196839054
587722951693303842	587729778527568990	3	0.211609449066463
587722951693303843	587729778527567914	6	0.117964160323688
587722951693303843	587729778527567915	6	0.00708167490689266
587722951693303843	587729778527567917	3	0.179616330769449
587722951693303844	587729778527567914	6	0.136976937048172
587722951693303848	587729971795264268	6	0.159009449367476
587722951693303848	587729971795264275	6	0.306581396871686
587722951693303848	587729971795264617	6	0.410602845470325
587722951693303850	587722981764694318	3	0.335996476060511
587722951693303850	587722981764695342	3	0.362425265019906
587722951693303850	587729971795265012	3	0.362330071901051
587722951693303853	587722951693304721	6	0.263278731696895
587722951693303853	587729971795264117	6	0.263864810513638
587722951693303853	587729971795264605	6	0.205831208767366
587722951693303853	587729971795264857	6	0.313357572883984
587722951693303854	587729971795263586	6	0.0747572874401746
587722951693303854	587729971795264857	6	0.342762380951509
587722951693303855	587722951693304102	6	0.463190876039441
587722951693303855	587722951693304106	6	0.389169828450295
587722951693303855	587729778527568396	0	0.38321630480823
587722951693303855	587729971795264309	6	0.353126657013892
587722951693303857	587722951693304060	3	0.467109065845579
587722951693303857	587722951693304105	6	0.422028503764823
587722951693303857	587729971795263863	3	0.467473939020281
587722951693303858	587722951693304733	3	0.396074302466274
587722951693303858	587729971795264638	3	0.475687697991435
587722951693303863	587722951693303866	6	0.200644478314088
587722951693303863	587722951693304484	3	0.444700668099981
587722951693303863	587729778527568545	3	0.418198686065383
587722951693303863	587729778527568702	3	0.445855564233808
587722951693303864	587722951693304484	3	0.250359124210451
587722951693303864	587729778527568699	3	0.372927354560305
587722951693303864	587729778527569060	6	0.479536355828288
587722951693303866	587722951693303867	3	0.151262522099575
587722951693303866	587729778527567975	6	0.400136288623462
587722951693303867	587722951693303866	6	0.151262522099575
587722951693303867	587722951693304127	6	0.412594347596254
587722951693303867	587729778527567975	6	0.353990009999758
587722951693303867	587729778527567979	3	0.373960118060734
587722951693303869	587722951693304489	3	0.335581341807148
587722951693303869	587722951693305013	3	0.148736274295956
587722951693303869	587729778527568224	6	0.434762527068339
587722951693303869	587729778527569059	6	0.402887633205386
587722951693303871	587722951693304131	3	0.474878574309584
587722951693303873	587722951693304784	6	0.190292254861264
587722951693303873	587722951693305016	3	0.302645262070073
587722951693303873	587729778527567981	3	0.426611595669851
587722951693303873	587729778527569443	3	0.449555545395838
587722951693303875	587729778527568407	6	0.338088855257646
587722951693303878	587722951693305021	6	0.390468465931257
587722951693303878	587729971795263614	3	0.0669249748416977
587722951693303878	587729971795264348	6	0.411725809241518
587722951693303879	587729971795264662	3	0.434070929427534
587722951693303879	587729971795264898	3	0.288037119012247
587722951693303881	587729778527568498	6	0.424242720109933
587722951693303881	587729778527569315	3	0.360008623791426
587722951693303884	587729971795264684	3	0.135308249935213
587722951693303884	587729971795264904	6	0.26171143280448
587722951693303886	587729971795265013	3	0.482220249147084
587722951693303889	587722951693303902	6	0.346004746770804
587722951693303889	587722951693303904	3	0.428694231602189
