2188	2	197	587729149846946419	1219.062	511.2067	0	0	-9999	-9999	439873639153920	26.1804	24.85854	22.36685	21.96326	21.01628	0.6536582	0.7448606	0.241628	0.1740171	0.3251558
2188	2	197	587729149846946420	1229.545	1952.951	-0.05445874	0.05492822	0.07884936	0.05644275	281543964623104	25.04815	23.03115	22.0753	21.88384	21.41914	1.401489	0.2225232	0.1328281	0.1602316	0.4378497
2188	2	197	587729149846946422	1236.576	542.5772	0	0	-9999	-9999	281543964754176	24.13784	23.42978	22.46788	22.54384	22.71818	1.360029	0.2519171	0.1957905	0.2880981	0.8765785
756	5	198	588848900971299286	572.2511	851.7375	0.01283767	-0.04627326	0.02566835	0.01633798	217164284160	23.61383	23.04256	22.31275	21.88736	21.31647	0.5940393	0.1847505	0.1512817	0.1527108	0.2893985
756	5	198	588848900971299336	958.674	485.0009	0.02284769	-0.009232463	0.04056879	0.01184021	217164284160	23.47095	22.19648	21.54032	21.42305	21.05533	0.5293831	0.09014195	0.07650324	0.09881277	0.2278628
756	5	198	588848900971299340	971.3502	1261.529	0.005214175	0.006839992	0.006081169	0.006415877	68987912448	22.54458	21.37206	20.5368	20.21249	19.9496	0.2569205	0.04910336	0.03623492	0.03836706	0.09249991
756	5	198	588848900971299351	1076.192	1724.91	-0.01299347	-0.003731566	0.01255973	0.006289281	68987912448	24.43921	21.85799	20.47299	20.02206	19.45106	0.8377205	0.069952	0.03514634	0.03371233	0.06112147
756	5	198	588848900971299355	1087.792	1505.01	-0.01952356	0.06681071	0.08135983	0.04393026	281550407074064	23.47054	23.10555	22.12232	21.72807	21.52913	0.5314187	0.1979719	0.1296549	0.1352264	0.3513243
756	5	198	588848900971299358	1114.724	561.6313	0.0429324	0.01016245	0.01792899	0.01791028	281709320864512	23.89907	23.02523	22.72791	22.36034	23.09472	0.6890526	0.1812401	0.2119462	0.2245032	0.5728282
756	5	198	588848900971299374	1252.588	1894.067	-0.0006069433	-0.000425698	0.01041203	0.008281486	68987912960	22.84482	22.25309	22.00328	21.47737	21.26654	0.3263304	0.09632961	0.1188918	0.1096532	0.2902763
756	5	198	588848900971299421	138.4589	1439.111	0	0	-9999	-9999	281543964623616	25.22641	23.2772	22.48899	22.76163	21.89414	0.7438264	0.2265609	0.1800959	0.3364466	0.4481525
756	5	198	588848900971299430	212.5439	1743.254	0.08755854	-0.08636665	0.105036	0.09091177	422281453109504	24.14016	23.60345	22.50375	22.17852	22.08025	0.7887656	0.2941397	0.1844216	0.2041445	0.7010213
756	5	198	588848900971299433	256.1869	1846.762	-0.1011449	-0.07647536	0.140496	0.07038812	281543964623104	24.26344	23.77129	22.45623	21.70156	21.16081	0.820325	0.3350645	0.1785096	0.1343325	0.2620409
756	5	198	588848900971299436	309.5466	1525.46	-0.001024483	0.01933753	0.01587302	0.01139046	68987912960	25.77266	23.65608	21.84604	20.77588	20.18152	0.5271685	0.3078777	0.1031071	0.06062726	0.1127721
756	5	198	588848900971299445	417.2044	564.799	0	0	-9999	-9999	281543964623104	23.70299	24.48052	22.71246	23.71653	21.90458	0.6310126	0.5216708	0.2123657	0.6144332	0.4350759
756	5	198	588848900971299451	458.6071	1501.047	0	0	-9999	-9999	281543964623104	24.23832	24.21217	22.43812	22.81125	22.15138	0.8125693	0.4572034	0.1724174	0.3458856	0.5216762
756	5	198	588848900971299457	479.9836	984.7065	-0.1764729	0.01558971	0.07458729	0.05871036	281709320995072	23.36592	23.98577	22.15538	21.43925	21.02973	0.505152	0.392627	0.1326751	0.1044567	0.2183986
756	5	198	588848900971299475	624.2405	1215.08	0.001942642	0.005050871	0.1104769	0.06261671	281543964623104	23.54819	23.31628	22.33118	21.67454	21.50336	0.5699114	0.2347797	0.1551767	0.1291915	0.3420236
756	5	198	588848900971299480	687.2307	1398.77	-0.1061492	0.1515909	0.09523242	0.109418	281543964623104	23.79287	23.97752	22.45663	22.02688	21.52996	0.6634144	0.392472	0.1743644	0.1762118	0.3504092
756	5	198	588848900971299482	766.2587	356.7962	0	0	-9999	-9999	281543964623104	24.81689	23.81976	22.64935	22.82987	22.16823	0.8416432	0.3423916	0.2002175	0.3282567	0.4961532
756	5	198	588848900971299490	827.0424	1188.885	-9999	-9999	-9999	-9999	439804919677184	24.53903	24.88823	22.62044	24.13553	23.55323	0.8510376	0.6059576	0.8581227	0.7247491	0.4917133
756	5	198	588848900971299497	868.4058	1307.755	-0.07163938	-0.08654902	0.02242256	0.02356959	70369012748632	25.73531	23.74896	22.96876	21.97787	21.5788	0.5315661	0.3326426	0.2691306	0.1679444	0.3923612
756	5	198	588848900971299505	949.3158	272.8362	0.0004799254	0.001446528	0.0109673	0.009350515	68987912960	24.5694	23.4095	21.92375	20.69092	19.88475	0.8493522	0.2468677	0.1060617	0.05267531	0.08233759
756	5	198	588848900971299512	985.8276	425.2895	0.1265065	0.2060375	0.1508525	0.05202223	281709320999168	25.2628	23.84328	22.20091	21.68006	21.89162	0.7195035	0.3156762	0.1346289	0.1230458	0.426169
756	5	198	588848900971299514	998.8331	1599.814	-0.03207655	-0.01946828	0.01847986	0.02642452	140806476398848	23.39504	23.67599	22.09278	21.54866	20.64796	0.9607645	0.3146768	0.1269061	0.1156676	0.1703341
756	5	198	588848900971299544	1180.355	402.4142	-9999	-9999	-9999	-9999	299067431321856	24.15492	25.26754	22.78684	24.61278	22.14917	0.7728354	0.6006372	1.033625	0.6887913	0.4923999
756	5	198	588848900971299545	1193.624	1088.222	0.03467863	0.007849122	0.02708823	0.01824443	68987912448	24.14229	23.17686	21.91571	21.52636	20.80108	0.7724031	0.2104515	0.1060661	0.1120069	0.1910559
756	5	198	588848900971299548	1203.786	931.7197	-0.003014511	-0.03613121	0.01770511	0.01732233	217164283904	24.57545	23.98986	22.41447	21.45826	20.69231	0.8443395	0.3972941	0.1640801	0.1047992	0.1722638
756	5	198	588848900971299561	1291.164	1362.759	0	0	-9999	-9999	281543964623104	25.91229	23.206	22.48483	22.82683	22.38979	0.4597736	0.2167237	0.1764053	0.3465801	0.5759529
756	5	198	588848900971299571	1351.375	974.1259	0	0	-9999	-9999	281543964623104	24.09324	23.53932	22.68262	22.40831	21.7955	0.7561086	0.2841587	0.2062692	0.2402756	0.4140366
756	5	198	588848900971299583	1416.127	986.1932	0.04934312	0.04155636	0.06789071	0.06421594	281543964754176	24.28018	24.09802	22.38821	21.96758	21.08019	0.8028874	0.4308617	0.1593905	0.1641311	0.2833082
756	5	198	588848900971299602	178.2363	746.1475	0	0	-9999	-9999	422281453114112	23.72447	23.96799	22.85108	21.74458	21.58776	0.9943656	0.8483794	0.2399654	0.1353457	0.353915
756	5	198	588848900971299603	192.1688	1241.795	0	0	-9999	-9999	281543964623104	25.98243	23.87609	23.86509	22.1535	22.54936	0.4494724	0.3648141	0.5361952	0.1998636	0.5963236
756	5	198	588848900971299613	285.8662	394.0329	0	0	-9999	-9999	281543964754176	25.20692	24.43161	23.29075	22.12861	21.57922	0.7572074	0.5065983	0.310197	0.1837689	0.3433536
756	5	198	588848900971299620	339.1629	376.2562	0	0	-9999	-9999	281543964754176	25.23944	25.61228	23.03593	22.05658	21.34264	0.7497439	0.541959	0.2792794	0.1720654	0.2860102
756	5	198	588848900971299628	456.6814	1621.88	0.03135142	-0.01836607	0.02613723	0.02798625	281543964754176	24.97415	24.52079	24.66877	22.11793	20.82149	0.8185628	0.5379419	0.7477553	0.1920349	0.1968157
756	5	198	588848900971299630	462.0638	1141.786	0.8122653	-0.03680498	0.02861	0.01921833	281503229673800	24.29955	24.96122	23.26719	22.09889	20.69362	0.8286058	0.6084391	0.342621	0.1874471	0.1748989
756	5	198	588848900971299631	465.0081	605.0582	0	0	-9999	-9999	281543964623104	25.38547	24.60799	23.48164	21.81813	21.30119	0.6905762	0.5527689	0.4012992	0.1422137	0.2818685
756	5	198	588848900971299656	850.6599	725.0432	-0.1303634	0.03266472	0.05316896	0.02599442	281640601387264	23.69936	25.10379	24.03481	22.08261	20.8072	0.6192184	0.6120904	0.5787061	0.1784804	0.1883075
756	5	198	588848900971299663	1032.844	1425.967	-0.04217963	-0.01639105	0.02034371	0.01870409	281543964623616	23.38581	24.39634	23.2187	21.28514	20.24939	0.5022203	0.5109438	0.3317044	0.09188147	0.1201719
756	5	198	588848900971299674	1138.3	986.7135	0	0	-9999	-9999	281543964754176	23.90365	24.803	23.58097	22.25722	22.47335	0.6978007	0.5966895	0.432044	0.2110679	0.4967805
756	5	198	588848900971299683	1274.998	555.5038	0	0	-9999	-9999	281709320864000	23.36657	25.1372	22.97858	21.55141	20.8093	0.4855866	0.6127347	0.2609894	0.1112174	0.186037
756	5	198	588848900971299687	1326.28	797.062	0	0	-9999	-9999	281543964623104	23.5023	24.4215	23.18312	22.05528	21.00989	0.5361046	0.5153223	0.3118221	0.174916	0.2239141
756	5	198	588848900971299701	379.1	1936.878	-9999	-9999	-9999	-9999	439804919681280	25.14047	24.97524	24.5586	24.99467	20.81786	0.7681097	0.6089609	0.7530882	0.6427649	0.4451248
756	5	198	588848900971299703	437.9875	764.4351	-9999	-9999	-9999	-9999	439804919677696	24.99397	25.23603	24.86033	24.97218	20.56791	0.8177449	0.6049147	0.7251996	0.6250154	0.4423136
756	5	198	588848900971299709	847.3499	1628.529	-9999	-9999	-9999	-9999	439804919681792	25.78968	24.24593	25.30454	24.03999	20.79643	0.8568415	0.467741	0.6732161	0.7176622	0.3080051
756	5	198	588848900971299712	1176.346	764.4476	-9999	-9999	-9999	-9999	439804919677696	24.52828	24.39055	24.85305	23.52999	20.80614	0.8417953	0.5049714	0.7149636	0.5551624	0.7259185
756	5	198	588848900971299719	104.7717	1924.645	0	0	-9999	-9999	281544233189632	23.42546	23.9494	23.2632	22.25225	23.45944	0.4516877	0.3821594	0.3553195	0.2182351	0.5317723
756	5	198	588848900971299727	593.3144	1625.443	0	0	-9999	-9999	422281721544960	24.21713	24.27044	24.49432	24.67747	21.44084	1.114877	0.2972859	0.7246824	0.7183989	0.3282875
756	5	199	588848900971364372	123.4121	456.3716	-9999	-9999	-9999	-9999	474989325586704	24.28433	22.7966	24.18759	24.48414	22.81782	0.8493242	0.2932415	0.6545912	0.7174635	0.5931669
756	5	199	588848900971364395	296.8138	1302.048	0.0005149309	0.0006794114	0.003396863	0.003332393	158398662443008	19.85489	19.12463	18.80931	18.62137	18.32395	0.03956365	0.0202082	0.01648258	0.0168151	0.03338243
756	5	199	588848900971364402	350.8989	194.6715	0.00341986	0.02115659	0.01374312	0.0150558	448671879925776	14.14441	13.04303	12.6296	12.50251	12.46882	0.02512138	0.0004324693	0.000375321	0.0004379891	0.009448721
756	5	199	588848900971364424	577.585	1529.728	-0.1073568	-0.02170803	0.03643247	0.04184289	211209614135640	23.57806	24.15454	22.9179	22.32515	21.38625	0.5649408	0.630303	0.2464403	0.2312211	0.3122971
756	5	199	588848900971364432	710.9799	628.3057	-0.0004696372	-0.00208438	0.003146141	0.003056002	68987912192	18.23757	16.21371	15.3792	15.08354	14.93277	0.02756485	0.01832161	0.01412112	0.01330929	0.009833159
756	5	199	588848900971364459	1374.847	1175.835	0.003143484	-0.006936999	0.01184045	0.01401809	70437765775704	22.9696	22.52724	22.1769	22.05308	21.171	0.4803148	0.2295767	0.2750633	0.3620816	0.3825248
756	5	199	588848900971364461	1293.23	1112.755	-0.004222852	-0.0001012161	0.01300969	0.01287405	70472125514584	23.24441	22.74857	21.61873	21.27444	20.81965	0.442808	0.164586	0.09310642	0.116988	0.193349
756	5	199	588848900971364462	1315.791	1072.42	0.1031705	0.04427606	0.04357311	0.05605748	281543965020432	23.53764	23.18013	21.83586	21.15163	21.62634	0.5503599	0.2126617	0.09236711	0.08653774	0.3952595
756	5	199	588848900971364473	1415.267	1068.411	-0.284241	-0.405818	0.1543904	0.2005611	351912742752600	24.42036	24.56356	23.55764	22.28036	22.65876	0.8238259	0.5831773	0.3940257	0.2219314	0.6050351
756	5	199	588848900971364520	446.0165	465.5085	-0.001547576	0.0007435255	0.003171086	0.003073671	68987912704	20.93826	18.33424	17.02188	16.52382	16.23068	0.06955481	0.01902079	0.0143665	0.01353455	0.01097535
756	5	199	588848900971364534	646.14	755.2823	-0.002154883	-0.001497185	0.003218312	0.003111339	68988043264	22.10276	19.23159	17.95803	17.43497	17.09957	0.1633636	0.02046834	0.01490391	0.01405537	0.01349224
756	5	199	588848900971364571	1228.78	1464.19	0.001981993	0.005492555	0.00385759	0.003660209	68987912704	21.43091	20.34138	19.94652	19.7571	19.75288	0.1013105	0.02756152	0.0236026	0.02808708	0.07774737
756	5	199	588848900971364600	631.4018	1749.815	0.000585005	-0.006520445	0.004640773	0.004172242	68987912960	23.1465	21.02942	19.58831	19.07347	18.75214	0.414374	0.03910847	0.0204181	0.0197182	0.03493257
756	5	199	588848900971364604	806.3434	296.7418	0.002108015	0.0007594589	0.003939375	0.003653317	68988305664	24.21059	21.25477	19.64732	18.70152	18.19983	0.7632586	0.04466607	0.02039531	0.01696734	0.02272944
756	5	199	588848900971364614	1157.965	1680.186	0.0005795795	0.0006079202	0.003839351	0.003628309	68987912448	24.08745	21.03444	19.48919	18.59213	18.09098	0.7372755	0.03990435	0.01945696	0.01672813	0.02200239
756	5	199	588848900971364635	470.4962	144.2044	0.002339649	-0.0001952955	0.005153419	0.004337049	68987912960	24.02725	22.03498	20.46669	19.18841	18.46788	0.6977718	0.07969559	0.03169682	0.0200719	0.02715052
756	5	199	588848900971364646	661.5403	1842.252	0.001981836	0.002600485	0.006704477	0.005423005	68987912448	25.08474	22.38132	20.8323	19.90151	19.26304	0.7639902	0.1102951	0.04250892	0.03123033	0.05248367
756	5	199	588848900971364662	204.2579	324.3351	-9999	-9999	-9999	-9999	439804919677184	22.34916	25.48336	25.23788	24.34492	23.51012	0.4731918	0.581282	0.6352727	0.7153029	0.4863321
756	5	199	588848900971364712	85.86628	1573.718	0.02539841	0.03550279	0.00848159	0.01051967	2381827801344	22.82837	21.68488	20.68221	20.24789	19.7955	0.3238315	0.06142865	0.03891646	0.03968058	0.08131835
756	5	199	588848900971364726	159.275	1393.775	-0.02626412	-0.01597014	0.01438505	0.01458842	281543964623616	24.26871	22.79732	22.54737	22.83273	21.40606	0.8012872	0.1545188	0.1827046	0.3521833	0.3172277
756	5	199	588848900971364728	165.2785	565.694	0.006657354	0.0002268464	0.00679276	0.006078678	68987912192	24.58209	22.21249	20.89902	20.29272	19.93238	0.810339	0.09237929	0.04405675	0.03958781	0.08778811
756	5	199	588848900971364740	238.4886	227.0801	-0.004691684	-0.01976032	0.02879777	0.03824278	72409506746864400	23.76033	24.95703	23.64627	22.83802	20.85056	0.6025006	0.6498678	0.5702828	0.6224366	0.2127101
756	5	199	588848900971364749	288.8169	1570.563	-0.01829914	0.007476817	0.01279488	0.01072394	68987912448	23.13221	22.9589	21.33777	20.70301	20.22288	0.410744	0.1782223	0.06425524	0.05691985	0.1172965
756	5	199	588848900971364809	534.998	1629.18	-0.006743423	0.007948661	0.01428688	0.015063	140806476398848	24.45661	23.11242	21.95959	21.81779	21.28395	3.043149	0.2047118	0.1075976	0.1489037	0.2894308
756	5	199	588848900971364813	564.2754	1001.978	0.004450718	-0.002758634	0.02531547	0.01740091	71135527184	23.21159	23.66636	21.92017	21.1439	20.87791	0.4267951	0.3207504	0.1026682	0.08122765	0.2036148
756	5	199	588848900971364816	555.2396	1695.362	-0.01597944	0.003233274	0.009460745	0.005401479	71135395856	23.48864	21.16623	20.2602	19.83329	19.51286	0.5339486	0.04265369	0.02870048	0.02972756	0.06409872
756	5	199	588848900971364849	651.3104	1084.501	-0.01257894	-0.03317721	0.006599646	0.009229397	6711022096	22.65732	21.77757	20.95218	20.66061	20.26614	0.276204	0.06998831	0.04576826	0.05432428	0.1196736
756	5	199	588848900971364857	712.4573	1557.456	0.01068776	0.06775668	0.01189276	0.01576935	6711021840	24.56868	22.4993	22.04656	21.48276	21.46199	0.8327567	0.1221249	0.1149213	0.107602	0.2470197
756	5	199	588848900971364898	978.0652	1053.083	-0.01923631	-0.01765576	0.01823616	0.01519942	68988043520	23.18898	22.61376	21.85555	21.70428	21.12028	0.4146103	0.1350382	0.09516197	0.1322399	0.2478184
756	5	199	588848900971364901	989.4744	1577.184	1.597048E-05	-0.01119831	0.01144253	0.009942144	68987912448	23.1169	22.55091	22.05824	21.62536	21.03289	0.39854	0.1289434	0.1144297	0.1253263	0.2343162
756	5	199	588848900971364905	994.4793	1122.851	-0.004243724	-0.0005789249	0.007768149	0.006561062	68987912960	24.09068	22.50936	20.65915	20.01973	19.47874	0.7427024	0.1237967	0.03644146	0.03329235	0.06119739
756	5	199	588848900971364908	1010.147	1842.692	0.0213521	-0.03085438	0.01719923	0.01690318	68987912448	24.6245	22.89902	22.64206	21.92244	21.33538	0.8270878	0.1743709	0.1912455	0.1643665	0.303808
756	5	199	588848900971364931	1091.04	1632.824	0.02381097	0.02365909	0.01412456	0.009650833	68988043520	22.76401	22.08052	21.22223	20.92258	20.82746	0.2865909	0.08719673	0.05627239	0.06838334	0.1972006
756	5	199	588848900971364955	1205.953	1102.486	-0.009143256	0.005250046	0.01773937	0.01786654	68987912960	22.75559	23.02732	22.51387	22.09375	21.76235	0.2998349	0.1946648	0.1672613	0.1862417	0.4062461
756	5	199	588848900971365003	72.6664	1321.898	0	0	-9999	-9999	281543964623104	25.23115	24.2326	22.58471	22.68221	21.81354	0.7138321	0.4731515	0.1890308	0.3102533	0.4257925
756	5	199	588848900971365004	76.13179	1160.845	0	0	-9999	-9999	281543964623104	25.65691	24.34753	22.68865	22.38146	21.21399	0.5484263	0.5045885	0.2044496	0.2386213	0.2702409
756	5	199	588848900971365018	172.4758	1322.589	0.0176879	-0.0154375	0.01889858	0.01516932	68987912448	24.35567	23.83348	21.60625	20.95587	20.24564	0.8153217	0.3614944	0.08053733	0.0698448	0.1190064
756	5	199	588848900971365022	183.4001	1351.921	-0.1118861	-0.09606367	0.1143091	0.1097246	281543964754176	25.18652	23.8896	22.63026	21.75948	21.41963	0.7350456	0.3768713	0.1957021	0.140231	0.3200526
756	5	199	588848900971365028	199.9976	131.8485	-0.01298818	0.002983526	0.03030475	0.02708584	2450547413248	25.29405	24.67434	22.73387	21.93956	20.8376	0.6729606	0.2853858	0.205036	0.1547457	0.1888863
756	5	199	588848900971365043	277.6318	1087.294	-0.1361671	-0.02235658	0.06915262	0.06301797	281543964623616	23.83666	23.84256	22.56804	22.1342	22.26346	0.657949	0.3640629	0.181794	0.1926323	0.5385258
756	5	199	588848900971365047	323.4337	160.7809	0	0	-9999	-9999	281543964623104	24.2257	24.69363	22.69597	22.97132	23.03581	0.7498953	0.5769417	0.197192	0.3710788	0.5759448
756	5	199	588848900971365052	346.1153	932.1361	-0.02201156	-0.006356268	0.01547152	0.02270217	68987912448	23.76737	25.30611	22.63241	21.58559	20.86804	0.6304089	0.6173266	0.1922124	0.1183821	0.199398
756	5	199	588848900971365055	359.6244	1492.969	0	0	-9999	-9999	281543964754176	23.97924	23.57533	22.45261	22.41152	21.44165	0.6006035	0.2982612	0.1667117	0.2486032	0.326367
756	5	199	588848900971365067	428.3717	730.9637	-0.03181077	-0.0123034	0.06112586	0.05209307	281543964754176	24.80964	23.98675	22.56201	21.76107	21.38968	0.8078221	0.4013384	0.1778845	0.1363819	0.3291413
756	5	199	588848900971365084	514.9382	1829.731	-0.221356	0.12904	0.09426555	0.07728739	281477426184536	25.28654	23.34162	22.2782	22.18431	21.64662	0.7008075	0.2476562	0.1444813	0.2063237	0.386429
756	5	199	588848900971365093	558.8156	1833.683	0.03274972	0.01690099	0.05675612	0.04989206	281543964623616	23.83212	24.81886	22.14071	21.57361	21.02099	0.6664876	0.6203723	0.1267282	0.1209062	0.2356463
756	5	199	588848900971365105	598.7802	570.7083	0.0181852	0.02386631	0.01875347	0.02602815	68987912960	24.60773	23.34183	21.74009	21.00979	20.57961	0.8196446	0.2428512	0.08587077	0.0707995	0.1533514
756	5	199	588848900971365106	598.048	713.0295	0	0	-9999	-9999	281543964623104	25.09651	25.2089	22.539	22.66114	21.8296	0.7489455	0.627879	0.172966	0.2968848	0.4171809
756	5	199	588848900971365113	635.5594	1028.864	-9999	-9999	-9999	-9999	439804919677184	25.63404	23.95925	22.62912	24.30697	23.97761	0.5539958	0.400258	4.543281	0.7408388	0.3662859
756	5	199	588848900971365117	654.219	896.049	-0.09564277	0.06477094	0.1073733	0.07559195	422281453110016	23.38272	23.76733	22.31289	22.02831	21.24851	0.4880043	0.3458456	0.1434837	0.1744894	0.3352074
756	5	199	588848900971365130	728.8141	874.1013	-0.02818677	-0.01512975	0.02103826	0.01637764	140806476398848	23.74603	23.39303	21.44894	20.6537	20.19618	0.6209559	0.3077403	0.06800348	0.05349793	0.1114115
756	5	199	588848900971365145	847.6748	1273.337	0.0253569	-0.01971155	0.02123305	0.02093647	70474239447384	24.43693	23.99845	22.21002	21.30324	20.8156	0.8188604	0.4162364	0.1319987	0.09404054	0.223399
756	5	199	588848900971365149	859.6322	111.336	-0.01614822	0.0838746	0.04058348	0.05191541	281543964623104	23.03856	23.35253	22.32672	21.70975	22.32174	0.3677814	0.2457203	0.1385338	0.1285998	0.5339703
756	5	199	588848900971365153	876.1254	1764.865	-0.02234039	0.04710908	0.06513841	0.05029503	281543964623104	24.03565	23.28992	22.60194	21.99624	21.96427	0.7285608	0.2406016	0.1852986	0.1747588	0.4742684
756	5	199	588848900971365158	893.5579	1025.013	-9999	-9999	-9999	-9999	439804919677184	24.87881	25.30601	22.68133	23.6032	22.10336	0.8013543	0.6290849	0.532486	0.5959923	0.4966128
756	5	199	588848900971365161	923.5907	401.6846	-9999	-9999	-9999	-9999	439804919677184	23.85938	25.35961	22.66298	25.01289	23.1832	0.6603788	0.6168156	0.3190606	0.611106	0.5591956
756	5	199	588848900971365203	1196.162	1616.616	-0.01228721	-0.03660262	0.0463638	0.03608502	281543964623616	23.71253	23.31769	22.02102	21.35091	21.08955	0.606215	0.2501123	0.1100167	0.09853647	0.2457509
756	5	199	588848900971365210	1241.3	641.3407	-0.002881586	-0.1153606	0.07248564	0.06765677	281543964623104	23.724	23.13834	22.45149	21.7837	21.79721	0.6143692	0.210427	0.1550625	0.1388798	0.4071318
756	5	199	588848900971365212	1250.549	896.1166	0.03472473	0.02425065	0.05576153	0.05472128	422281453109504	25.18486	23.78163	22.56874	21.72181	21.03948	0.726852	0.3583677	0.1749315	0.133098	0.2988874
756	5	199	588848900971365219	1330.359	75.33218	0	0	-9999	-9999	281543964623104	25.02198	23.90713	22.85558	22.72258	23.01353	0.7883697	0.3894662	0.2137387	0.3120982	0.5749343
756	5	199	588848900971365259	363.9701	449.3885	-0.02889074	0.05003114	0.02593194	0.0212332	281543964623616	24.05187	23.84007	23.33116	21.96248	20.79503	0.7120515	0.3579813	0.3364323	0.1602353	0.1831321
756	5	199	588848900971365272	541.9505	1738.203	0	0	-9999	-9999	281543964754176	26.11677	23.94746	23.97722	22.06331	22.72579	0.3893918	0.398191	0.549489	0.1851887	0.6259604
756	5	199	588848900971365287	748.8871	818.9111	0.004864701	0.01002484	0.02791471	0.01966661	281543964623104	24.68852	24.06318	22.85723	21.61989	20.42688	0.8241791	0.4278554	0.2274594	0.1214227	0.1357414
756	5	199	588848900971365309	1143	246.4344	0	0	-9999	-9999	281543964623104	24.31454	24.6486	23.57687	22.14148	21.34685	0.800917	0.587917	0.3880307	0.1883102	0.2878568
756	5	199	588848900971365310	1172.55	1661.853	0	0	-9999	-9999	422281453109504	23.79568	23.78711	23.21077	22.19241	21.46496	0.6375875	0.5008126	0.3057489	0.2061718	0.3328959
756	5	199	588848900971365315	1275.537	1250.252	-0.01534688	0.03831862	0.03291595	0.03836665	281543964758272	23.47083	24.04189	23.80133	21.79649	20.84934	0.2766689	0.3422523	0.4718491	0.1439409	0.1993863
756	5	199	588848900971365336	364.4206	1966.026	-9999	-9999	-9999	-9999	439804919677696	24.05426	25.19057	24.86938	24.14847	20.64224	0.7525705	0.6326932	0.7252731	0.7537467	0.2439232
756	5	199	588848900971365337	411.2955	573.4481	-9999	-9999	-9999	-9999	439804919681280	24.40711	24.25628	25.2158	24.6696	20.86586	0.7999924	0.4751921	0.6372693	0.6960329	0.3835856
756	5	199	588848900971365339	477.7572	445.3059	-9999	-9999	-9999	-9999	439804919681280	23.63847	25.11562	24.88588	25.1618	20.57772	0.5824538	0.6246009	0.6794919	0.6818315	0.256495
756	5	199	588848900971365340	608.0901	431.5644	-9999	-9999	-9999	-9999	439804919681280	24.62847	24.74562	23.43464	24.06596	20.73094	0.8205771	0.5958397	0.360486	0.6985854	0.3443904
756	5	200	588848900971429899	205.2143	1608.762	-0.0001489335	-0.005907474	0.03690246	0.01417176	70437732487440	22.98039	22.67784	22.20703	22.23414	21.18608	0.9863908	0.1488323	0.1283198	0.2401938	0.2694866
756	5	200	588848900971429902	261.2623	1670.843	0.01781052	0.01471487	0.02295053	0.02281106	211175254397200	23.44837	22.852	22.36658	21.48268	20.74914	0.733099	0.2595741	0.2064839	0.1890159	0.1909627
756	5	200	588848900971429924	501.9446	1112.343	0.1820701	0.1712278	0.071004	0.0994731	351844023276376	23.287	24.68242	23.4297	22.28574	22.04059	0.4692731	0.6230243	0.3130426	0.2165523	0.4900543
756	5	200	588848900971429959	838.6661	530.2336	-0.0004047172	-0.003423907	0.01332093	0.01511169	448669732966448	17.13306	14.77017	14.99709	14.07651	13.37975	0.01795299	0.01727347	0.001437694	0.001100108	0.01404969
756	5	200	588848900971429964	858.7624	549.6852	0.008964998	-0.01308182	0.04096079	0.04341888	211209614397784	24.06882	23.79818	23.00945	22.41063	23.36359	0.7561244	0.3683051	0.2411821	0.3533966	0.5213132
756	5	200	588848900971430033	391.2083	1503.606	0.0001169395	0.001337826	0.002916103	0.003032487	68988043520	22.60063	19.83714	18.33586	17.63462	17.2292	0.2716576	0.02247482	0.01561658	0.01471359	0.01769155
756	5	200	588848900971430108	73.67443	1248.607	-0.009623259	0.0004218796	0.004701937	0.004569497	70437765644560	23.40355	22.42016	20.28222	18.79502	18.05529	0.5926653	0.3318153	0.1203242	0.09600343	0.1109695
756	5	200	588848900971430111	307.3105	1732.911	-0.006187593	0.005869563	0.005417385	0.004974798	68987912960	23.07383	21.53259	20.27192	19.69381	19.24846	0.3898736	0.05732271	0.02838739	0.02730169	0.05280615
756	5	200	588848900971430118	508.1487	466.7709	0.0006318052	-0.003709427	0.003983481	0.004017777	68987912448	23.38846	21.48885	19.93876	18.89801	18.29312	0.5032486	0.05471172	0.02295884	0.01826171	0.02607847
756	5	200	588848900971430121	558.2488	1199.577	0.002353987	0.002315637	0.005183011	0.005163435	68987912496	23.43233	21.11105	19.93396	19.47376	19.08751	0.5214839	0.04204601	0.02340949	0.02378304	0.04643627
756	5	200	588848900971430143	795.5074	438.3773	-0.03411361	0.03036391	0.04581408	0.08885839	351914889974032	24.079	24.45161	23.97992	22.01603	22.03303	0.7576988	0.6572854	0.4933886	0.163611	0.4615488
756	5	200	588848900971430187	1354.753	424.8116	0.002823451	0.0387242	0.02131227	0.0204159	70439913128280	22.75115	22.81957	22.14036	21.74249	22.36397	0.3002142	0.1584726	0.1141393	0.1266064	0.5452788
756	5	200	588848900971430191	187.3799	689.8293	-0.005688989	1.159362E-05	0.005028329	0.004901832	68987912448	23.2766	22.29044	20.91655	19.3769	18.53379	0.460619	0.104215	0.04274245	0.02233173	0.03050263
756	5	200	588848900971430195	661.9787	400.0642	0.003516992	-0.001236411	0.006761749	0.006406201	439873639153920	25.02447	23.39086	21.57595	19.70301	18.67315	0.8030144	0.2679708	0.07553408	0.0261546	0.03264088
756	5	200	588848900971430229	360.5391	290.2511	-9999	-9999	-9999	-9999	448601012961536	22.32308	25.66215	25.40688	24.94959	23.174	0.6109049	0.5836684	0.5452793	0.6112604	0.544525
756	5	200	588848900971430240	812.3802	352.8365	0.007997553	-0.001728252	0.005464931	0.005489294	68987912192	21.99599	21.54514	21.02296	20.68131	20.81413	0.1626601	0.0568191	0.04500806	0.05199124	0.1823347
756	5	200	588848900971430244	994.6281	155.7534	0.01736946	-0.007864917	0.01925424	0.01497576	70474239312216	24.08522	23.39569	22.26562	22.05334	21.89489	0.7648754	0.2708336	0.1253023	0.1658624	0.4144971
756	5	200	588848900971430253	1095.071	324.4348	-9999	-9999	-9999	-9999	439804919677184	22.35327	24.76253	24.34574	23.73994	23.54077	0.3982477	0.6227649	0.5830013	0.5932901	0.4717733
756	5	200	588848900971430285	74.08655	1356.379	-0.0006171815	0.002474788	0.007877883	0.01009001	68988044032	22.68431	22.00893	21.06471	20.73439	20.15622	0.2821662	0.0829052	0.04912206	0.05782413	0.1110305
756	5	200	588848900971430290	107.6193	697.7067	-0.01088458	0.01285848	0.05032636	0.01564492	72057663025840384	23.56761	22.70708	21.84964	21.55667	21.3014	0.566612	0.1483465	0.09139327	0.1128207	0.2818585
756	5	200	588848900971430293	127.7263	97.64815	0.01071463	-0.02298364	0.01377997	0.01764102	281543964623104	22.78157	23.03349	22.22124	22.33906	21.75605	0.3063211	0.1956918	0.122261	0.2186674	0.377533
756	5	200	588848900971430296	147.8052	442.5054	0.05694171	-0.02882957	0.02344131	0.02017037	217164415232	23.60915	22.81866	21.82743	21.49264	21.44018	0.6433004	0.1631677	0.08824572	0.1053139	0.3066102
756	5	200	588848900971430320	316.7005	864.538	-0.004315221	-0.009905256	0.01074454	0.009266176	68987912960	23.67223	22.44196	20.89944	20.24984	19.84875	0.6134368	0.1194038	0.04252444	0.03864245	0.08370867
756	5	200	588848900971430328	354.1639	1287.345	-0.01448067	-0.000704047	0.01672904	0.01851944	158398662443264	23.77263	22.68541	21.24836	20.83799	20.10648	0.6501876	0.1484265	0.05650254	0.06256213	0.1339276
756	5	200	588848900971430350	513.8204	520.651	-0.00221417	0.05223025	0.008445558	0.01131731	6711022352	23.07264	21.92953	21.0917	20.54863	20.21195	0.9710346	0.08339939	0.04799261	0.04755336	0.1106459
756	5	200	588848900971430374	732.5878	509.1793	0.005947124	0.002194346	0.009697161	0.007311634	68987912192	23.96625	21.9781	21.09318	20.64458	20.31405	0.7242966	0.08057846	0.04787937	0.05104363	0.1209114
756	5	200	588848900971430378	763.535	1029.861	-0.05950152	-0.04153478	0.0188271	0.02340745	439804919677184	23.90027	22.98445	21.84794	21.59587	21.85105	0.7019388	0.1915822	0.1573168	0.1173171	0.4369844
756	5	200	588848900971430392	858.7784	803.1336	0.01211277	0.003023769	0.0144044	0.009169555	68988043520	24.70589	22.3952	21.4152	20.81413	20.54607	0.8542247	0.1143022	0.06293592	0.05925164	0.1526845
756	5	200	588848900971430403	938.3408	224.6116	0.01370854	0.005037273	0.00720259	0.006773844	68987912448	23.36394	22.43399	20.94129	20.29678	19.78924	0.4927441	0.1170043	0.04210141	0.03832133	0.07548454
756	5	200	588848900971430423	1004.222	1864.863	0.003814555	-0.04799319	0.01118291	0.02540023	75430363408	24.42783	22.92556	21.56962	20.88166	20.10799	0.8250901	0.1825967	0.07434459	0.06523979	0.108956
756	5	200	588848900971430429	1050.388	1440.635	0.006762776	-0.01339423	0.008999138	0.009906785	68987912448	23.26158	22.41314	21.64846	21.29188	20.93898	0.4533536	0.1168936	0.07840089	0.09107473	0.2217819
756	5	200	588848900971430433	1059.053	179.7553	-0.01971459	-0.01116721	0.02373004	0.02847403	68987912448	23.48324	22.63569	22.37527	22.00867	21.77487	0.5352275	0.137899	0.1376845	0.1591207	0.3845971
756	5	200	588848900971430434	1064.537	1273.652	0.007406529	-0.0168183	0.007122928	0.007885772	68987912192	24.06527	22.2291	21.07235	20.67689	20.24428	0.7478088	0.09967973	0.0487605	0.0540191	0.1219751
756	5	200	588848900971430465	1252.419	629.1276	-0.07916268	0.03301683	0.09293135	0.07526363	351914889969936	24.83087	23.93704	22.677	22.24146	21.83565	1.062501	0.6031576	0.2323705	0.2180584	0.4635802
756	5	200	588848900971430468	1264.363	1250.18	-0.0163243	0.03473132	0.018032	0.01587335	251524022528	23.12984	22.91618	22.73336	22.23411	21.55752	0.4079148	0.1778754	0.198161	0.2045346	0.3641196
756	5	200	588848900971430483	1359.826	1503.246	-0.01849066	-0.004721734	0.01779074	0.01167556	68987912448	23.09332	22.47307	22.04561	22.0118	21.49233	0.3928406	0.1214328	0.1100757	0.1696523	0.3487495
756	5	200	588848900971430524	211.0768	474.8265	-0.01920947	0.02078146	0.02646319	0.01963156	217164284160	24.75073	24.32296	22.36128	21.57032	20.73636	0.8474197	0.5223064	0.1397374	0.1126547	0.1724256
756	5	200	588848900971430548	419.2721	653.1127	0.001344435	0.03191596	0.01786472	0.01552311	68987912448	24.19746	23.57603	22.75008	21.45648	20.54416	0.796197	0.3113922	0.1965108	0.1023766	0.1492823
756	5	200	588848900971430560	498.9963	1189.618	-9999	-9999	-9999	-9999	439804919677184	24.25796	25.48441	22.75452	23.69839	22.67159	0.809353	0.628951	0.4657547	0.6183999	0.6141832
756	5	200	588848900971430583	617.6815	1598.378	-0.012946	0.003622079	0.01670199	0.01698369	140806476399360	23.95388	23.75421	22.44112	21.20625	20.3845	3.875787	0.3642145	0.1558813	0.08573259	0.1370066
756	5	200	588848900971430588	652.2637	821.1512	0	0	-9999	-9999	281543964623104	23.41748	23.13644	22.48487	22.4531	21.75442	0.5158916	0.216814	0.1574462	0.2445398	0.4023631
756	5	200	588848900971430592	673.129	544.7223	0	0	-9999	-9999	281543964623104	23.19765	23.77247	22.58101	22.47804	21.8786	0.4361127	0.3628561	0.1676958	0.2458426	0.4248206
756	5	200	588848900971430602	763.9196	1227.403	0.01476408	-0.06760396	0.06770641	0.05745374	281543964623104	24.24595	23.65125	22.23053	21.92889	21.37556	0.8051785	0.3339027	0.1283756	0.1583139	0.3141076
756	5	200	588848900971430612	802.5858	1951.729	-0.0395004	-0.007738193	0.06555105	0.07502694	281543964623104	24.1537	24.82795	22.46412	21.46927	21.04448	0.7652234	0.6588997	0.1610975	0.1085161	0.2415393
756	5	200	588848900971430616	844.0978	785.059	0.02371643	-0.1003456	0.06466053	0.07492924	281543964623104	25.07251	24.05474	22.56742	22.18128	21.5714	0.7872939	0.4446357	0.1682052	0.192109	0.3534932
756	5	200	588848900971430629	943.8022	695.0143	0	0	-9999	-9999	281543964623104	24.7879	23.77578	22.59901	23.01636	22.02575	0.844941	0.3619103	0.1717428	0.3817822	0.4739504
756	5	200	588848900971430656	1087.787	1131.118	0	0	-9999	-9999	281543964623104	23.41654	23.94166	22.59453	22.65589	21.70366	0.5099814	0.4108537	0.1742408	0.2923786	0.4009361
756	5	200	588848900971430676	1178.362	184.8289	-0.04497217	0.05722499	0.07669971	0.05806244	281543964623104	23.86264	23.24371	22.4132	22.08004	22.04204	0.6800827	0.2296504	0.142691	0.1688636	0.4559893
756	5	200	588848900971430688	1250.466	1317.212	0	0	-9999	-9999	281543964623104	25.51608	23.24265	22.58998	23.45151	22.16374	0.6058384	0.2350952	0.1756914	0.5326231	0.5346798
756	5	200	588848900971430691	1255.993	1260.189	0	0	-9999	-9999	281543964758272	23.67427	23.60229	22.65165	23.01175	21.94283	0.6030307	0.3157461	0.184843	0.3901201	0.4025928
756	5	200	588848900971430705	1341.761	1820.684	0	0	-9999	-9999	281543964623104	23.71467	23.98173	22.70247	22.65639	22.35966	0.6176962	0.4209176	0.1967425	0.2982776	0.5895141
756	5	200	588848900971430708	1352.97	218.2232	-0.007552457	0.01346193	0.01881952	0.01669593	68987912448	23.76197	24.01952	22.15979	21.33817	20.86638	0.6387025	0.4146055	0.115228	0.08826467	0.1918673
756	5	200	588848900971430722	1393.002	1957.529	0	0	-9999	-9999	281543964623104	24.66646	24.36885	22.61418	22.31726	21.83869	0.8372181	0.5357715	0.1831432	0.2237638	0.448625
756	5	200	588848900971430723	1398.417	1618.256	0	0	-9999	-9999	281543964623104	24.18508	23.66917	22.58156	22.53117	22.35204	0.7713671	0.3319474	0.1755089	0.2661083	0.5856861
756	5	200	588848900971430760	223.0262	1590.563	0	0	-9999	-9999	281543964623104	23.58385	24.10704	23.33288	22.22256	21.86323	0.5690341	0.4672442	0.3329616	0.2099024	0.4456865
756	5	200	588848900971430762	299.6426	683.5905	0.01276478	-0.01596609	0.03337925	0.03260553	281543964758272	23.6867	25.45931	23.93451	22.17789	20.8842	0.6157675	0.6294876	0.390153	0.1930284	0.1999961
756	5	200	588848900971430779	481.9709	1310.734	0	0	-9999	-9999	422281453109504	24.34453	24.5668	23.41812	22.1272	22.24952	0.8250637	0.5993884	0.3522159	0.1901957	1.520976
756	5	200	588848900971430796	646.0205	1325.234	0	0	-9999	-9999	281543964623104	24.99092	24.1692	23.48834	21.60634	21.17942	0.7973422	0.4856802	0.3709429	0.1202968	0.2683759
756	5	200	588848900971430801	685.7828	728.595	0	0	-9999	-9999	281543964754176	24.43794	24.08319	22.80329	21.58242	21.29186	0.8472618	0.4550078	0.205669	0.1139458	0.273396
756	5	200	588848900971430807	807.5878	933.9387	0	0	-9999	-9999	281543964754176	23.17046	23.33166	23.14917	22.02658	21.86646	0.4080688	0.2561845	0.279009	0.1698539	0.438336
756	5	200	588848900971430810	816.9495	549.6604	0	0	-9999	-9999	281543964623104	25.00164	25.20024	24.49803	22.2342	22.30324	0.8096303	0.6617789	0.6169857	0.1987987	0.532683
756	5	200	588848900971430816	852.911	1460.775	0	0	-9999	-9999	281543964754176	25.87778	24.75828	23.71171	22.16665	22.39075	0.8897002	0.6400986	0.4371185	0.1962634	0.5869787
756	5	200	588848900971430826	931.3667	1918.969	0	0	-9999	-9999	281543964754176	25.60857	23.93108	23.0057	22.17442	21.54111	0.7788582	0.4150774	0.255996	0.2003312	0.360568
756	5	200	588848900971430831	1047.78	1350.036	0	0	-9999	-9999	281543964754176	23.35995	23.27944	22.90076	21.98551	21.59344	0.4252855	0.2446287	0.2296841	0.1662785	0.3737392
756	5	200	588848900971430836	1174.775	1242.462	0	0	-9999	-9999	281543964623104	24.21441	23.57363	23.25521	22.22617	22.1164	0.7869067	0.3097546	0.306508	0.2034439	0.5204833
756	5	200	588848900971430840	1226.841	191.8409	0	0	-9999	-9999	281543964623104	25.27731	23.77469	23.78245	22.22071	22.00448	0.7228453	0.3512084	0.4317674	0.19054	0.4477029
756	5	200	588848900971430842	1229.081	1523.55	0	0	-9999	-9999	281543964623104	23.9845	23.78776	23.07799	21.971	21.80372	0.7141402	0.3665648	0.2674604	0.1642738	0.4352531
756	5	200	588848900971430846	1295.825	815.351	0	0	-9999	-9999	281543964623104	24.86594	23.92521	23.6138	22.13595	21.68921	0.8180205	0.3968391	0.3963744	0.1831535	0.3888936
756	5	200	588848900971430866	556.3954	764.6843	-9999	-9999	-9999	-9999	439804919677696	25.45984	25.51211	24.36674	24.53693	20.78665	0.6524826	0.6221852	0.6034466	0.7058024	0.4626189
756	5	200	588848900971430870	760.3978	765.0382	-9999	-9999	-9999	-9999	439804919677184	24.98056	24.38126	25.28507	25.13367	20.86106	0.8139805	0.5438367	0.5836676	0.5605505	0.4199446
756	5	200	588848900971430877	1174.49	1322.497	-9999	-9999	-9999	-9999	439804919681280	24.90795	24.22327	25.11275	24.97127	19.76727	0.8057644	0.4946615	0.6329604	0.6191056	0.0923385
756	5	200	588848900971430891	1076.615	1025.99	0	0	-9999	-9999	281544233058560	24.03503	24.75537	22.9262	23.67558	22.63591	0.741173	0.6302144	0.2311591	0.5983766	0.6111309
756	5	200	588848900971430892	1211.515	1706.425	0	0	-9999	-9999	281544233189632	24.5818	24.34268	22.93109	22.52334	21.80858	0.8357983	0.5317702	0.2377427	0.266364	0.7971239
756	5	200	588848900971430896	319.4782	1578.222	0	0	-9999	-9999	281544233058560	23.95798	23.69283	23.49385	22.7427	21.90286	0.7094117	0.3466615	0.3765378	0.3256075	0.4578155
756	5	200	588848900971430901	932.7937	1020.072	0	0	-9999	-9999	281544233189632	25.47115	25.72236	24.8662	22.30029	22.11585	0.6337703	0.5662656	0.6515183	0.2157854	0.5108756
756	5	200	588848900971430909	612.8993	956.9917	-9999	-9999	-9999	-9999	281474976841984	24.2694	25.08623	25.21241	24.12043	23.89262	0.8140566	0.6690514	0.6051931	0.7061007	0.3943362
756	5	201	588848900971495489	765.0997	352.3874	-0.004444897	-0.002363044	0.01922646	0.02622923	70437766037776	23.58967	23.22989	22.82749	22.66399	22.72486	0.5656726	0.2070116	0.2097319	0.215783	0.6127737
756	5	201	588848900971495492	801.6424	685.0939	6.143811E-05	0.001233367	0.002708726	0.003202869	71135531024	18.6328	16.08928	14.89655	14.42488	14.18882	0.0257103	0.01524872	0.0146062	0.0206038	0.02610408
756	5	201	588848900971495499	863.4023	1957.676	-0.001510258	-0.001548387	0.003035565	0.003653726	167196903211056	17.66978	15.39427	14.53907	14.25712	14.11175	0.02202976	0.01388617	0.001071389	0.01473599	0.01888667
756	5	201	588848900971495511	982.4447	1817.762	-4.09596E-05	0.004963408	0.0095431	0.007416886	68988567824	23.54355	22.84485	21.69572	20.50612	19.73056	0.5436466	0.1557417	0.08255763	0.04731866	0.0820756
756	5	201	588848900971495536	1263.807	909.1073	0.0004597639	0.002316125	0.002723072	0.003214269	71135526928	18.9464	17.4809	16.88911	16.67677	16.5825	0.02645729	0.01425038	0.01287234	0.01502873	0.02005657
756	5	201	588848900971495537	1256.856	895.3157	-0.03578264	0.01286431	0.01648394	0.01538234	228767440175376	23.66141	23.42435	22.17996	21.02204	19.91672	0.5826459	0.2470917	0.1235603	0.07295387	0.1438901
756	5	201	588848900971495564	325.6901	506.5572	-0.003640647	-0.001810746	0.003148075	0.003485122	68987912448	23.05401	20.50681	19.16896	18.67448	18.39244	0.3780141	0.02605671	0.01628502	0.01786202	0.03085105
756	5	201	588848900971495603	816.9852	454.1423	0	0	-9999	-9999	422281486668048	25.71013	24.70652	24.75801	22.59834	22.33727	0.8215221	0.5533686	0.6508971	0.2749333	2.400922
756	5	201	588848900971495613	978.5168	1527.836	-0.0007057691	0.0008151824	0.002741937	0.003220731	68988047360	20.26648	18.07316	17.20587	16.86166	16.67349	0.04456319	0.01462355	0.01299335	0.01512316	0.02030005
756	5	201	588848900971495617	1025.546	401.3853	-0.0003272396	-0.001846954	0.003583943	0.003964712	158398662443264	23.25776	20.7146	19.32258	18.09454	17.50933	0.440345	0.02860668	0.02349199	0.01622349	0.02281278
756	5	201	588848900971495628	1091.802	1913.699	0.112135	-0.4151913	0.0199434	0.01894473	281475278831960	24.32603	23.0589	23.01615	23.62941	23.22545	0.8025678	0.1871339	0.2592343	0.6007841	0.6226313
756	5	201	588848900971495641	1242.74	1305.382	-0.02363949	0.0292022	0.02538412	0.02448239	70439879704920	25.79613	23.47311	22.5796	22.14009	22.15495	0.4833432	0.2595201	0.1772788	0.1895602	0.5885375
756	5	201	588848900971495660	233.261	1819.439	-0.007749275	0.006408385	0.004210446	0.004207773	71135396112	23.91343	21.41255	19.98028	19.30709	18.91454	0.7283725	0.05732975	0.0270462	0.02342116	0.04381773
756	5	201	588848900971495661	229.406	1820.481	0.005896829	0.005917759	0.006783054	0.007344069	70439913127952	22.41783	22.05109	21.35956	21.54801	21.94949	0.2271462	0.1963678	0.228045	0.499527	0.5893674
756	5	201	588848900971495685	984.0411	993.1898	0.001100057	-0.002422115	0.005039412	0.005419752	158398662443792	23.46155	21.79752	20.26289	19.33391	18.91502	0.4807661	0.0634508	0.02718887	0.02254695	0.05546432
756	5	201	588848900971495697	1366.292	668.7327	0.002175729	0.004084964	0.004154134	0.004119135	68987912448	24.3215	21.65977	20.14498	19.09643	18.56778	0.7883461	0.05551467	0.02481813	0.02029738	0.03495837
756	5	201	588848900971495716	593.4691	817.3211	-0.005247365	-0.004720821	0.005317531	0.005268007	68988043264	24.3732	21.99343	20.62257	19.72713	19.1604	0.4816609	0.07467812	0.03417152	0.02711226	0.05047372
756	5	201	588848900971495739	329.272	1368.638	0	0	-9999	-9999	281543964623104	22.36844	25.30536	24.63659	23.40629	22.3691	0.2155097	0.616025	0.6633539	0.5124642	0.5840566
756	5	201	588848900971495756	602.6458	1678.761	0.002965987	-0.005483249	0.005549057	0.006699292	68987912192	21.71055	21.24013	20.53949	20.32755	19.85539	0.1245848	0.04248547	0.03278362	0.04121334	0.08966604
756	5	201	588848900971495766	726.5557	254.0929	-9999	-9999	-9999	-9999	439804919681280	22.40918	24.64397	25.1476	24.95034	23.02286	0.6878611	0.5395315	0.6138854	0.5842	0.601102
756	5	201	588848900971495770	900.5049	1167.012	0.001794936	-0.0007406639	0.00431917	0.004612998	68987912192	22.04723	21.17395	20.64861	20.41961	20.32535	0.1627395	0.03963549	0.0350453	0.04378441	0.1327594
756	5	201	588848900971495781	1139.162	325.4874	-9999	-9999	-9999	-9999	439804919677696	22.33605	25.17603	24.10699	24.34064	21.78352	0.5760961	0.5802298	0.5382465	0.6798841	0.421827
756	5	201	588848900971495824	144.9457	502.2953	-0.01366393	0.02782566	0.02840189	0.02774618	492650230841616	24.1758	23.18901	24.39142	22.94832	22.22668	1.060563	0.2110206	0.6070962	0.3522166	0.541159
756	5	201	588848900971495833	202.5405	843.6649	0.0226795	-0.001007279	0.03182643	0.03122407	70437765775632	24.09864	23.60038	23.07412	22.28824	21.83468	0.4022504	0.2971731	0.2629665	0.2075998	0.4308513
756	5	201	588848900971495840	218.8245	1198.635	0.02015492	-0.009842722	0.01873599	0.0184396	281543964623104	24.22539	22.96252	22.77259	22.67152	22.67775	0.7757531	0.1775682	0.2059294	0.2931803	0.6218408
756	5	201	588848900971495857	325.4186	1323.396	0.0180455	0.006912682	0.01392707	0.0108559	68987912448	25.16602	22.73112	21.84174	21.75087	21.97986	0.7208853	0.1448857	0.0925287	0.1333054	0.4841768
756	5	201	588848900971495862	349.994	1948.816	-0.01573445	-0.004027701	0.01675865	0.0235898	68987912448	23.21099	22.9125	21.89531	21.18848	21.01663	0.430082	0.1717083	0.09826996	0.08286873	0.2420351
756	5	201	588848900971495863	357.3013	1524.693	-9999	-9999	-9999	-9999	439804919681280	25.20534	22.92602	24.73451	25.06079	21.76309	0.711579	0.4525561	0.6723588	0.5889218	0.4248722
756	5	201	588848900971495864	372.1547	822.7062	0.01636246	-0.001487754	0.01348692	0.01006293	68987912448	23.97242	22.39444	21.70383	21.52358	21.86719	0.6986201	0.106006	0.08088011	0.1065473	0.441312
756	5	201	588848900971495875	444.7111	347.9922	0.02542893	0.007779998	0.01579196	0.01309398	217164284160	23.43	23.0548	22.23808	22.23895	21.80406	0.5090471	0.1820733	0.125695	0.1920827	0.4138026
756	5	201	588848900971495882	487.5936	1262.026	0.003249792	-0.005238613	0.007181625	0.007318402	68987912448	23.85452	22.36408	20.89572	20.41116	19.92072	0.6553411	0.1046068	0.04236804	0.04358673	0.09352689
756	5	201	588848900971495920	683.1027	872.3177	0.01847709	0.01909905	0.01658674	0.01349312	68987912448	23.12668	22.40176	21.31291	20.94208	20.47134	0.396269	0.1051186	0.05851988	0.06527848	0.1473196
756	5	201	588848900971495925	691.7432	743.4942	-0.00105547	-0.003297489	0.007884438	0.007501598	70437732225368	22.47231	22.15008	21.14933	20.85202	20.64205	0.2347049	0.08446403	0.04783881	0.06008808	0.1697107
756	5	201	588848900971495926	695.4343	755.4315	-0.003575057	0.03040393	0.02609515	0.01719088	211177401614680	24.21588	23.31367	22.54281	21.7897	21.27198	0.7609239	0.2268777	0.1683653	0.1341097	0.3717783
756	5	201	588848900971495934	743.2656	131.7509	0.02211528	0.02290665	0.01352415	0.01414184	68987912448	23.77151	23.17538	22.40298	22.22105	21.70677	0.6347873	0.1965444	0.1446431	0.1867771	0.3921591
756	5	201	588848900971495937	761.0453	642.7974	-0.008207537	-0.02314674	0.0195453	0.01299928	68987912448	24.49025	23.07002	22.43773	22.17769	21.84513	0.8135648	0.1832363	0.1513287	0.1860445	0.437426
756	5	201	588848900971495956	846.3657	1702.353	-0.009850254	0.01830679	0.01581551	0.01580873	70474239443288	23.28404	22.6373	21.83883	21.84785	21.48096	0.4501413	0.1309066	0.09332836	0.1469759	0.4111816
756	5	201	588848900971495980	967.207	1357.506	0.01889686	-0.0007574611	0.02068926	0.01353542	68987912448	23.35879	22.99729	22.15165	21.8145	21.42543	0.4732276	0.1759285	0.1211453	0.1412335	0.3350103
756	5	201	588848900971495984	999.8253	1631.7	-0.004513796	0.008878485	0.008090673	0.007149963	68988043520	24.66396	22.97601	21.40199	20.50145	19.89016	0.8168909	0.1738517	0.06396357	0.04704939	0.09309728
756	5	201	588848900971495995	1079.764	1061.852	0.006781487	0.008841841	0.005674486	0.005409194	68987912448	23.0207	21.64721	21.0757	20.94794	21.32776	0.364227	0.05613557	0.04827099	0.06658902	0.3084984
756	5	201	588848900971496004	1099.116	1314.916	0.004120645	0.02075443	0.01068771	0.01248212	70439879708944	22.92976	22.67923	21.83558	21.60905	21.01948	0.3393017	0.1374055	0.1022522	0.1232116	0.2564659
756	5	201	588848900971496021	1196.431	1434.539	0.01490307	0.00148928	0.01135102	0.01053044	140806476398848	22.63338	22.63713	21.88016	21.62016	21.34148	0.2657809	0.1286922	0.09576916	0.1198735	0.4508689
756	5	201	588848900971496059	1362.745	1247.698	-0.001534653	0.002354987	0.01053238	0.01246371	71135396112	24.14378	22.27966	21.63633	21.27884	21.26806	0.7457299	0.09412207	0.07716583	0.0892037	0.3002214
756	5	201	588848900971496095	86.72211	956.8033	0.01995675	0.005760249	0.0122893	0.01207362	68987912448	24.22201	23.16553	22.34494	20.97753	20.037	0.7847307	0.2116282	0.1416432	0.06778096	0.1009289
756	5	201	588848900971496103	131.5069	510.9855	0.04590505	-0.003193218	0.06034355	0.03993571	281543964623104	24.32892	23.35012	22.41732	21.71078	21.54308	0.8085582	0.2411014	0.1471688	0.1232614	0.3434246
756	5	201	588848900971496113	211.0393	761.2116	0.0224748	-0.002779992	0.04504851	0.02281088	2278815826248	23.81091	23.69399	22.54866	21.66429	20.91175	0.3737493	0.3190994	0.1671946	0.1199993	0.2098102
756	5	201	588848900971496127	284.6406	1130.275	0	0	-9999	-9999	281543964623104	24.57843	24.66418	22.5934	23.04226	22.03629	0.8214517	0.5794726	0.1757165	0.3927607	0.4958802
756	5	201	588848900971496134	336.277	878.2151	-0.004346314	-0.004445064	0.008972579	0.007231515	68988044032	24.2795	23.14582	21.73848	20.23424	19.47282	0.7878523	0.1881826	0.08363052	0.0376965	0.0636867
756	5	201	588848900971496161	490.0668	147.9019	0.02859732	-0.06757563	0.07605676	0.06045411	281543964623616	22.65668	23.61817	22.60678	22.07059	21.98379	0.2753259	0.2871996	0.1724579	0.1641866	0.462608
756	5	201	588848900971496168	509.2269	807.8328	-0.1024177	-0.02938247	0.06070866	0.04996384	281543964754176	24.71946	23.70396	22.50003	22.05754	22.56404	0.8191443	0.315141	0.1610914	0.1693145	0.6023126
756	5	201	588848900971496169	512.8279	460.0027	0	0	-9999	-9999	281543964623104	23.38349	23.8597	22.52715	21.98626	22.23644	0.4859367	0.3497346	0.1622199	0.1554123	0.5323538
756	5	201	588848900971496181	559.7082	1188.972	-9999	-9999	-9999	-9999	439804919677184	24.43042	25.93979	22.72765	24.33532	22.15618	0.8038502	0.4642543	0.6094459	0.7099838	0.5322356
756	5	201	588848900971496191	610.1636	1116.646	0	0	-9999	-9999	281543964623104	23.37901	23.61554	22.58536	23.55137	22.14574	0.4805071	0.2971208	0.1746492	0.5535589	0.5282838
756	5	201	588848900971496203	650.5761	1029.373	-9999	-9999	-9999	-9999	439804919677696	24.2076	24.92231	22.57414	24.14182	22.19888	0.7635251	0.6008265	0.2993452	0.6930015	0.5401468
756	5	201	588848900971496205	669.6021	382.2474	-0.01132399	-0.02958483	0.0562619	0.09675653	281543964754176	23.87972	23.92241	22.4026	22.27523	21.09538	0.6650886	0.3617997	0.1454667	0.198655	0.2439191
756	5	201	588848900971496212	693.8762	276.1474	-0.04202123	-0.01047863	0.02026229	0.01871012	68987912960	24.65712	23.6781	21.98332	21.03981	20.6917	0.834527	0.2989914	0.1008277	0.06806038	0.1734989
756	5	201	588848900971496228	752.127	423.4906	0.1230097	0.03687783	0.07656886	0.08645393	281543964623616	24.05624	23.52683	22.63799	21.98709	21.2287	0.7281141	0.2665021	0.1787918	0.1553573	0.2735608
756	5	201	588848900971496243	835.0473	789.1766	-0.07665344	-0.06348394	0.04767092	0.04504092	281543964623104	23.62455	23.66982	22.17085	21.72523	21.44747	0.5653271	0.3013158	0.1209072	0.1268598	0.3320548
756	5	201	588848900971496248	874.5251	1464.199	0.007566199	-0.006789883	0.01992074	0.01464047	68988043520	23.94971	23.32731	21.49218	20.80192	20.21924	0.6771331	0.2342066	0.06891505	0.05958629	0.1219684
756	5	201	588848900971496270	973.5198	1395.71	0.002342085	0.008441836	0.01210752	0.01079434	68987912448	24.73537	23.61014	22.18929	20.83648	19.9478	0.8067714	0.2930221	0.1252948	0.06128594	0.0970562
756	5	201	588848900971496287	1084.102	1573.935	-0.08997673	-0.01083023	0.09145971	0.08499928	281543964623104	24.1303	23.33243	22.58609	21.92525	21.5376	0.7414022	0.2340489	0.1771568	0.1561708	0.368739
756	5	201	588848900971496295	1140.835	224.0179	-0.08390597	0.001232364	0.07256404	0.0564063	281543964623616	23.30296	23.4122	22.56939	22.26608	21.17573	0.4549849	0.2378765	0.1676189	0.1956442	0.2662466
756	5	201	588848900971496305	1171.969	1434.609	0.1986352	-0.04848512	0.113241	0.06523897	281709320995072	24.47849	23.71985	22.51125	21.73641	22.0304	0.8074464	0.3175697	0.1657517	0.132583	0.5249707
756	5	201	588848900971496307	1181.809	969.2895	-0.02287462	0.08354981	0.05286337	0.0556765	281543964758272	23.05477	23.49777	22.13191	21.93987	21.7157	0.375926	0.2863975	0.1178155	0.1558494	0.4124531
756	5	201	588848900971496321	1221.44	236.8209	0.009616081	-0.1988558	0.05609424	0.1775662	281543964623104	22.89751	23.80915	22.61123	22.18452	21.17462	0.3305367	0.3254303	0.1738126	0.1827476	0.267176
756	5	201	588848900971496326	1242.985	1101.716	0.01915455	0.00325469	0.01904174	0.02108934	68987912448	25.97399	24.04209	22.37689	21.47431	20.64828	0.421842	0.397136	0.1451624	0.1046899	0.1768351
756	5	201	588848900971496328	1256.549	1527.856	0.07348045	0.1155063	0.1149234	0.3187897	281543964623104	24.59848	23.75809	22.70847	22.13408	21.19388	0.8144425	0.3270418	0.1966687	0.1879148	0.2829005
756	5	201	588848900971496331	1282.35	1543.238	-0.01196898	0.02805442	0.01925937	0.01548979	70439879708944	24.30842	23.32482	22.33617	21.88375	21.21209	0.7840855	0.2309999	0.1424331	0.1512032	0.3505825
756	5	201	588848900971496335	1297.972	215.4198	0	0	-9999	-9999	281543964623104	23.16733	24.27327	22.79387	22.52197	21.7813	0.4087581	0.4455332	0.2033039	0.2441034	0.4249802
756	5	201	588848900971496356	1359.539	1779.666	-0.03530695	0.01275673	0.03407585	0.02660658	68987912448	23.95514	23.9407	22.70456	21.21699	20.42107	0.6902586	0.3742065	0.1975625	0.08500203	0.1491556
756	5	201	588848900971496365	1407.007	285.2963	-0.0002127584	0.02471857	0.0193823	0.01880264	2279352566600	23.09651	23.44355	22.22742	21.28082	20.79106	0.388444	0.2445092	0.1244804	0.08427991	0.1957346
756	5	201	588848900971496366	1409.562	1215.344	-0.008313067	-0.01712512	0.01713629	0.01948498	68987912448	23.69895	24.09183	21.92932	21.2521	20.48543	0.5972585	0.410712	0.09904192	0.08725724	0.1557625
756	5	201	588848900971496367	1415.765	1077.844	-0.1030734	-0.1320997	0.2194356	0.07723523	281571949019464	23.74943	23.26208	22.35872	21.93592	21.98015	0.6164542	0.2163693	0.1428329	0.1572976	0.4971566
756	5	201	588848900971496389	95.19797	1679.919	0	0	-9999	-9999	281543964623104	24.17468	24.03574	23.50754	22.17972	22.81679	0.7657893	0.4273836	0.3801887	0.1958786	0.6428143
756	5	201	588848900971496420	532.681	1343.399	0	0	-9999	-9999	281543964754176	23.58729	24.93783	22.86453	21.7138	21.03597	0.4064683	0.6124462	0.2246933	0.1290001	0.241742
756	5	201	588848900971496453	1019.859	1283.108	0	0	-9999	-9999	281543964754176	24.77155	24.38772	23.40997	21.94707	22.21132	0.8015862	0.4956647	0.3504291	0.1583308	0.4799049
756	5	201	588848900971496461	1099.753	188.5776	0	0	-9999	-9999	281543964623104	24.87582	24.28992	22.88824	21.5495	21.2647	0.8102499	0.4497758	0.2202897	0.1047344	0.2856936
756	5	201	588848900971496466	1259.506	980.363	0	0	-9999	-9999	281543964623104	23.65322	24.56365	23.12863	22.06297	21.32582	0.5814419	0.5294099	0.2770106	0.1739496	0.3092762
756	5	201	588848900971496480	1391.631	373.0099	0	0	-9999	-9999	281543964623104	24.46625	25.00211	24.72344	22.32581	22.67479	0.8144276	0.5799601	0.6468452	0.2095843	0.6291628
756	5	201	588848900971496499	1139.005	1708.519	-9999	-9999	-9999	-9999	439804919677184	25.23389	25.36347	25.05113	23.77538	20.74415	0.6987067	0.5901472	0.6598607	0.6340093	0.2875805
756	5	201	588848900971496500	1152.214	1176.559	0	0	-9999	-9999	281543964623616	24.62933	25.73241	24.46338	22.95023	20.70545	0.810784	0.5067752	0.6356573	0.3683681	0.1856459
756	5	201	588848900971496503	1317.317	563.7319	-9999	-9999	-9999	-9999	439804919681280	25.52296	24.67169	25.36185	25.03306	20.45731	0.5991074	0.542507	0.5702063	0.5775997	0.384969
756	5	201	588848900971496505	114.549	1002.272	0	0	-9999	-9999	281544233193728	22.55185	25.92107	24.46419	24.00319	22.25252	0.2544371	0.69358	0.6322345	0.6723337	0.5444903
756	5	201	588848900971496506	145.4005	292.6689	0	0	-9999	-9999	281544233058560	22.44465	24.847	25.12745	24.76003	23.18154	0.2329215	0.5975587	0.6144225	0.6347945	0.5637606
756	5	201	588848900971496510	1327.8	279.0757	0	0	-9999	-9999	281544233451776	23.66237	23.33038	23.33398	22.78253	21.92037	0.7751223	0.2226147	0.3184306	0.3048529	0.465655
756	5	201	588848900971496515	299.3028	83.9074	0	0	-9999	-9999	281544233058560	25.60039	24.13812	22.79772	22.66523	22.33968	0.5892306	0.4258107	0.2027249	0.2734053	0.5435846
756	5	201	588848900971496520	443.9995	1109.348	-9999	-9999	-9999	-9999	281475513581824	25.40465	24.54388	23.98825	22.43531	22.20723	0.6356061	0.5467104	0.5173829	0.2390794	0.5416442
756	5	202	588848900971560973	176.1987	1751.151	0.2817439	-0.03529134	0.1234686	0.07782699	351912742752600	24.24714	23.86196	23.44533	22.27906	22.87234	0.7729549	0.8860108	0.3480914	0.2164639	0.6744705
756	5	202	588848900971560982	171.4619	1000.239	0.03164306	0.04619062	0.03594322	0.02964835	211175254135128	24.83558	22.94569	23.05308	22.08405	20.74739	0.8009435	0.166494	0.2853509	0.2201675	0.264061
756	5	202	588848900971560988	298.255	971.474	0	0	-9999	-9999	281543998312720	24.45187	24.23858	24.96323	22.25522	23.2064	0.9968825	0.4417959	0.7626417	0.2309886	0.6203493
756	5	202	588848900971560990	274.2334	1055.325	0	0	-9999	-9999	281543998312720	24.61993	25.03944	22.94841	23.23973	22.72919	0.8165014	0.6167802	0.2502302	0.5152326	0.6598635
756	5	202	588848900971561003	269.576	278.5943	0	0	-9999	-9999	448671879925776	12.99895	11.84437	11.41086	11.31634	12.27372	0.01447758	0.0002436571	0.0002080229	0.0002410101	0.0009133198
756	5	202	588848900971561005	363.5078	290.3626	-9999	-9999	-9999	-9999	448601012965680	22.3484	26.01913	25.22356	24.28664	23.15005	0.4937197	0.7441456	0.5967785	0.694514	0.6208284
756	5	202	588848900971561013	277.6611	337.2333	0.04349495	0.03313622	0.04610893	0.0725914	351912742752528	24.81804	24.94617	23.41379	21.66567	21.1693	0.8119774	0.5432928	0.2797294	0.1344283	0.2742769
756	5	202	588848900971561015	346.1987	309.8177	0.02650625	-0.03742647	0.02379777	0.02489938	70437732221272	23.20871	23.32032	22.11228	21.77175	21.27655	0.4215102	0.2217352	0.1120561	0.1307883	0.2993427
756	5	202	588848900971561018	269.356	377.1339	0.01187638	-0.005509858	0.01199147	0.01253936	70437732487440	23.06096	22.7691	22.49249	22.32005	21.46947	0.9717116	0.1391669	0.1558881	0.2110001	0.3537124
756	5	202	588848900971561046	807.6103	1580.126	0.0005442472	0.0001781717	0.002549371	0.00308571	68987912192	18.81247	17.0436	16.37433	16.1665	16.05107	0.02143169	0.01403362	0.01209082	0.01185256	0.0214466
756	5	202	588848900971561048	811.2578	1098.934	-0.001063966	-0.00140629	0.002537513	0.003079427	68987912192	17.37932	15.72899	15.0061	14.71438	14.53584	0.01623938	0.01382962	0.01194974	0.01166578	0.02091896
756	5	202	588848900971561053	941.1806	1729.679	-0.03100203	-0.01488728	0.03185581	0.02870083	70437765775632	23.81137	25.09357	21.96138	21.75132	20.71432	0.6565274	0.6014978	0.1346877	0.1812386	0.1854084
756	5	202	588848900971561093	1227.313	1038.125	0.005194192	0.003161828	0.0070089	0.006727818	70437732221272	23.11397	22.23275	21.16401	20.61027	20.12572	0.4209394	0.1008179	0.0604727	0.055333	0.1198092
756	5	202	588848900971561104	1287.127	1410.793	0.02849673	0.02069826	0.01463637	0.01797971	140840869957976	23.5391	22.70341	22.34508	22.38745	21.40859	0.8254707	0.1362449	0.1980291	0.3901076	0.4627019
756	5	202	588848900971561117	1333.073	1405.06	0	0	-9999	-9999	422281486930192	24.40984	24.21178	24.95814	22.40412	22.11568	0.8524089	0.7883837	0.6400995	0.2421117	0.7187793
756	5	202	588848900971561170	147.1535	1304.529	-0.001809587	-0.0008807257	0.003663678	0.003410846	68988047632	20.46784	19.66489	19.22716	18.99676	18.72837	0.04811754	0.01825257	0.01627675	0.01775624	0.03947093
756	5	202	588848900971561181	338.3293	1127.056	0.003131266	0.001805448	0.003429234	0.00368114	68987912192	21.57787	20.35239	20.1464	20.09305	20.01411	0.1109426	0.02387219	0.02474471	0.03405442	0.1060739
756	5	202	588848900971561186	527.2158	144.9599	0.003814412	-0.002682867	0.002942814	0.00334715	68987912448	23.28847	20.52262	19.08056	18.52225	18.17321	0.4333529	0.02558441	0.0153475	0.01478028	0.03001881