588848900971299301	21.04421	0.8216865	4.894411	-0.09423522	-0.0575157
588848900971299306	22.94662	-0.3393982	-9999	0.1743004	0.07961669
588848900971299342	20.50923	2.293021	7.966216	0.1212286	-0.1621905
588848900971299353	21.39329	2.018493	4.214863	-0.2222404	0.1665443
588848900971299386	21.40981	2.001664	5.113713	-0.1780402	-0.2954448
588848900971299411	21.29708	1.947297	4.188925	0.08438405	0.1505751
588848900971299435	20.63923	8.205412	4.060781	0.05287465	0.09464929
588848900971299487	21.49183	1.705991	6.843859	0.2070837	-0.206801
588848900971299504	22.20247	1.247378	3.119126	-0.02725049	0.06750958
588848900971299507	21.65183	0.8545554	3.82298	0.01376144	-0.09403697
588848900971299518	21.57048	2.363302	-9999	0.2309112	0.01898983
588848900971299573	21.49572	1.2234	4.18241	0.0005615394	0.05564138
588848900971299579	21.40789	1.315947	4.764098	-0.04183996	0.001313556
588848900971299580	22.06417	1.07968	-9999	-0.02781959	-0.0542445
588848900971299638	23.5076	0.2493445	-9999	0.5948871	-0.5906786
588848900971299719	22.67636	2.199324	-9999	1.487533	2.554839
588848900971299720	22.41352	1.020455	-9999	-0.4552319	0.1414234
588848900971364373	21.58336	2.363534	5.22387	-0.0918032	-0.07295585
588848900971364376	23.43077	2.128318	-9999	0.2054938	0.4868911
588848900971364412	22.83928	2.320629	-9999	0.1355546	-0.03272521
588848900971364460	21.69497	1.861395	4.107234	-0.1951038	0.007656843
588848900971364554	18.10697	2.140553	10.57535	-0.03292361	-0.01781985
588848900971364596	19.02225	2.767409	10.40579	-0.003887103	-0.2241074
588848900971364615	19.65038	1.345792	5.947053	-0.0564684	0.008573145
588848900971364641	19.53039	1.612658	9.115395	-0.1325266	0.01492954
588848900971364727	21.26701	1.602525	4.616726	-0.08212651	0.01951401
588848900971364731	18.82803	3.796349	12.94562	-0.2568412	-0.02497571
588848900971364764	21.33356	1.454241	4.611196	0.0855718	0.01979963
588848900971364787	21.26106	1.114401	4.557316	-0.1418744	-0.1177519
588848900971364789	21.32296	1.328086	4.265528	-0.0097087	-0.0580094
588848900971364828	22.05921	1.767022	3.210189	0.06653187	-0.07187367
588848900971364850	21.13307	1.30973	4.636383	0.0233169	0.01729282
588848900971364865	20.24744	1.30521	5.62849	-0.01633784	0.07852057
588848900971364913	21.96959	0.3861012	3.290392	-0.01900037	0.1137871
588848900971364918	20.74366	1.402979	7.146873	-0.2629086	-0.000843665
588848900971364962	25.77621	2.363534	-9999	0.3093544	-1.207567
588848900971364963	22.03807	1.365246	-9999	0.02089861	0.1224229
588848900971365015	20.71028	2.364995	6.284237	-0.1989479	0.1250407
588848900971365020	21.97541	2.385383	-9999	0.04666737	-0.05802735
588848900971365034	21.31143	0.7186493	4.802564	-0.1607289	0.1334528
588848900971365059	22.57197	1.165972	3.133847	-0.3311212	-0.1571758
588848900971365063	21.90317	2.363534	3.856531	-0.04558802	0.04881685
588848900971365070	21.95027	1.198919	-9999	0.1569256	0.115434
588848900971365089	21.70436	0.3100886	5.471747	-0.2252257	0.3617774
588848900971365091	21.14906	1.87496	4.650534	-0.1279195	0.02264901
588848900971365113	21.24682	2.363534	-9999	0.2924086	0.1204765
588848900971365115	20.84134	2.320765	5.220319	-0.07335003	-0.09092226
588848900971365130	20.6797	1.783609	6.241572	-0.05479012	-0.01823439
588848900971365145	20.90929	1.907831	4.92376	0.01916818	-0.1986291
588848900971365152	21.76084	6.278471	5.794773	-0.07516875	0.4221905
588848900971365156	21.51403	1.516982	4.551786	-0.2003986	-0.1319296
588848900971365159	22.34154	0.5551982	3.460198	-0.2288971	0.04947357
588848900971365162	22.09432	0.05931328	3.471285	0.07702919	-0.4626982
588848900971365176	22.29426	1.321891	3.265318	0.3481549	0.04079183
588848900971365191	21.88048	1.62877	4.137736	0.06074752	0.09081081
588848900971365192	21.78151	-0.8688165	15.7129	0.03233439	-0.3546284
588848900971365198	21.89825	0.6645485	-9999	-0.2316586	-0.1286691
588848900971365210	21.8674	0.7793964	3.671496	-0.306387	0.03915682
588848900971365226	22.61917	4.333927	-9999	-0.05587775	-0.1134114
588848900971365275	23.51137	-0.1481276	-9999	-1.131657	0.07498815
588848900971365287	22.38472	1.343336	11.1156	-0.2993135	-0.1037981
588848900971429923	20.61275	2.259046	6.205156	-0.1380861	-0.005729867
588848900971429942	21.0876	1.949826	-9999	-0.1112958	0.3043403
588848900971429993	23.48737	0.5067067	-9999	-0.05334401	-0.03622436
588848900971430016	21.41777	2.153744	3.911257	-0.08073106	-0.06801023
588848900971430021	20.62667	2.363344	6.594363	-0.1263227	-0.2270178
588848900971430053	22.28284	1.629344	3.089718	-0.1705734	0.006354782
588848900971430081	22.03309	1.178953	3.157224	0.02194465	0.02911458
588848900971430111	19.89236	1.756343	6.356686	-0.09094462	0.01863834
588848900971430136	21.09127	0.9335993	4.162087	-0.03998335	0.03079029
588848900971430186	19.87712	1.396084	8.469684	0.06737607	-0.02926012
588848900971430238	25.14847	4.333737	-9999	0.2729003	-0.1949527
588848900971430243	20.77361	1.035232	5.083159	-0.006314551	-0.02568315
588848900971430287	22.44842	0.5041662	3.148261	0.05113196	-0.3483987
588848900971430291	20.37989	2.419048	5.573813	-0.05810752	0.0985784
588848900971430314	22.00179	1.269477	3.663064	0.1414435	0.08143646
588848900971430320	20.12793	1.627064	8.790792	-0.05378344	-0.2183485
588848900971430330	21.38536	1.178428	5.253063	-0.1682674	-0.121894
588848900971430333	19.90732	1.631929	7.228103	-0.08795166	-0.02511345
588848900971430345	20.59486	1.314694	6.284351	-0.1054114	0.02901715
588848900971430347	20.5366	1.945873	5.361182	-0.08570049	-0.07637814
588848900971430348	19.72059	2.473331	7.847341	0.01967776	0.06777685
588848900971430350	19.8473	2.822853	13.01134	0.339122	-0.2926179
588848900971430366	20.54426	2.578031	6.202489	-0.07265817	0.01569067
588848900971430374	20.55723	1.355814	6.907671	-0.1914665	0.02428552
588848900971430383	21.78843	2.363344	4.333954	0.02239125	-0.02911668
588848900971430408	22.00613	0.3566045	3.711223	-0.1287763	0.011375
588848900971430415	21.19451	2.671485	6.636704	0.3008643	0.01574007
588848900971430441	21.10369	1.300876	6.68231	0.3416109	0.1434782
588848900971430454	20.71503	0.8803483	5.279562	-0.02750317	-0.1083732
588848900971430468	21.82944	1.232817	3.997693	0.1794823	-0.2263034
588848900971430481	20.60007	2.431313	6.492856	0.0898254	-0.06142416
588848900971430487	20.37363	1.504051	5.354054	-0.02633849	-0.0260216
588848900971430508	22.15999	2.363344	3.617912	-0.1070967	0.08261731
588848900971430529	21.62774	1.568619	4.091484	0.06741463	-0.01742725
588848900971430530	20.72912	2.584414	5.345857	0.02309585	-0.09243663
588848900971430532	22.37843	1.302077	3.00845	0.1519001	0.04050786
588848900971430585	21.92352	2.363344	3.257692	0.2626478	0.1774744
588848900971430614	21.9538	0.5636567	4.02771	-0.01177728	-0.01235445
588848900971430622	21.7345	1.11121	3.582726	0.1068204	0.05353029