xeMK_LcovNcMpkSmWgVDiZBhV	9966	7695	8156	8140	2218	7852	2205	6264	9237	2409	5805	7552	8830	96	3601	4681	6623	1937	5623	5536	7802	5416	9175	5615	1006	5339	8947	1977	594	9146	7849
Wh^DQhYHnx_BLSxxtbn	8613	3680	1326	2530	8028	2902	4686	7504	902	8587	106	142	999	2939	5973	7345	2373	9553	774	9293	4616	9916	2424	2811	2521	1277	6500	4899	4966	295	1672
WEvGJFZwPhujvgOeSfLehSccM	6234	922	6675	2706	3405	7265	9410	8177	5791	5401	7328	203	9006	5034	9331	3094	8198	5478	2887	3552	760	9479	6469	7810	9170	2277	6528	8447	5548	6047	148
yJYsUXhvwbik^lhB	8253	5404	8949	529	8703	2150	2533	4279	4348	3084	589	3299	3105	6042	6745	6118	4840	8819	3261	4377	5824	9351	4376	9310	5735	7693	3011	5844	706	3975	7761
mJEA[JPFf\uZRuZyJ^\A	4840	7061	6192	7863	5383	8820	3945	1208	5488	7175	9926	9530	4760	4489	819	4951	2719	2917	2020	6404	2348	2747	8311	8336	9333	3447	6148	7045	9238	5247	4541
ACBgKecu\drPc_QxZrM	2729	2600	7960	1574	6409	8680	6634	422	2089	4142	9908	8101	6892	5669	9832	5748	790	9861	5756	1528	3229	6380	2871	5477	2025	2040	7489	8580	259	9035	2086
lAJRmPurrd[ZQbjOuFgeIl	9708	3710	5045	3235	9138	6957	1969	567	7424	3148	8333	6418	1578	5107	3996	3125	1586	4652	2722	8837	5279	2259	5559	183	5401	88	1188	4898	6554	7114	99
WEvGJFZwPhujvgOeSfLehSccM	8918	2464	6888	9749	4765	7672	4044	3342	708	1822	5215	6418	1440	3225	8254	6107	4045	27	1861	6290	9169	2333	8695	4485	863	6695	8049	4224	9679	2455	5612
DwCBshGVwBVbuJfbdfjnHL	995	2362	3048	523	715	5621	5410	3643	91	7270	1906	4846	6424	276	5078	6623	8174	7457	9146	3317	2052	3351	6689	5344	2171	2364	9689	5914	8285	3631	1114
nTbXXrp[pomIEGHuOyu	9732	632	6399	9670	3040	4983	9642	4313	936	9308	7694	1303	1000	180	6062	8620	6361	6765	4383	6839	2266	9142	7639	538	3513	2594	5278	2007	3898	5093	9615
Wh^DQhYHnx_BLSxxtbn	4679	9330	6694	646	2609	5068	878	7748	1008	8420	419	2949	2696	349	8621	7369	7495	9015	8334	7262	2838	8154	6166	88	9719	8602	2779	6599	1607	7218	5246
PiBouImWna`_[jq	2113	8315	1643	3065	8691	6243	7828	508	9407	990	9143	5148	3673	9782	6746	6251	616	2185	6594	4511	2996	4228	5722	8769	6901	9097	652	9321	1386	4777	6181
VLMyanmWvsQNKDOaU	3910	2022	9996	2489	9250	616	1530	3508	9333	1927	9170	545	964	2512	4047	9947	5327	6619	4245	7335	3439	5738	5683	7827	88	1561	7457	3161	2934	3309	5888
WEvGJFZwPhujvgOeSfLehSccM	7220	2766	8455	641	3268	5446	283	1548	590	8207	5305	1157	287	4789	3327	4499	6149	7462	3357	4379	7891	34	7078	5750	5435	539	1677	9407	7346	498	3256
d`GRDBRnFFl[eZmp\lCKDT	1312	8268	8499	2508	9219	3632	4557	903	9319	2973	2906	633	2410	7136	6278	4039	8891	2101	6499	4071	3610	5790	8290	499	9932	250	9703	452	2421	9710	1256
xR]RYwAIQUoPRQ_YfMB	2530	9741	4602	6837	5052	9897	405	8306	121	3056	6584	7504	1835	8058	6353	1305	2065	5223	9387	4725	1935	2436	6137	8755	8536	4261	730	5310	2278	6874	8389
btCrw]tYFo^hRuAubPH]msgG	1708	7936	1009	8608	7211	4561	5126	9142	4830	3985	6690	4106	5931	2831	4227	2088	516	3542	3614	8376	6900	746	3395	2090	9296	8984	4349	6281	1464	6920	800
f`cWi_SSDbAY[rSgML	9806	8247	2284	4231	5725	4036	4126	5597	2761	131	7164	6809	6181	8537	5628	1405	765	9120	9952	5730	1895	2673	6339	5531	4627	7469	2747	342	6061	3917	5910
S]SjtDNFnffTbb_m	4399	5467	8732	4202	4890	7643	5037	6201	3688	6177	4344	8316	7217	9002	3746	1719	9607	6381	9083	2183	9400	5340	9037	4048	3291	5539	6475	1492	4879	4662	6852
KbKTVeEDIudDObUYblJGVN	6696	1519	9973	8647	317	7578	9172	8565	8124	5219	660	1568	8142	7496	747	906	6	1982	1082	3360	80	4809	169	1817	5012	6547	9532	1236	4497	2353	4178
ETahSMQZhCreocJT	3376	47	6404	3906	1443	3534	580	1984	9146	6362	6209	5168	1318	9904	499	1563	4358	4676	365	9684	3488	2584	6442	2872	4693	4036	4210	4477	2322	8861	5668
PiBouImWna`_[jq	5489	8788	8642	4672	7600	7915	3235	2350	2821	4744	3589	306	7972	2301	4109	1143	1170	2189	7553	2795	3909	8270	9465	426	2775	9175	1615	2278	8227	4642	1183
`ff`A`JdpwlmpsttsX_eQP	7098	5661	6055	9426	3251	6680	854	4072	1851	9890	8478	8508	3700	3291	2709	986	7620	8375	1679	3421	577	7612	6405	6325	3094	8129	4657	5650	8492	7697	608
WEvGJFZwPhujvgOeSfLehSccM	5693	4566	3414	2853	1347	4508	9388	2209	6393	8040	1322	7550	6208	1141	171	6348	8257	4857	8376	2134	96	3718	1136	4978	5499	6997	8287	7712	4842	4794	6057
AIyuEKgY[iJtPsIhk	7339	6193	2872	3877	3567	3023	8937	6388	8322	8389	9403	7289	1518	4117	4571	9150	4737	1590	9529	3074	1532	4124	181	8116	3393	3105	2947	6598	7732	1887	9240
lrmpUqhq\OisSP	1887	9724	5566	3065	3415	9314	8803	8465	9562	3272	2341	3164	2050	3198	1938	2949	8668	7719	7700	2839	4150	3656	8988	6367	208	3430	4395	909	8315	9547	7507
xeMK_LcovNcMpkSmWgVDiZBhV	4425	3421	9251	134	2641	921	2092	81	2399	2397	4243	7516	924	3207	2447	9051	2606	5905	8994	4124	2884	6319	488	9064	4502	77	5334	2577	7335	9571	3165
Pn_wekjP\oGdFHVJ	9041	4019	6023	8269	9830	2954	8427	5719	8709	7577	189	6653	6500	4125	5591	6012	817	590	5182	3959	2359	4863	6190	9630	8199	3609	8466	7609	9265	6373	9050
GqMPdUBE\hLCglQyv`K]cK^gE	1788	7583	2768	5624	329	6904	5663	6103	8575	6065	1168	5463	1905	5616	8525	8014	7713	3611	7860	6785	6389	6376	323	3739	8949	4772	3066	6374	7066	889	3532
L[^HHrSqXKd`\CfVYtTgAU	3107	8498	8544	2793	9956	921	8087	4139	6726	793	1320	8613	6204	9574	5326	6317	4520	2055	6565	7131	7921	4179	556	4807	9085	932	8147	3548	9735	9991	8877
DwCBshGVwBVbuJfbdfjnHL	8433	5914	7006	9085	8621	8405	4248	2702	9531	5120	3432	722	8632	6361	4847	6273	3530	8822	8952	4543	8114	7432	8761	9835	7210	3931	8112	2348	1910	866	183
mXbwA^u_]_F^J]Ppf	1049	4207	6188	4380	8458	5692	598	9640	5102	4385	1417	8605	8393	2300	6448	776	7663	1515	3738	6876	5799	449	8901	1128	921	2016	9427	4386	3231	7181	9336
ACBgKecu\drPc_QxZrM	2738	7257	6109	4157	9122	744	101	9009	2486	1141	5623	3483	4008	594	1361	8170	2459	9628	8555	4551	8796	4568	9336	3893	1027	86	8804	5840	4608	1008	6500
NJYgcK`lZjHHkHWsV	1293	3924	9646	6861	3288	2764	3535	9438	2625	4905	8280	3277	3277	9426	9542	7344	2288	29	6376	9840	3906	581	973	1226	5022	182	680	7801	7406	3695	9503
KURFQrQqL\HanNuDm	5763	2291	7788	3840	8769	1877	3695	1889	5718	9020	8024	7624	1036	8726	7311	4681	1721	4047	5031	6177	6058	5432	2172	1482	5434	9712	1810	7541	5178	9037	3659
DmdGCAFyfgZvUnE	6903	556	9129	382	9430	5523	9535	2690	2682	5904	306	359	6268	21	7412	8385	6805	5672	3992	6502	68	9200	4884	5325	5142	3237	3231	2770	668	7155	2403
__xXQ\JHR\_tZod	9587	9605	3783	3420	7047	3108	5713	4839	3408	5223	2310	1351	1720	9716	3782	2479	8613	7160	2155	5095	967	1098	2042	4855	9318	908	49	3963	8230	7611	360
juEBIDMNC[VtVeypELw[I	289	9327	4929	8958	6594	9622	1074	3664	9089	7410	3457	3425	198	435	6765	4338	7080	8077	9623	9928	6115	9828	323	4170	4418	2800	6152	2318	6420	6058	8827
DwCBshGVwBVbuJfbdfjnHL	3297	4767	3817	8023	8895	9659	9696	5619	5963	814	572	1871	467	6587	2448	3133	4894	7956	1385	2075	9005	2146	1804	2030	1404	4874	635	8727	3743	9864	158
FP[`NVrmp]EJEhTJQLTTKgGEB	7864	2218	9683	1599	7139	4772	3284	9774	1864	4036	2411	6180	9266	2195	5069	5680	9100	2098	1997	144	1155	2271	6130	7430	5191	6205	5253	6852	746	9984	6304
tZNtVeV\VQvT^BReHPPFhhjhJ	8288	5266	396	5260	911	868	5449	2342	5134	3203	641	2889	9999	1412	837	6032	6494	3338	5069	1730	196	63	8719	4943	7808	2953	1496	8098	3214	6327	7007
mJEA[JPFf\uZRuZyJ^\A	5723	8369	446	7602	2017	6229	9024	3341	899	8950	3792	9722	4877	9100	1603	3969	6430	5630	497	2477	358	2889	4771	5321	4696	3226	8693	4644	8569	3550	4373
OcbAl`WSvwLnP`lDbg\A	4530	9455	6192	8241	2054	3045	4607	4936	15	4128	2114	7620	2978	9066	1202	2395	2887	8627	3479	6085	5113	7291	2620	5339	2244	6582	8670	9818	2645	5863	5741
_WedkQbmoFGbqSqeKe]d[lgk	7523	1152	3604	5273	2810	1144	3935	9488	4156	1902	8327	6266	7815	5752	9395	1245	4088	2207	5449	3990	9329	5855	2500	6526	6899	9459	4398	3910	2868	7453	7559
OhvGxBFMphdenvyesfO`Wdo	2667	4967	3432	8849	5728	1729	2173	2374	918	339	2834	5540	4215	7918	3940	7816	455	7552	4316	4955	7506	3197	395	881	9729	9861	4016	9462	9699	1187	8750
wObTBO^gkK^]ruUGJEdFj`RPx	3307	128	8194	3100	3774	2068	613	9734	9231	2202	4832	8180	4531	3194	9762	7872	7873	9583	875	2420	9861	3060	7694	8877	9000	6152	8960	5323	8808	5147	1207
gIAta]gESMkxxuArhWa	4939	8648	5225	6389	3942	4125	8428	957	3970	1337	1583	7885	4378	9503	2240	7284	2480	4139	4934	9162	7122	5139	9460	5042	9335	118	4583	7001	2944	2814	4661
Pn_wekjP\oGdFHVJ	9550	5591	5139	4703	2847	2039	8072	3693	7604	5664	3604	3315	1245	6625	7271	1995	6239	8221	6071	7614	7390	614	4234	8618	7600	83	6406	6012	49	6218	3912
RCNBJUlmVNwQUGES]BW	4595	9049	9811	5012	5499	4281	4304	2907	6771	8859	876	7298	2034	890	7482	6761	2170	1243	9721	1548	7941	2111	1247	1677	5383	7309	3424	5420	9648	4538	7479
HSvVeYTiuB^vFY]SQ	5887	9495	2825	3513	3440	9268	5573	5142	6869	7836	6359	1156	8158	3502	4910	5212	5244	4280	1806	8036	4706	6956	139	3448	2517	237	5418	9156	4285	66	3827
kksqsQG]Ff[gHePEA	2784	9399	318	418	7854	9870	4949	8948	4681	1512	1451	2284	9102	5970	7252	8803	596	9173	2377	1035	2314	9551	6193	2949	7067	8812	2427	4838	8091	8417	448
ACBgKecu\drPc_QxZrM	3729	9250	5634	4982	105	1985	1471	9975	27	7883	5439	1702	4143	3888	6060	7355	3262	3936	6433	849	38	3965	3707	8226	2773	5900	9272	2668	5337	7748	5435
VOetR_ulqqhkBTfCi_	2064	2368	6210	6868	4442	8028	5049	5548	4857	360	8961	3206	115	6044	4675	3363	2723	3838	6889	5475	6482	5783	495	1641	6973	6964	7332	9160	437	6019	7542
fXCgXc`On_cTvcDQRftHDpE^c	7822	4769	4467	3294	8743	5897	5061	2665	1436	9282	7592	2655	6380	8236	8094	5517	2656	1198	8630	4951	6201	5804	8583	4271	6036	5554	161	4333	3575	2520	8384
GwFrImcbIKJlUsSymGiD[	6722	3349	841	6505	3047	3352	1793	4317	7116	8413	4012	8508	1192	4331	8154	9871	8658	2990	6554	8227	836	1697	6912	4851	6330	6274	6656	5024	2480	2145	2832
CTNvOVBtatdyCixXuw	7531	5480	2084	8391	1787	1697	6076	4536	6299	3910	445	595	1303	5488	5726	1712	3421	5174	6596	7528	9645	9043	5531	4713	8059	1046	1964	1297	2603	4301	2839
eKqlPukubewqL_N	6724	218	9843	7419	3377	9226	6153	2994	5389	4146	8399	1774	8633	9069	4730	4067	1038	3723	632	9920	9054	8440	7473	798	7192	5098	3608	9055	898	914	9385
dOfLh`GilRMqZHG_[m[tdfxt	9316	378	8850	4302	2456	8007	3235	6230	8046	1853	1664	6181	2126	7535	5054	3189	6617	7932	9532	1161	4172	1581	4531	8222	4555	2611	2806	3499	6712	8955	8945
VXGa_dqyv[rlj^HRxZ	9690	9000	5005	3329	4122	4300	8151	8469	1987	6095	7946	3338	3489	1858	8127	8884	7081	3837	4424	4432	7608	7620	1936	2360	73	7700	2428	2333	2829	3636	5550
xwWf_dr[yKwoqaefh]iSIr	5887	3635	2279	8744	9985	9161	6966	1268	8628	7864	1446	6200	4307	7918	9377	5785	7107	5956	966	2148	6068	3470	3891	6419	3822	5018	6029	6264	5875	990	6708
mYRbfnO\JXnCJcsOouL_EEQT	9501	7984	3935	3160	9239	8580	3746	4388	2625	3410	2805	8436	3882	5442	1565	7598	9788	7333	4952	4096	1961	3111	8575	5795	8720	7230	1506	3258	6151	4026	2336
BKCtPrmxe\grLOWbOIn	554	4474	5305	6047	2861	7031	9784	2475	8896	1689	5647	4749	4966	6299	4546	408	8183	8856	3065	7409	2857	1823	5132	8065	8648	3825	8935	3873	6462	97	743
xRwBuFcejf[SxY	1468	418	1200	4183	2199	7187	5236	6660	5720	4761	8310	796	3025	5788	1750	5618	2326	5525	6684	1577	6653	4051	9565	4167	7949	1922	7426	1812	7490	5	4520
tfV]MsY_yxL^Vfm	7926	7346	7821	9036	6146	7852	5245	9353	1991	8845	4893	372	2285	4192	273	157	9429	4572	4294	8238	9465	78	5541	9404	2495	1282	8176	9556	6517	3897	4162
dOfLh`GilRMqZHG_[m[tdfxt	3391	2898	1445	7853	239	9680	8401	4556	660	6450	8375	9879	3344	9492	8512	5737	4053	3233	5865	5393	3703	2651	3341	8767	9677	3728	2030	8084	720	3046	3949
xeMK_LcovNcMpkSmWgVDiZBhV	3957	345	2642	7804	2342	4898	1426	2432	5054	3015	9728	6690	8170	5886	6544	5926	1300	7339	7520	8060	1904	4232	1225	4973	7226	539	6205	2491	1642	117	5177
DwCBshGVwBVbuJfbdfjnHL	7181	298	2265	9822	6655	877	5069	2339	1036	42	1278	3146	228	5919	7628	8504	4904	6300	2314	5639	6475	8322	8715	1648	1698	3156	3749	1040	3604	3785	6273
MbM_GGRhIZrMH[	9627	1161	8308	3507	2752	2905	5072	5341	9947	6159	1346	1339	9995	9993	1177	3554	4861	7938	2086	7977	6643	6043	6505	9287	3937	1573	9048	856	410	6948	2745
uEN_jIQ\fwRYTMmxjEkR	1890	4539	5178	1285	3506	4034	3687	2134	3900	7096	1714	7110	8979	7082	7575	3364	8714	1126	3429	1359	617	3071	5754	761	9432	7926	5848	9286	865	4482	2947
KURFQrQqL\HanNuDm	1476	3222	3786	1578	2385	7320	2951	16	4369	4550	2427	5434	4141	5986	6965	1383	503	5417	1182	6192	5101	5824	3847	9048	2903	6327	6829	4395	1990	5991	2423
xeMK_LcovNcMpkSmWgVDiZBhV	7742	3087	5927	4131	8435	9981	3458	2771	3490	9759	2721	8350	9245	9524	9735	8524	4663	7901	1800	777	7460	3935	5946	5568	3163	2110	2293	4385	4295	8147	2323
ZPVW_Y\iXjHnb[l	1572	6158	7011	6961	1240	7234	1558	7218	5093	3912	1862	5030	5493	3607	9930	1527	156	5727	7299	7707	5864	7930	3291	7922	1088	7421	2792	9411	9095	1222	3687
FNmiYKrDqPa[oV	3339	7030	8206	93	7210	9259	1434	2889	2123	9694	1679	3805	7869	972	328	7500	3322	6010	5053	6049	5623	7401	5455	80	5808	4403	5673	8106	590	349	3390
t^ZlMjwZ^KiyqCb\V	9469	2717	1331	136	604	5284	2821	4139	7199	3056	8158	1056	1792	7252	1786	3971	5117	6308	3960	6850	6199	6056	8025	3851	6000	4407	866	6274	796	5836	4469
WEvGJFZwPhujvgOeSfLehSccM	2448	4444	7520	2872	326	5343	5440	5591	9812	666	7102	59	9249	6934	6620	418	4298	711	5461	9558	4745	2681	3393	6919	1456	1284	8029	3747	5484	8809	3813
jv[jNo\eAHWbfDwHCjPwO	2669	6853	9469	5759	2102	2568	2811	3636	5641	324	7844	2454	5997	6039	9136	3512	1193	7102	4598	3747	2696	3451	9635	8017	2677	3631	8211	8940	5695	7728	7686
hme_opJgtRYfaB	9793	566	586	5072	9586	6705	8676	4570	9105	9156	8957	6612	2179	3689	4120	6849	2045	716	3678	3928	9959	4427	3191	1055	892	8328	4318	1329	7192	3541	4704
eOuc[^TFDyGqXVuKLyAsVel	3088	5063	4217	8229	3899	6667	8290	8713	5325	6944	3193	5365	2255	7061	3239	9439	9800	2563	9229	5797	6549	5437	982	9166	3599	4528	3865	8557	3418	9173	8774
DwCBshGVwBVbuJfbdfjnHL	2151	4184	8851	4761	6234	1639	6902	3406	2080	3857	8635	2159	1261	5988	7646	2732	8714	6627	4272	8536	9709	2848	3411	8038	6466	1600	3593	1037	1829	6570	952
xeMK_LcovNcMpkSmWgVDiZBhV	2329	3404	8220	5031	1907	1198	2116	2187	3300	8177	6173	1844	9790	8402	9295	5229	8784	7926	1117	6839	4432	2860	5731	895	6208	9567	7415	8701	1595	7203	2121
WEvGJFZwPhujvgOeSfLehSccM	9748	5941	6251	6047	3059	8164	7141	8559	3404	5166	5509	3274	7747	1348	9663	4442	6012	8568	7336	4060	9503	5938	5610	9806	6789	1944	4142	3504	9000	659	6079
PiBouImWna`_[jq	7166	8511	6006	6947	42	2206	3649	6054	8658	9775	8622	3398	4007	141	3372	8066	274	1326	5360	8728	1335	7395	6524	5643	5492	2583	4971	4587	112	7342	9233
ACBgKecu\drPc_QxZrM	6028	8175	7049	2453	8057	6264	7016	6171	192	8281	9916	9547	5352	3225	2020	7069	7383	9059	5488	6140	5256	2898	1156	1174	9398	6325	8546	1673	4654	892	9907
cpkkkgTvFywo_vghBaI]Py]H^	9998	5240	6643	6364	4218	6209	5303	4772	4974	2383	4791	2739	9627	1940	9901	9233	8071	1262	2944	208	2167	20	271	6540	8391	3415	3109	4220	5598	4739	7812
ZD\]t]QHw\PXijNq\	3239	2123	3326	9834	3024	5344	7508	2281	8859	3456	6225	9406	2943	7360	3278	1910	5542	3752	804	4515	6362	8929	1728	9719	8312	7895	5343	4694	8848	5096	4978
mJEA[JPFf\uZRuZyJ^\A	1754	2111	2950	6338	7579	9240	8959	8406	4972	2537	4736	1952	2401	8804	5194	2149	1575	8931	8553	9062	7686	1162	6080	2634	1664	6487	7247	8166	3553	5044	4638
WEvGJFZwPhujvgOeSfLehSccM	1756	1811	2580	2719	8558	162	2359	9973	5812	1523	3585	1529	4966	9840	6166	7031	9937	9368	7386	1933	5698	5196	819	4398	3001	9341	5834	8107	407	8895	698
wNgMqUCeIyIKvj	9150	302	2776	8439	1025	9613	8099	71	5528	1418	8734	9648	7578	545	8249	4414	1809	2701	5221	3582	4328	5995	2777	8142	7277	6829	3595	1873	1408	453	723
WEvGJFZwPhujvgOeSfLehSccM	8548	9886	9698	2953	6715	6463	8546	1964	1832	1363	9826	210	2535	7044	5347	8483	1195	4263	286	8448	1779	6092	661	5317	888	554	6838	6792	3835	5845	8137
xeMK_LcovNcMpkSmWgVDiZBhV	6630	8219	7320	580	555	4599	2362	9992	124	697	3133	2872	8520	389	3793	1586	6766	163	5494	9204	8690	2426	7024	9505	1078	5605	7539	8093	3761	8081	1319
VQQqTjIQOkdSNPim`hPBv^	8732	64	3905	7736	2663	9388	6461	3408	4407	7590	9234	4781	3449	5843	2288	8442	3230	7449	8888	25	6359	4512	5387	4347	2858	8419	9153	4194	2235	6640	1647
^_KHYheiY[xNVh	1330	4300	4903	3824	3475	1189	9417	332	3028	3489	8304	7017	1665	9188	423	1377	1050	2273	9455	163	157	1023	1929	5518	6909	8918	1015	868	1981	3682	1455
WEvGJFZwPhujvgOeSfLehSccM	2238	1259	5658	3774	4904	4550	4161	6575	9393	5711	9884	8732	830	4654	7933	3763	8622	1128	5552	2683	3032	2330	1114	8743	7282	8267	7692	6851	8518	812	2383
_qZl^BHqXhPyEpfqe^W	4496	4563	3473	9637	559	8899	8556	4841	4564	9595	7790	4374	7298	2754	7397	6948	7216	9615	7119	2730	9685	3117	2668	9333	3546	1879	351	2641	4587	3308	1884
XJsdtoyHFtLwqNw[Mo[	2584	4326	9461	9424	1003	9979	5054	4845	9596	6717	3951	6601	5499	6754	8058	7048	3681	2190	911	7306	3170	3611	6325	1719	3994	5840	384	4211	1697	269	6715
^FvDvgXT[LswBTmIZeeTo^E	3215	5390	3486	8601	6372	1573	6522	804	7580	7458	3487	9959	366	1338	1474	7631	6944	6304	1644	5865	5627	3437	1830	7335	5498	635	1660	2906	635	4340	7902
KURFQrQqL\HanNuDm	7599	2611	3845	2926	2597	3981	8736	3712	8827	940	3336	9776	4045	8679	4883	5818	2332	2047	7906	1842	473	5006	7216	5223	9321	8167	9922	7076	719	2315	6902
ACBgKecu\drPc_QxZrM	3410	4234	3142	2693	1688	3552	3740	2015	5736	564	2424	3683	1675	2209	9947	6426	3386	7009	248	7010	5216	9235	9266	6730	5596	5384	7089	3443	2571	2225	3789
SqtSuASwRDJhsEievbjMBn	919	5738	3664	3214	7753	9478	535	6947	6174	9145	923	1289	3918	2827	4270	6218	7873	122	3155	4597	6579	3042	4494	9143	3027	7365	2629	8082	5727	1125	1713
PCGtwnFQg\x^uy\iKKSUrKx	1083	6326	4482	2709	6810	7708	3709	7174	2992	7182	5496	794	1013	2933	9151	904	3772	8260	7644	878	3729	9239	8702	3431	3482	1766	6481	8279	2184	4097	7035
