587729149846946411	21.8012	2.363616	21.51815	-0.04595139	-0.8783301
587729149846946413	22.25314	2.274981	-9999	0.1885407	0.2817254
588848900971299281	20.23095	1.420169	6.53625	-0.06593403	-0.003492329
588848900971299301	21.04421	0.8216865	4.894411	-0.09423522	-0.0575157
588848900971299308	21.85803	1.539376	3.844805	-0.0608362	-0.07115818
588848900971299311	22.17102	2.363302	7.257085	0.3802457	-0.2235153
588848900971299321	22.86767	0.08476958	-9999	-1.129911	-0.3718712
588848900971299350	22.2925	1.853618	2.931071	-0.0935145	0.2184062
588848900971299383	19.5674	1.650953	8.554688	-0.1097158	-0.03776283
588848900971299385	22.18909	0.9008702	3.113582	0.02923519	-0.003841765
588848900971299411	21.29708	1.947297	4.188925	0.08438405	0.1505751
588848900971299448	22.04816	1.220789	-9999	0.2282253	-0.1961811
588848900971299468	21.45251	1.101246	4.435406	-0.1905887	-0.1782776
588848900971299480	21.87377	-0.006580596	-9999	0.080502	0.08197039
588848900971299484	22.15677	2.363302	3.993561	-0.4782896	0.638832
588848900971299511	21.34252	0.8575073	-9999	0.0235802	-0.06307202
588848900971299512	21.27722	2.76938	7.406316	-0.25715	0.3280863
588848900971299514	21.58544	1.22587	4.914686	0.516806	-0.2311455
588848900971299520	22.55071	0.9977453	2.25309	-0.105772	-0.07344904
588848900971299601	20.35145	0.5486956	-9999	1.326654	0.7402754
588848900971299620	22.47568	1.173851	-9999	0.3591435	-0.08000922
588848900971299639	22.87567	0.2475788	-9999	-0.03945372	-0.177641
588848900971299642	22.77264	1.249266	2.147105	0.2056727	0.06177685
588848900971299667	22.82062	1.356349	-9999	-0.3210143	0.3126715
588848900971299722	22.49527	2.363302	-9999	0.3138531	-0.2316869
588848900971364368	21.17116	2.754417	5.434624	-0.1688025	-0.03227659
588848900971364421	19.76726	2.78178	6.811654	-0.0397084	0.03359151
588848900971364438	21.50802	2.363534	-9999	0.2037317	0.03079579
588848900971364443	21.89717	0.4416534	-9999	-0.1208929	0.1861688
588848900971364461	21.04481	2.547727	5.32873	-0.0933935	0.07292544
588848900971364565	22.52026	2.519157	4.712607	-0.3034517	0.1971367
588848900971364615	19.65038	1.345792	5.947053	-0.0564684	0.008573145
588848900971364662	25.11648	3.306058	-9999	-0.2521752	0.04484742
588848900971364675	20.74468	1.730726	5.802796	-0.08312411	0.1139966
588848900971364680	20.39526	1.401097	5.783968	0.03310211	0.004117152
588848900971364731	18.82803	3.796349	12.94562	-0.2568412	-0.02497571
588848900971364750	21.08893	1.754299	6.842316	0.1284049	0.05271024
588848900971364752	20.96355	2.173804	6.537115	-0.1697119	0.2082776
588848900971364758	20.78083	1.564143	4.885334	-0.001770257	-0.0316326
588848900971364767	21.73068	1.379584	4.975989	0.1094605	0.04821599
588848900971364797	21.68078	2.139124	3.403904	0.206893	-0.1389042
588848900971364801	21.79173	1.760668	4.896358	-0.1666791	-0.1671035
588848900971364803	20.7553	2.637434	6.655853	-0.09628754	-0.1153934
588848900971364825	20.76164	1.424435	4.811822	0.05025945	-0.01422429
588848900971364833	20.09908	1.984924	6.183407	-0.01048255	0.03939387
588848900971364845	21.68936	2.195719	4.79628	-0.2093886	0.2038558
588848900971364877	21.595	2.363534	-9999	-0.1005884	-0.3810405
588848900971364883	20.82666	1.365131	5.072802	0.1382288	-0.1143846
588848900971364889	21.08891	1.660645	5.154455	0.1110094	0.03772174
588848900971364900	20.99066	2.296598	5.238276	-0.05641736	0.03216501
588848900971364915	20.74372	1.46232	5.214458	-0.06491005	0.02466547
588848900971364921	22.48354	1.411924	-9999	-0.006598124	-0.06596392
588848900971364934	21.33617	1.310366	5.588183	0.02204163	0.2148018
588848900971364959	20.33912	1.272484	6.203196	-0.1592	0.001861748
588848900971365007	21.0042	1.398935	4.555671	0.002405596	-0.02996052
588848900971365016	22.10392	4.333927	6.46332	-0.0600336	0.2129928
588848900971365021	22.19938	1.98777	7.629962	0.7305872	-0.03610336
588848900971365059	22.57197	1.165972	3.133847	-0.3311212	-0.1571758
588848900971365083	22.11431	1.386076	5.161683	0.9916336	-0.05075359
588848900971365098	21.40465	1.513943	5.853814	-0.5449446	0.06534657
588848900971365104	22.27232	-0.4704729	5.980831	-0.2504034	0.3506557
588848900971365113	21.24682	2.363534	-9999	0.2924086	0.1204765
588848900971365145	20.90929	1.907831	4.92376	0.01916818	-0.1986291
588848900971365152	21.76084	6.278471	5.794773	-0.07516875	0.4221905
588848900971365154	22.56131	2.363534	2.609546	-0.1218481	0.1750578
588848900971365157	22.21438	1.035498	3.601777	-0.582608	0.1199921
588848900971365169	21.7217	0.7916387	4.402579	-0.04061135	-0.4123217
588848900971365184	22.14006	3.306058	8.560214	0.1850545	0.4489864
588848900971365188	21.68584	0.6047629	4.830855	-0.04721189	-0.06978264
588848900971365192	21.78151	-0.8688165	15.7129	0.03233439	-0.3546284
588848900971365196	20.46173	0.5538439	3.718065	0.8689548	-0.05318834
588848900971365266	23.68136	0.5156441	-9999	0.1475481	-0.002871932
588848900971365291	23.00852	2.38331	-9999	0.2716592	0.1449681
588848900971365297	22.88502	-0.2228965	-9999	0.2392644	0.1562948
588848900971365317	22.65862	1.925251	-9999	0.05099687	0.1586318
588848900971365343	24.04383	2.363534	-9999	-0.4122092	1.585974
588848900971365348	24.62989	2.363534	-9999	-0.3170607	-0.8901186
588848900971365354	28.9031	0.1852635	-9999	0.2926606	0.02801309
588848900971365358	21.97896	2.363534	4.215926	0.09792382	-0.2836873
588848900971365364	22.11276	2.537028	-9999	-0.1482129	-0.1183473
588848900971429897	22.40544	1.705005	-9999	-0.02710301	0.2788813
588848900971429898	23.45163	0.4964473	3.898045	-0.3924163	0.1078624
588848900971429899	21.85442	2.794916	4.033816	-0.02678787	0.1191033
588848900971429904	23.32757	2.699661	3.28041	-0.2414184	-0.2042015
588848900971429907	21.00471	5.266187	4.2589	-0.1782404	0.01615125
588848900971429909	22.14321	1.89151	-9999	0.05875955	0.08264799
588848900971429923	20.61275	2.259046	6.205156	-0.1380861	-0.005729867
588848900971429942	21.0876	1.949826	-9999	-0.1112958	0.3043403
588848900971429951	23.37658	1.135849	-9999	0.4071831	0.02613866
588848900971429962	21.44222	3.286623	5.157428	-0.1629611	-0.1046133
588848900971429965	22.83765	2.363344	-9999	-0.2284315	0.05554437
588848900971429992	20.10183	3.246104	10.1434	-0.1256326	-0.3013168
588848900971429993	23.48737	0.5067067	-9999	-0.05334401	-0.03622436
588848900971430070	19.00289	1.928209	8.65771	0.005956799	-0.1027581
588848900971430129	21.74133	1.193141	3.483615	-0.09476019	-0.09953921
588848900971430153	25.10748	2.363344	-9999	1.962964	1.396933
588848900971430156	19.03672	2.173842	10.29043	0.03413375	-0.01059236
588848900971430224	25.59699	2.363344	-9999	1.764255	-0.1047162
588848900971430243	20.77361	1.035232	5.083159	-0.006314551	-0.02568315
588848900971430244	22.04587	0.7513711	5.549314	-0.1196739	-0.04651183
588848900971430261	21.78782	1.428831	4.3494	-0.013857	-0.03954057
588848900971430339	20.13734	2.785058	8.605259	0.006598341	-0.09729824
588848900971430345	20.59486	1.314694	6.284351	-0.1054114	0.02901715
588848900971430354	22.53767	0.8640515	4.417072	-0.1831746	0.0173848
588848900971430363	23.20185	-5.09813	-9999	-0.2492336	0.3894143
588848900971430371	19.90399	1.992885	6.371313	-0.1102794	0.07276346
588848900971430380	20.46644	1.763895	6.412171	-0.08161629	-0.01829686
588848900971430397	22.85735	4.333737	2.338504	-2.391842	-0.688031
588848900971430423	20.75504	1.908161	6.485214	0.1984597	-0.02967866
588848900971430437	18.61253	3.351076	14.3452	-0.08756091	0.1288381
588848900971430439	21.2689	2.084677	5.951297	-0.1251223	0.02430448
588848900971430441	21.10369	1.300876	6.68231	0.3416109	0.1434782
588848900971430454	20.71503	0.8803483	5.279562	-0.02750317	-0.1083732
588848900971430455	21.40164	1.560372	6.680592	-0.00694965	0.3620609
588848900971430484	20.91682	0.9791428	4.175263	-0.00888548	-0.0675349
588848900971430525	22.46884	2.429309	3.50746	0.06937082	-0.03936546
588848900971430526	22.36946	1.933203	3.309298	-0.06731071	0.1558223
588848900971430567	22.0725	1.363612	5.777503	-0.05340799	-0.6191816
588848900971430591	22.20703	1.746153	3.334424	-0.6389807	-0.06594522
588848900971430599	22.30353	2.363344	-9999	0.1287978	-0.04777696
588848900971430602	22.01045	1.00559	5.470117	-0.2808901	0.03814588
588848900971430603	21.92124	0.06210464	3.688768	0.3015987	-0.5791759
588848900971430626	22.08068	1.498113	5.701077	-0.1267909	-0.05435186
588848900971430629	22.34539	2.363344	4.228199	-0.2888805	0.09689802
588848900971430651	22.43985	1.38831	5.086057	-0.3777959	0.08131707
588848900971430658	21.67385	1.331039	3.276399	-0.02836432	0.06964488
588848900971430679	21.7971	1.855624	5.288589	-0.206695	0.05970814
588848900971430682	22.52958	2.363344	2.751132	-0.2708524	0.0680067
588848900971430686	21.71052	1.325452	9.589903	-0.1149516	-0.01689872
588848900971430710	23.85166	2.363344	-9999	0.36992	0.05936354
588848900971430719	22.34396	3.305868	3.33938	-0.2361389	0.1389136
588848900971430753	23.04473	1.451791	22.37749	0.1832306	0.2910939
588848900971430768	22.69005	2.363344	4.760669	0.1310911	-0.06024214
588848900971430794	22.71398	1.975917	-9999	0.5373752	0.01117554
588848900971430801	21.78458	2.363344	7.267358	0.1572879	-0.1457021
588848900971430816	22.83074	2.574905	-9999	-0.1562245	-0.0004839954
588848900971430837	22.88198	1.573183	-9999	-0.04511067	0.2297792
588848900971430848	22.97699	-0.03114095	-9999	-0.1727787	0.1838889
588848900971430850	23.20378	0.8030893	-9999	0.1485201	0.3152561
588848900971430863	22.3601	2.363344	-9999	-2.304629	-0.5666622
588848900971495447	21.71441	0.9975495	4.229865	0.1143467	-0.1188311
588848900971495495	21.97334	2.187823	4.033215	-0.1146041	-0.1787862
588848900971495563	22.17618	1.210842	4.057598	0.3245548	-0.00661097
588848900971495604	22.43578	0.3645339	2.784649	0.02787877	-0.008943666
588848900971495628	20.9414	2.363076	-9999	-0.04563334	0.1497821
588848900971495636	22.25053	0.5838802	3.641635	-0.1330573	-0.05633721
588848900971495649	20.65107	2.3947	7.180779	-0.3032172	-0.08517013
588848900971495708	20.55544	1.392709	6.387621	0.02551141	0.203031
588848900971495731	23.55122	3.3056	-9999	0.08601781	0.7870971
588848900971495756	19.90494	1.669136	6.65358	0.0004761785	-0.1008307
588848900971495789	20.9813	1.95393	5.798684	0.0418323	0.1039412
588848900971495851	22.51648	8.205186	2.747373	-0.1258326	-0.1132078
588848900971495883	20.67238	1.056477	5.16644	-0.03198947	-0.05943966
588848900971495885	19.25945	3.254824	10.98542	-0.01698338	0.06074198
588848900971495911	22.50638	2.363076	-9999	-0.7879685	-0.3756162
588848900971495925	20.81207	1.069578	5.311071	-0.04735718	-0.03416353
588848900971495951	20.35733	2.584984	5.909419	-0.01681919	0.002924644
588848900971495953	20.4038	2.731924	7.665548	0.2658099	0.07645039
588848900971495969	22.79853	0.927382	-9999	0.02182511	0.1877817
588848900971495992	22.35526	0.7319852	5.384697	0.2954857	0.2305319
588848900971495999	23.45479	0.9979071	-9999	-16.95623	-1.255965
588848900971496005	21.63589	0.6859	4.014104	-0.1353468	0.0146493
588848900971496030	21.71521	0.7005024	3.62865	0.03781053	0.0240928
588848900971496037	19.72111	3.755743	6.544334	-0.008867354	-0.04209629
588848900971496052	21.15	2.735727	4.684268	0.00279068	0.04901464
588848900971496108	22.16537	0.1171993	4.125458	-0.2116037	-0.5310501
588848900971496122	21.96874	1.337544	3.336682	0.0404027	-0.3382039
588848900971496173	22.32409	1.288495	3.057756	0.06898294	-0.1317217
588848900971496175	22.3348	0.642722	-9999	0.002804881	-0.7422578
588848900971496186	22.03867	0.9563736	4.780791	-0.1161733	0.07403273
588848900971496206	21.69388	2.282153	4.128426	0.1323708	-0.1568223
588848900971496217	22.35511	1.457507	3.183653	0.01043734	0.1437536
588848900971496347	22.52085	0.413059	2.958885	-0.2227062	0.185464
588848900971496354	20.93699	1.511903	5.762331	-0.02627908	0.1499784
588848900971496394	22.41047	1.667858	-9999	0.1118977	-0.1445627
588848900971496421	22.98443	1.378786	-9999	0.02728964	-0.2264188
588848900971496441	20.3318	8.205186	-9999	-0.2482934	0.06895707
588848900971496444	23.72757	0.8879653	-9999	2.418147	1.629446
588848900971496460	23.68461	1.295746	-9999	-0.5697909	-0.08052078
588848900971496467	22.74658	2.363076	-9999	0.6131893	-0.1179358
588848900971496505	29.80709	8.205186	-9999	0.2167983	-0.02415378
588848900971496511	21.9367	3.3056	-9999	-0.5121371	0.05749325
588848900971496521	23.39232	1.361925	-9999	0.4679768	0.9973812
588848900971560980	17.98486	2.363341	3.766469	-0.08257701	-0.03752914
588848900971560985	22.15839	2.334473	3.4049	-0.03854696	0.2236447
588848900971560994	22.46302	2.363341	2.781102	0.4426877	-0.470349
588848900971560997	23.4692	0.7189437	-9999	-0.2337839	-0.3790548
588848900971561005	25.02354	3.305866	-9999	0.3040009	-0.008462708
588848900971561017	22.18585	6.278279	3.233079	0.07478438	-0.02238856
588848900971561019	21.24088	2.363341	4.821179	0.08410557	-0.02126263
588848900971561093	20.46883	2.082373	5.507221	0.004326001	0.02762363
588848900971561094	22.07166	2.363341	3.37341	-0.4721065	-0.1585721
588848900971561163	16.2667	5.151559	45.55883	-0.07843465	-0.1392082
588848900971561252	16.42664	3.446909	27.41003	-0.1440477	-0.08769915
588848900971561289	22.41697	1.001201	2.590725	0.009641222	-0.1358894
588848900971561357	20.618	1.619513	5.171293	-0.08807216	-0.03963557
588848900971561397	24.15141	2.363341	-9999	-1.958072	4.054279
588848900971561405	19.37135	1.954308	8.982004	0.1522545	-0.1705652
588848900971561456	20.91157	1.017561	5.998174	-0.1506447	-0.03362424
588848900971561457	22.75471	1.188694	-9999	0.3941827	-0.04858145
588848900971561482	21.22175	1.032223	5.75216	0.005102083	0.1493193
588848900971561503	20.37235	1.125688	7.39756	0.09627876	0.007468852
588848900971561520	20.13551	2.063731	7.3373	0.1984912	0.213635
588848900971561556	20.03076	1.92624	6.594209	0.03819256	0.000620528
588848900971561574	20.9635	1.356115	5.070147	-0.07131075	-0.009905352
588848900971561581	22.33156	2.363341	3.257568	-0.3251836	-0.06221146
588848900971561583	21.6193	1.401285	5.420485	-0.2389171	-0.1203531
588848900971561592	21.31651	1.105647	4.606886	-0.08941591	-0.02173559
588848900971561638	21.63295	2.363341	4.924597	-0.134756	-0.0415707
588848900971561649	19.89611	2.064493	6.84132	-0.1442201	0.02575744
588848900971561653	22.47714	-0.5868108	2.256637	0.03477523	0.3475444
588848900971561674	19.91621	2.333182	7.24459	-0.003162001	0.008171767
588848900971561738	21.76177	0.7856712	4.351551	-0.05769601	-0.05915506
588848900971561790	21.60311	1.852422	4.373974	-0.08053882	-0.1684021
588848900971561803	21.95354	2.363341	6.14211	-0.277843	0.3578095
588848900971561815	21.29504	1.37954	6.339985	-0.05827508	-0.2597154
588848900971561819	21.7768	2.874834	4.140077	0.1676205	-0.07972731
588848900971561842	22.39495	-0.1305782	3.046746	-0.08418515	0.06188444
588848900971561845	21.21364	1.571966	4.724158	-0.0503721	-0.05292508
588848900971561858	22.94357	0.5987036	-9999	0.2403238	-0.24211
588848900971561862	20.64969	2.069838	5.30882	-0.07584013	-0.03131611
588848900971561868	21.605	2.363341	16.02559	0.1127314	0.09854362
588848900971561880	21.69621	-0.6962116	3.428895	-0.6693223	0.3765157
588848900971561881	21.63332	0.7836339	4.140921	-0.02477136	0.1031925
588848900971561882	21.69331	1.40775	4.365731	0.05504633	-0.1860762
588848900971561893	21.39643	1.71633	4.982306	-0.05678793	0.1374951
588848900971561902	21.49529	2.363341	30.48954	-0.0420968	0.0888672
588848900971561912	22.32285	1.275088	2.584929	0.1934929	0.01073799
588848900971561917	21.76545	0.5501514	-9999	-0.04101987	-0.2208102
588848900971561920	22.09747	1.62233	4.343933	-0.06681135	0.1224825
588848900971561944	22.05409	0.9750731	3.692289	0.05996624	0.07804337
588848900971561965	22.5986	0.9541879	-9999	0.1420065	-0.1138763
588848900971561974	22.35902	0.2595791	3.695499	0.01598364	-0.01380502
588848900971561998	21.93054	1.26145	3.484351	0.04098393	0.08784869
588848900971562065	23.33802	1.787243	-9999	-0.5190318	-0.7296815
588848900971562141	24.70975	0.7663913	-9999	0.7513165	-2.330653
588848900971562174	24.40015	2.363341	-9999	0.1633902	-0.08409249
588848900971562205	26.8579	-2.91507	-9999	-0.5635833	0.5188341
588848900971626544	21.78646	0.5343072	4.562171	0.03823471	-0.2390727
588848900971626545	21.94447	2.363359	3.829008	0.07345174	-0.1982901
588848900971626548	22.17182	3.305883	4.783123	-0.1842713	0.2760677
588848900971626561	22.74174	0.6939661	-9999	-0.1503701	-0.004072601
588848900971626571	21.46717	2.643706	4.347729	0.004282898	-0.1648153
588848900971626573	20.54359	2.363359	9.998547	0.4059949	-0.09018099
588848900971626616	20.52549	2.363359	5.046469	0.1269707	0.1003413
588848900971626631	22.79543	4.333753	-9999	3.117167	-3.061239
588848900971626633	21.40692	2.363359	2.63922	0.05327798	0.2864424
588848900971626665	18.92454	1.472378	8.075734	0.006920744	-0.1079421
588848900971626747	19.63515	2.416078	8.608059	-0.1167187	0.02122559
588848900971626773	19.49449	1.565931	8.354	-0.05503592	-0.03320562
588848900971626797	21.26993	1.682721	5.845984	-0.3058291	-0.1445138
588848900971626809	21.0028	0.6723673	4.123048	-0.09533358	-0.004449564
588848900971626815	22.02198	0.1807617	3.845265	-0.1016925	-0.2512483
588848900971626816	20.41586	2.421042	7.00968	0.0223768	0.04592428
588848900971626831	22.57457	0.7833288	2.726172	0.02284372	0.04841098
588848900971626882	21.9404	2.35126	3.582986	0.08720049	0.04103692
588848900971626884	23.39591	1.270196	-9999	-0.1348411	-0.4440669
588848900971626887	22.12464	1.62618	-9999	-0.3940002	0.1418461
588848900971626889	20.84145	1.236275	5.51375	-0.04930772	-0.04953163
588848900971626943	22.46064	2.363359	2.81363	0.05645674	0.06683433
588848900971626945	20.13792	1.966343	6.014397	-0.05951541	-0.01538218
588848900971626947	21.43454	0.9346438	4.137997	-0.05697884	0.1160282
588848900971626975	21.6447	0.8124668	3.499195	-0.05335465	0.09188346
588848900971627037	21.66812	1.020032	4.312417	-0.0421853	0.01716553
588848900971627049	22.45233	0.9053577	5.833518	-0.2649916	0.4576302
588848900971627089	20.59771	1.121186	5.655861	-0.05601075	0.1258908
588848900971627091	22.26413	0.0431272	6.679715	-0.01783281	0.420636
588848900971627134	22.33156	-0.2040318	-9999	0.2092312	0.07106381
588848900971627143	21.82877	1.763215	3.001122	-0.1491767	-1.021222
588848900971627149	21.89492	0.9768674	3.070091	0.0612125	0.08519466
588848900971627157	22.34286	1.254402	-9999	-0.2016804	-0.03736209
588848900971627166	22.27374	1.071336	-9999	0.03517572	-0.5787758
588848900971627236	22.21813	1.284411	3.37698	-0.01617898	0.01038807
588848900971627237	21.94064	2.435531	9.9983	0.6900654	-0.3857183
588848900971627248	21.96325	1.204021	4.612079	-0.1740309	0.2226613
588848900971627251	21.51903	0.4983995	3.990591	0.04188814	-0.1745864
588848900971627263	21.63609	1.5188	3.750342	0.1583586	0.1006529
588848900971627278	22.06977	7.229311	-9999	0.2958862	-0.131041
588848900971627350	22.34401	2.363359	14.42636	-0.3395009	-0.002969321
588848900971627357	20.52852	2.363359	-9999	-150.6064	126.2564
588848900971627387	22.79879	0.7358899	6.206685	0.1820344	-0.000872818
588848900971627389	23.18605	2.363359	-9999	-0.5401906	1.584444
588848900971627390	20.88103	7.229311	-9999	-0.3430961	0.09784981
588848900971627398	23.03203	1.100671	-9999	-0.006425986	0.138677
588848900971627404	23.1882	1.162209	-9999	-0.1067817	0.1227769
588848900971627407	23.01805	0.503447	-9999	0.07750723	-0.1506058
588848900971627447	22.83444	1.638198	-9999	0.08936126	0.1036037
588848900971627464	23.32762	1.24059	-9999	-0.9121817	0.8138211
588848900971627465	22.58784	1.675701	-9999	0.4128398	-0.1439311
588848900971627480	23.11657	0.9637563	-9999	-0.1363625	-0.05133678
588848900971627496	25.24668	4.333753	-9999	-83.17085	-35.98392
588848900971627511	20.20208	0.5031444	-9999	0.09197365	0.0310501
588848900971627534	24.89238	1.02744	-9999	1.155841	-2.854235
588848900971692058	19.7795	2.583335	6.992168	-0.04829537	-0.04374195
588848900971692062	23.33809	6.112605	2.456334	1.324467	-0.6719204
588848900971692063	21.53456	8.205748	-9999	-0.1295907	-0.2162378
588848900971692131	22.69139	1.638436	-9999	0.2420346	0.5934187
588848900971692132	23.11366	1.986035	-9999	-0.1167535	0.4325796
588848900971692229	23.41062	1.171687	2.828811	1.738336	0.3390464
588848900971692236	22.46563	1.872349	28.4924	0.6868355	0.1206397
588848900971692242	20.50794	2.417462	7.102392	-0.02136988	0.08039855
588848900971692277	18.56958	3.205089	17.01975	0.008521202	-0.316207
588848900971692333	21.01216	1.533936	5.207579	0.004740572	0.1056462
588848900971692342	22.08474	0.786816	3.38706	0.09834829	-0.04110451
588848900971692407	21.37623	0.7957759	5.991322	-0.03831499	0.1297291
588848900971692430	20.89759	1.494411	7.555988	-0.02187311	-0.1619238
588848900971692450	20.50306	0.9252195	4.489087	-0.024523	-0.04097586
588848900971692487	22.11347	1.424847	7.369578	-0.2669841	0.01545947
588848900971692512	20.8686	1.49423	6.018527	-0.2277326	0.05260746
588848900971692574	21.2128	1.817965	4.246909	0.07183053	-0.08699366
588848900971692620	22.03063	8.205748	3.086203	0.06690755	-0.0008311816
588848900971692630	17.94732	1.568348	-9999	0.09693702	-0.002725815
588848900971692649	21.44501	1.907414	4.179092	-0.2487427	-0.07857206
588848900971692650	21.46863	1.928793	5.285388	0.06301466	-0.004630252
588848900971692654	22.01954	0.196039	-9999	-0.06166263	-0.07306287
588848900971692671	20.82219	2.363638	-9999	0.2207711	-0.9185247
588848900971692700	22.40471	0.8721161	-9999	-0.1675149	-0.1069631
588848900971692732	22.01081	2.363638	3.680195	0.1335368	-0.3924617
588848900971692736	21.61526	1.792277	3.979141	-0.2146604	0.1121637
588848900971692789	21.34803	1.898262	5.438769	0.09577688	-0.6635293
588848900971692882	22.35897	8.205748	-9999	-0.3918164	-0.004573936
588848900971692901	22.58999	0.6922237	-9999	-0.02459367	0.2984734
588848900971692921	23.09377	2.426403	-9999	0.02274933	1.613763
588848900971692924	23.41493	0.8541095	-9999	0.07465318	-0.3869931
588848900971692968	22.61587	2.363638	-9999	-0.6949517	-0.0518742
588848900971692969	24.93368	3.306162	-9999	17.79675	18.55523
588848900971692979	22.32275	2.363638	-9999	0.06635356	0.1803095
588848900971692980	22.88516	1.047813	-9999	-0.2134959	-0.1152821
588848900971692983	22.98307	2.048136	-9999	0.4289117	0.08585194
588848900971692984	22.76913	1.166461	-9999	-0.1147345	-0.3467339
588848900971757580	24.88629	2.363367	-9999	0.0002416683	-0.0003896328
588848900971757591	21.8267	8.205477	10.99291	0.05573417	-0.07939082
588848900971757650	24.12264	2.363367	-9999	0.1377164	-0.2499074
588848900971757741	21.32777	2.011349	5.10899	-0.04797724	-0.005439044
588848900971757810	22.61513	1.656205	3.876295	0.02440977	-0.8512161
588848900971757845	24.27184	4.33376	-9999	0.1676213	-0.6886852
588848900971757914	20.02053	1.731541	5.822979	-0.07919013	0.01578125
588848900971757918	21.56842	0.8284687	3.941678	-0.02818517	0.0162518
588848900971757920	20.64416	2.344693	6.540234	-0.04140651	0.03564733
588848900971757942	20.02663	2.275548	7.264091	0.0977277	0.1098171
588848900971757967	19.99851	1.762277	5.614383	-0.01471878	0.1698067
588848900971757973	21.9076	1.574195	3.336322	0.05839425	0.1542445
588848900971757998	21.57627	0.7552806	7.180191	-0.1460956	-0.05374784
588848900971758047	20.21549	3.158077	7.904423	-0.002775127	0.03338151
588848900971758085	20.37191	1.557782	6.579711	-0.1433218	0.07997092
588848900971758126	22.3224	3.305891	3.407739	-0.2313979	0.2350526
588848900971758130	25.35077	1.989125	-9999	-17.92871	-31.64052
588848900971758133	21.39307	1.728729	-9999	5.050928	1.24609
588848900971758142	22.29301	2.363367	4.717796	-0.1669171	0.2269953
588848900971758148	19.9215	2.305076	6.79622	0.09184703	0.01963704
588848900971758153	20.74657	2.245177	6.63196	-0.02327731	-0.1632697
588848900971758154	23.33271	2.363367	21.78371	-0.282086	0.003002515
588848900971758159	21.92346	1.505367	3.576802	0.1500651	0.1119169
588848900971758172	21.43675	1.595083	7.990465	-0.3381091	-0.04259046
588848900971758184	20.89363	1.852123	4.464958	0.009603306	-0.2735873
588848900971758190	22.22132	2.074903	3.028443	-0.0982945	-0.07165723
588848900971758195	20.84445	2.363367	5.218238	0.09860637	0.2136399
588848900971758207	21.61954	2.721753	4.560509	-0.2560768	-0.05282693
588848900971758214	21.52425	4.33376	5.719422	-0.0857999	0.176884
588848900971758264	22.02676	0.5805528	3.635915	0.1339015	0.1006853
588848900971758289	21.52164	0.9573452	6.314909	-0.3161831	0.07091162
588848900971758296	22.19545	-2.609972	-9999	0.3873388	0.07132731
588848900971758299	21.86259	2.363367	-9999	-0.1110941	0.1205324
588848900971758305	22.28266	2.380415	3.170146	-0.02187693	-0.0801598
588848900971758306	22.34558	2.363367	3.200146	0.08372176	-0.2157594
588848900971758310	22.01001	1.990361	5.307722	-0.0677133	0.1152499
588848900971758321	21.94598	0.3265901	4.189997	-0.01921385	0.09542806
588848900971758335	21.98547	0.6864805	4.190862	0.06117278	-0.007096841
588848900971758342	22.03211	0.5768003	2.159758	-0.04330859	0.2404156
588848900971758441	23.15246	0.9465516	2.582164	-0.4122838	0.0928643
588848900971758446	24.5779	0.4593444	-9999	80.10535	8.285867
588848900971758448	24.94451	0.1091401	-9999	-0.6545428	-3.805334
588848900971758451	20.19154	2.363367	-9999	-0.2415702	-0.3085805
588848900971758487	22.67588	1.322001	-9999	-0.2800819	-0.2633192
588848900971758515	24.30373	2.363367	-9999	-0.1441226	-0.5634328
588848900971758531	23.14235	1.543314	-9999	-0.3606652	0.3125502
588848900971823122	22.89035	0.8425506	3.48686	0.4326388	-0.4755569
588848900971823138	21.56962	1.595129	4.723766	0.120039	-0.1429214
588848900971823160	21.28322	2.076579	4.845073	-0.003748974	0.09161639
588848900971823173	19.16832	3.409636	10.97624	-0.05722043	0.08565556
588848900971823276	19.85585	2.744931	9.00676	0.1269693	-0.04829506
588848900971823367	22.39207	2.363201	-9999	-0.2577638	-0.524895
588848900971823376	21.89288	5.266044	-9999	0.4968699	-0.2264843
588848900971823413	21.10316	1.287704	5.663469	0.01535042	-0.004443637
588848900971823415	21.53897	1.551145	4.661083	0.04946161	-0.2039361
588848900971823427	22.7121	1.421784	3.823203	-0.08819772	-0.2823862
588848900971823452	19.95587	1.227016	7.469491	0.02196906	-0.02769172
588848900971823478	19.00987	2.888386	12.72709	-0.09466974	-0.2085848
588848900971823495	22.33027	1.988265	4.173691	-0.009571264	0.156022
588848900971823510	20.39471	1.307963	5.245663	-0.02414171	0.01247163
588848900971823526	21.58213	0.8187282	5.522251	-0.1663938	-0.1815415
588848900971823534	21.44314	0.2817358	4.199979	-0.05459002	-0.05159546
588848900971823540	20.73169	3.50968	6.433691	-0.195314	0.05089594
588848900971823551	20.04267	1.888006	7.443518	0.02347046	-0.02167883
588848900971823554	20.2555	2.814989	6.438687	-0.06766108	0.01571945
588848900971823559	21.33885	1.554794	4.67317	-0.03229034	-0.02446594
588848900971823565	21.7225	2.363201	-9999	-0.05236522	0.003789057
588848900971823571	22.24152	2.363201	-9999	-0.4753993	0.2345682
588848900971823572	23.08792	5.266044	-9999	0.4837181	0.8101263
588848900971823586	22.14767	2.363201	-9999	-0.3774845	-2.962581
588848900971823600	21.64114	1.884998	4.791362	-0.1090129	-0.01983749
588848900971823607	20.9619	1.804324	4.412772	-0.00968143	0.1210004
588848900971823610	22.96278	2.363201	4.912056	-0.1995796	-0.08026763
588848900971823634	22.74091	1.348757	13.3786	-0.1108928	-0.4204637
588848900971823641	19.49848	4.151501	11.90929	0.04465567	0.3576849
588848900971823648	21.2886	2.363201	7.827382	-0.8831398	0.7283117
588848900971823697	21.81897	1.692745	3.796441	-0.0631979	-0.0349412
588848900971823700	22.31157	0.7484589	4.024424	-0.337639	0.4159935
588848900971823723	21.75511	2.109877	2.864	0.02708025	0.001893842
588848900971823745	21.47125	1.254772	4.125196	-0.06251138	-0.135925
588848900971823778	20.6931	3.035894	5.457493	-0.03200498	-0.08810346
588848900971823810	22.35811	-0.2698995	-9999	-0.256654	-0.1113285
588848900971823821	22.62865	0.9076499	2.296685	-0.09350988	-0.1733955
588848900971823826	22.50564	0.993972	-9999	0.1247308	0.05408338
588848900971823849	22.42174	3.305725	3.955898	0.05975425	0.5186895
588848900971823861	22.33833	0.08871432	-9999	0.2122439	0.009604226
588848900971823887	22.13885	1.394345	3.34805	-0.2025509	0.05835943
588848900971823969	24.17922	1.062166	-9999	-0.7351235	0.3383517
588848900971823975	23.17451	0.5070856	-9999	-2.82837	5.237062
588848900971823978	22.90426	1.812388	-9999	-0.06989972	0.1069785
588848900971823982	19.67392	9.171759	-9999	-2.68232	-0.01354893
588848900971824034	22.85015	2.363201	-9999	3.236233	0.07249923
588848900971824041	22.4987	0.8430454	2.672136	0.07093405	0.06653085
588848900971824042	25.58267	2.363201	-9999	0.5472506	-4.317943
588848900971824054	23.6393	3.305725	-9999	0.0349615	-0.2736041
588848900971824059	23.81294	2.363201	-9999	0.3741728	-1.651962
588848900971824069	21.95014	2.363201	-9999	0.07750621	-0.3034643
588848900971824070	22.85421	2.363201	-9999	-0.3981122	0.04962733
588848900971824077	22.83773	1.481662	-9999	0.3432744	-0.5603944
588848900971888662	21.24541	-4.965752	4.119899	-0.005568943	-0.08657762
588848900971888676	17.15512	1.154973	8.412371	-0.006652119	-0.03948157
588848900971888709	21.79592	2.362887	3.986227	0.01907136	-0.1930403
588848900971888713	21.41467	2.362887	3.665641	0.06194784	0.1455772
588848900971888717	25.76592	2.358195	-9999	-0.3071856	0.3081284
588848900971888719	22.6698	2.362887	4.477354	-0.124289	0.2187382
588848900971888738	19.45905	3.312751	8.550709	-0.06752583	-0.03120456
588848900971888779	19.49088	4.090403	8.752835	0.01245242	0.1004708
588848900971888926	18.68142	3.719794	13.16813	-0.05703496	0.08949162
588848900971888942	21.21017	1.149675	3.905477	-0.04008216	0.04675631
588848900971888949	20.28479	1.893885	5.720328	-0.005272587	-0.1042409
588848900971888951	19.6298	1.430512	7.288768	-0.0188277	0.03055396
588848900971889003	20.79119	1.674922	6.647538	0.05153137	-0.2203783
588848900971889063	20.61374	1.050054	4.995205	0.02843936	-0.08075607
588848900971889075	21.67194	1.375383	4.601533	0.1449743	0.1665177
588848900971889087	21.12841	1.662977	3.94222	0.02315012	-0.01412444
588848900971889136	21.76726	1.366923	4.327754	0.009560967	-0.1171312
588848900971889142	21.29398	2.354347	5.184618	0.003449283	-0.1106898
588848900971889143	21.3828	1.101448	4.318038	0.04172814	-0.04976127
588848900971889150	21.19263	2.094502	4.329661	0.0180044	-0.1659631
588848900971889163	20.58997	0.9398959	5.378514	0.02303679	-0.08073848
588848900971889165	21.83881	1.213101	3.478021	-0.04951587	-0.04882266
588848900971889185	21.24392	1.705174	6.906425	-0.2040943	-0.07895348
588848900971889186	20.65658	2.021377	5.500508	-0.06886444	0.05230315
588848900971889192	20.19044	1.501796	5.857443	-0.05807298	-0.02008719
588848900971889201	20.90322	1.354428	4.67679	0.01499643	0.09537246
588848900971889217	21.27294	0.6687788	4.635129	-0.06556069	0.07051851
588848900971889219	21.57891	1.130663	4.067376	-0.1381521	-0.1544525
588848900971889242	21.92604	2.276095	4.058568	0.06919917	-0.01199152
588848900971889271	20.86906	1.517555	5.227188	-0.09650748	-0.06012481
588848900971889274	23.18076	3.305412	-9999	4.559505	0.9430506
588848900971889301	22.15018	2.059376	-9999	-0.05256831	-0.1384487
588848900971889324	22.54107	4.333281	4.137214	0.4040614	1.904426
588848900971889327	21.87069	0.9297419	-9999	-0.1474869	0.146724
588848900971889351	21.90862	1.907813	5.997884	0.2340841	-0.1921984
588848900971889361	21.14806	2.258899	5.699265	0.2068175	0.7063567
588848900971889367	21.07695	1.795733	4.896211	-0.128837	0.05627748
588848900971889389	22.45047	3.305412	4.292972	0.3141738	0.1624076
588848900971889395	20.56335	1.820092	8.613501	-0.3980382	0.3070982
588848900971889411	21.40931	1.706721	5.596384	-0.06422453	-0.02814097
588848900971889414	21.70648	0.5273531	5.252376	0.2427877	0.1720054
588848900971889446	21.69666	2.362887	4.094349	-0.3777637	-0.2925144
588848900971889448	21.56464	1.360746	3.924185	-0.02098362	0.05825871
588848900971889453	21.57354	2.362887	6.441624	0.2142144	-0.08283779
588848900971889466	21.64552	1.991836	5.045835	-0.01580605	-0.1694153
588848900971889495	20.78501	2.554189	6.099086	0.1340111	-0.004580271
588848900971889497	21.7983	-0.2291678	-9999	0.06383011	-0.1343091
588848900971889500	22.19578	0.9469359	3.565293	0.01830447	0.1416288
588848900971889509	22.395	2.362887	-9999	-0.1951852	-0.2290582
588848900971889550	21.83017	1.618343	7.099147	-0.2801673	0.2943507
588848900971889586	22.94247	0.9133076	-9999	0.0168327	-0.2231091
588848900971889615	22.72368	0.803925	3.364871	-0.1757965	0.152766
588848900971889617	22.81428	0.9717984	4.565306	-0.243006	-0.3448121
588848900971889640	22.89585	1.724174	-9999	234.2741	-509.1412
588848900971889646	22.59687	1.844359	-9999	0.07454816	-0.132976
588848900971889665	22.54716	2.24069	-9999	-0.2652982	0.4548528
588848900971889679	22.90958	1.701347	-9999	-0.2338056	0.1087746
588848900971889684	22.75714	2.076734	-9999	0.3576856	0.1546909
588848900971889730	23.84196	1.622799	-9999	-0.7760382	2.264527
588848900971954242	21.93791	1.743689	3.812711	-0.3653629	0.1921669
588848900971954256	21.55391	2.497688	4.594976	-0.1918112	-0.108403
588848900971954264	20.3391	2.363237	-9999	0.05418455	-0.04602189
588848900971954332	22.95295	2.363237	-9999	-0.381781	0.07613586
588848900971954351	18.14676	2.215434	11.42899	-0.07658434	-0.02953747
588848900971954359	21.6036	1.38453	3.998597	-0.008372699	0.08545302
588848900971954426	22.03176	2.363237	-9999	0.01033604	0.3145489
588848900971954427	22.77314	1.928021	3.331782	-0.4675202	-0.1904764
588848900971954431	21.65686	5.26608	11.62443	0.03219157	0.07221124
588848900971954436	16.23655	4.478059	31.87643	-0.09519823	-0.007295078
588848900971954465	19.45614	1.636197	7.110924	-0.0318436	0.01523689
588848900971954474	21.44488	2.757089	5.061086	0.1128875	-0.0784779
588848900971954536	21.14029	1.287937	5.003974	-0.09357969	0.002969904
588848900971954540	20.96701	1.4533	5.631895	-0.04818642	0.2708566
588848900971954560	22.37734	1.295446	2.818131	-0.4837131	0.08631399
588848900971954563	24.88031	-2.675447	-9999	1.251557	0.8804096
588848900971954568	20.46108	3.952384	7.451007	0.130248	0.11237
588848900971954586	20.36004	3.198186	7.138635	0.04213146	-0.03978925
588848900971954597	20.88166	4.333631	5.429907	-0.09709167	0.001436552
588848900971954623	22.25712	1.239793	3.140153	-0.04625783	-0.1013417
588848900971954638	21.18641	2.363237	4.721982	-0.04810784	0.06245721
588848900971954641	20.98492	0.9260371	4.165549	-0.06392303	-0.006336356
588848900971954677	24.40424	1.15288	-9999	0.6261855	-1.035318
588848900971954696	20.35663	3.479287	14.45374	0.01842273	-0.3761748
588848900971954699	19.66261	1.767136	6.861778	-0.03685065	0.1492443
588848900971954700	21.17635	-5.172458	5.383697	0.05495919	-0.06861737
588848900971954728	21.70448	2.409161	4.531077	-0.2829632	-0.1871683
588848900971954768	20.03741	2.110132	8.555146	-0.1607054	0.1445903
588848900971954771	22.26618	2.363237	-9999	0.2418924	0.1436211
588848900971954775	21.85634	1.455766	4.32049	0.2328972	0.06379718
588848900971954799	22.07304	0.2554151	5.197843	0.05379623	-0.1227804
588848900971954823	21.70233	0.7796906	5.25021	0.07597388	0.06464687
588848900971954843	20.89316	2.103144	6.792705	-0.2322878	0.04673359
588848900971954861	20.38819	1.263924	6.346557	-0.07850801	-0.08196615
588848900971954883	21.34812	1.362637	3.880518	-0.05652412	0.07116082
588848900971954884	22.05069	2.041884	-9999	-0.1426017	0.0953755
588848900971954885	21.56031	2.763957	4.225998	0.03259474	-0.1077366
588848900971954892	21.89408	1.12852	5.716298	0.1813498	-0.03372827
588848900971954911	21.84192	0.5686549	3.596557	0.08688076	0.04454242
588848900971954913	21.73872	2.363237	-9999	0.02068467	-0.1837291
588848900971954926	21.82791	1.983621	4.431818	-0.1037567	-0.1537707
588848900971954945	21.80365	2.239477	3.960063	-0.06630201	-0.01537688
588848900971954968	21.92776	-0.413803	5.100491	-0.100328	-0.1187214
588848900971954972	22.646	1.558357	-9999	0.2876621	-0.008771368
588848900971955000	21.33803	2.019059	8.73666	-0.4173751	-0.122434
588848900971955014	21.91069	0.5781578	6.584404	0.4819543	-0.02829972
588848900971955028	22.17687	1.727803	3.669923	-0.02519808	-0.09324276
588848900971955030	21.29945	0.410452	4.546751	0.2192951	0.1267192
588848900971955033	21.55338	1.36456	4.186831	-0.1079876	-0.05283737
588848900971955047	22.44893	2.363237	-9999	0.3621867	-0.3057616
588848900971955055	21.79486	1.648547	4.8543	-0.0346363	0.007338408
588848900971955070	21.98447	1.391078	3.167047	-0.08058938	0.1203504
588848900971955077	21.49612	1.744861	4.443581	-0.04639199	0.1005786
588848900971955089	22.39868	1.440577	3.504749	0.08294925	-0.05510456
588848900971955099	21.6542	2.363237	4.588821	-0.08890881	0.08110681
588848900971955108	22.57741	1.875173	2.850955	0.08893337	-0.1080384
588848900971955127	22.06366	0.198795	-9999	-0.05298389	0.1736877
588848900971955132	22.77497	0.6584364	2.92508	-0.01091956	-0.09242408
588848900971955136	22.8648	1.569439	-9999	-0.02225837	0.06245071
588848900971955162	22.80153	0.7924998	-9999	-0.4396382	0.02948598
588848900971955175	23.87546	2.363237	-9999	0.315594	-0.06341946
588848900971955191	22.64194	1.234001	3.128139	0.2488101	-0.0107463
588848900971955209	22.78049	1.876035	-9999	0.1789395	0.1314797
588848900971955262	30.52167	2.363237	-9999	-0.3559738	0.007490526
588848900971955270	22.09883	3.305761	-9999	-0.1061514	-0.07939987
588848900971955286	24.05241	1.83332	-9999	-0.04068047	-0.3411095
588848900972019799	22.23232	4.333788	3.324622	-0.001247162	0.1640161
588848900972019823	22.75905	0.6879645	2.405045	-0.2008525	-0.126133
588848900972019972	22.36683	1.997934	3.483282	-0.1254838	-0.0238672
588848900972020070	21.20536	2.331711	3.853162	-0.04387433	-0.07569157
588848900972020087	21.12531	1.094379	4.609646	0.03046552	-0.01261162
588848900972020090	22.10964	2.363395	-9999	-0.006244658	0.1423267
588848900972020111	20.05358	2.599006	7.997548	-0.03852624	-0.106519
588848900972020119	19.54615	1.894586	8.1442	0.132669	-0.1297518
588848900972020123	21.29361	0.6138347	4.132179	0.02139513	0.1008397
588848900972020142	20.95321	0.9487692	4.853656	-0.08890155	-0.02092854
588848900972020154	21.1104	2.106399	5.619013	-0.01743564	0.05670306
588848900972020208	21.28615	1.851901	5.242642	-0.1711611	-0.05446213
588848900972020210	21.52934	0.8240105	4.704443	0.130678	-0.1239961
588848900972020221	20.1401	1.282187	7.917167	-0.16904	-0.01588232
588848900972020222	22.32493	1.263148	5.589764	-0.05716263	0.10097
588848900972020228	21.84934	2.363395	3.832692	0.06537278	0.318237
588848900972020240	21.24531	0.803745	5.787426	-0.1692449	-0.05477542
588848900972020250	20.62977	1.824792	5.782947	0.002592102	-0.06897186
588848900972020282	20.8411	2.259023	6.160631	0.1858916	-0.04249466
588848900972020284	20.26355	1.826648	6.860857	-0.02513714	0.05323206
588848900972020301	20.28813	2.556568	7.406496	-0.02766603	0.06558958
588848900972020348	23.53563	0.6793903	-9999	0.1662124	-0.2713457
588848900972020359	22.38577	1.300692	5.45119	0.09694965	-0.3057898
588848900972020399	20.60649	1.99251	4.749585	0.1780287	0.1885428
588848900972020419	21.13834	1.44081	4.988237	0.2283533	0.3907938
588848900972020458	22.54953	2.363395	4.58813	-0.3971858	-0.1120864
588848900972020462	21.84783	2.363395	4.258886	-0.03829484	-0.06880815
588848900972020486	22.09988	1.000408	2.97148	0.04312573	-0.07596467
588848900972020525	21.59522	2.106913	5.521369	-0.2484345	0.02329388
588848900972020527	22.38885	2.363395	-9999	0.03957301	0.09412819
588848900972020565	21.60961	0.3601682	-9999	-0.4240353	-0.1322511
588848900972020567	22.4153	0.9114628	3.687083	-0.03899863	0.09530514
588848900972020568	21.23785	2.270436	6.284022	0.1146735	-0.1941428
588848900972020580	21.79688	1.843992	4.198613	0.07296461	-0.3547056
588848900972020608	23.12045	0.9853206	2.786648	-0.0259982	0.1008965
588848900972020613	21.66584	0.2438776	3.667516	-0.1048308	0.0982125
588848900972020680	23.15588	2.363395	-9999	-2.884527	14.7604
588848900972020701	22.72375	2.080918	-9999	-0.03537526	0.205715
588848900972020715	23.04685	0.6190788	-9999	-0.0858675	0.06413656
588848900972020778	23.08595	1.373701	-9999	0.2474589	-0.02903193
588848900972085283	21.50576	2.422096	4.811226	-0.04345505	-0.06380505
588848900972085398	21.95561	0.5132164	4.938912	-0.201516	0.4368511
588848900972085405	24.9097	0.7426398	-9999	-0.5596799	-0.02307354
588848900972085432	21.91547	1.542814	5.276751	-0.1685113	0.1602672
588848900972085440	21.84635	1.177651	4.147909	-0.05917044	0.1436147
588848900972085468	19.6728	1.716413	6.791258	-0.05377447	0.07361
588848900972085471	22.73242	0.8914822	3.147813	-0.01418354	0.02624559
588848900972085538	22.22356	2.006095	4.702857	-0.09441897	0.1248013
588848900972085540	19.79517	1.41371	5.898125	0.06039246	-0.06065369
588848900972085549	21.75771	2.414399	3.467819	0.09051583	-0.06738522
588848900972085606	20.05221	1.885637	7.989275	-0.1327036	-0.01391021
588848900972085609	19.57951	2.215533	8.110578	-0.1438381	0.01244645
588848900972085614	18.84837	3.373254	13.8756	-0.1307709	0.1549803
588848900972085629	25.75191	2.363453	-9999	0.9216895	0.06062118
588848900972085683	21.51912	2.328312	3.952668	-0.1799759	-0.09239845
588848900972085687	20.79626	1.763005	5.227469	-0.03212733	-0.06538071
588848900972085690	25.1655	3.305978	-9999	5.464151	-5.815263
588848900972085692	20.61869	1.421139	5.757222	-0.06657942	0.0155773
588848900972085706	21.04721	1.461543	4.743625	-0.05563178	-0.0009743185
588848900972085722	20.82311	2.094832	5.370155	0.04887449	0.01237376
588848900972085764	22.51443	-0.09283485	3.348975	0.1285722	0.3525809
588848900972085785	21.98575	0.6507815	3.368272	0.09783214	0.1887984
588848900972085810	21.20243	1.222533	5.338854	0.1160698	-0.2009982
588848900972085812	20.78216	1.241923	5.218063	0.09473347	-0.04884902
588848900972085846	20.52374	3.123453	7.488619	-0.03665367	-0.1076468
588848900972085873	20.7402	1.354152	5.589191	0.09985028	-0.1090747
588848900972085897	21.24963	1.236973	4.598526	-0.09927122	-0.01124337
588848900972085908	21.85611	2.046338	4.46332	-0.2615029	0.2644192
588848900972085918	21.12212	1.509689	4.499449	0.06448522	-0.01363883
588848900972085951	21.70347	0.6276273	4.529251	-0.05302129	0.1533788
588848900972085955	21.81579	1.428554	3.95827	0.001220392	0.3055259
588848900972085980	22.01357	0.9205129	-9999	-0.357733	-0.3024544
588848900972085985	22.59023	0.7973222	-9999	0.0387553	0.05405713
588848900972085986	22.45571	0.8601626	2.740121	-0.2947971	0.07917739
588848900972086010	22.60052	0.6944675	3.184737	0.698784	0.07086746
588848900972086017	22.00499	1.200096	4.834444	-0.242796	-0.02194581
588848900972086040	20.96635	3.165452	5.113572	-0.1496755	0.01805537
588848900972086042	21.75252	2.363453	3.253349	0.3923809	0.05771353
588848900972086059	22.08249	1.510661	4.131863	-0.06270057	0.09864096
588848900972086065	22.31449	0.8572895	3.160248	-0.06966735	-0.2141022
588848900972086066	21.66639	0.337748	4.472645	-0.3205554	0.7032052
588848900972086109	22.16239	1.376109	5.516279	-0.2818141	0.1433462
588848900972086148	21.27805	2.123539	7.373119	0.2115389	-0.1184369
588848900972086149	21.68427	2.071213	4.280683	-0.06655823	-0.1665427
588848900972086153	21.91281	1.330828	3.25045	0.06342517	-0.1153798
588848900972086158	22.52283	4.333847	2.827885	-0.1980811	0.006152644
588848900972086169	22.45489	0.896895	-9999	-0.01542859	-0.1095695
588848900972086172	21.70056	0.9867489	3.824753	0.08349715	0.01027773
588848900972086235	22.78868	0.6898673	-9999	-0.5883197	-0.05421693
588848900972086249	20.86177	2.363453	-9999	0.4065211	0.124412
588848900972086254	23.37947	0.1939837	3.235405	-0.4084726	-0.7046635
588848900972086258	23.82596	1.170481	-9999	-0.156918	-0.712871
588848900972086269	23.23061	2.363453	-9999	-0.2417295	1.315063
588848900972086292	24.71502	-0.6057459	-9999	3.247066	1.132044
588848900972086326	22.8746	2.363453	-9999	-0.2328915	0.05449441
588848900972150830	21.94156	1.940635	5.529387	0.08095127	-0.04610153
588848900972150859	20.74588	2.694706	5.918797	-0.04265478	-0.07753935
588848900972150867	21.36817	6.278212	-9999	-0.9031056	0.1629331
588848900972150897	20.25407	1.291382	5.812835	0.03587952	0.01789484
588848900972150938	22.00774	0.7756129	-9999	-7.835209	-0.6506336
588848900972150944	17.21032	2.630439	20.83354	-0.03779072	-0.01706076
588848900972151003	19.62711	1.672325	8.400787	0.05956513	0.08220237
588848900972151017	18.44556	2.964242	13.88215	-0.1179928	0.02226404
588848900972151030	18.92916	2.621212	11.31236	-0.2846848	-0.08419937
588848900972151039	19.91068	1.513206	7.185032	0.0919328	0.0442428
588848900972151065	22.52161	1.600177	3.05502	-0.4265103	0.006922493
588848900972151107	24.82914	2.363274	-9999	-0.3330539	-0.271066
588848900972151118	20.21608	1.520943	5.023302	0.07834332	-0.03723443
588848900972151176	20.78931	2.83377	4.425182	0.01590494	0.006863554
588848900972151193	21.72209	0.821473	7.036209	-0.3576252	0.09518401
588848900972151202	21.03698	1.661589	6.049409	0.1117216	0.002583688
588848900972151207	23.39451	0.1037499	-9999	9.606474	-27.10097
588848900972151214	21.28558	1.364502	6.373028	0.07979082	0.07712159
588848900972151234	20.9476	2.434764	5.180108	-0.03653606	-0.04413703
588848900972151236	21.06598	4.333668	7.169096	0.5216569	-0.166041
588848900972151244	21.12484	2.406985	5.170471	0.08648378	0.1894622
588848900972151262	20.69881	2.738748	5.985124	-0.02983547	0.0556638
588848900972151321	19.78619	1.843731	7.891407	-0.1805701	-0.09966728
588848900972151423	20.56755	2.862544	5.360139	0.03023631	0.0175393
588848900972151433	20.51926	1.73116	5.207522	0.05340003	-0.03623091
588848900972151436	20.45492	1.358926	6.447103	-0.04325338	-0.0469824
588848900972151485	21.92765	1.63989	4.449982	-0.2248594	0.006993578
588848900972151508	22.24283	0.9100266	4.551044	0.1289822	-0.5448786
588848900972151531	22.21853	2.046978	2.992856	-0.09699886	-0.04668676
588848900972151549	22.61763	0.7252064	5.343241	0.4118795	0.4577597
588848900972151568	22.30875	1.699528	2.274311	0.3034178	-0.0004852827
588848900972151571	22.32382	0.3581642	3.40394	-0.3760256	0.01903637
588848900972151573	21.90354	0.9943287	4.484799	-0.1509109	-0.05061879
588848900972151604	21.99159	2.30841	2.857767	0.05308342	0.3550801
588848900972151662	22.4429	1.192908	3.703629	-0.1498843	0.1114885
588848900972151665	21.79233	0.6451721	3.88284	0.1097198	-0.1053951
588848900972151686	22.3297	6.278212	2.83366	0.1789803	0.03454991
588848900972151689	22.33842	0.4013027	4.324851	-0.03000263	-0.1050432
588848900972151692	22.98426	0.8010367	-9999	0.6179456	0.08550876
588848900972151694	21.87097	0.155453	3.622562	0.05558587	-0.02157525
588848900972151716	22.07487	2.60303	-9999	0.1769008	0.08098765
588848900972151769	23.39098	0.6251604	9.946636	-0.0770276	0.6577005
588848900972151770	23.47127	0.3448974	-9999	-0.001531726	0.05878981
588848900972151786	23.62717	1.63357	-9999	-0.2509229	0.6870712
588848900972151793	22.65964	1.249245	3.544376	-0.2778884	0.01564649
588848900972151847	22.2121	2.363274	-9999	0.2323796	-0.08469677
588848900972151849	22.30762	4.333668	9.450882	-0.06697333	-0.219437
588848900972151855	24.58409	1.569491	-9999	1.038251	0.484379
588848900972216340	21.86616	6.278525	9.683003	-0.305612	0.08674421
588848900972216348	19.63421	2.200905	8.996952	0.2816054	0.05151889
588848900972216388	22.94525	2.363588	2.018605	0.04532027	-0.06559291
588848900972216393	20.95096	2.257923	5.957663	0.02064261	-0.1635805
588848900972216413	19.51321	2.363588	10.10427	-0.06516168	0.1923167
588848900972216415	21.08936	2.727193	4.82629	-0.05833885	0.001221822
588848900972216422	22.03316	2.363588	3.708531	-0.1066753	0.03193045
588848900972216464	21.9865	2.246423	3.493393	0.0356201	0.01332523
588848900972216484	19.96753	2.483271	8.212258	0.1267407	0.07043164
588848900972216506	20.94959	0.8311034	4.161557	-0.04580867	-0.005823475
588848900972216560	21.71592	0.9472436	3.814028	0.09381755	-0.07430441
588848900972216565	20.52617	1.927164	7.041686	0.04825955	0.2097879
588848900972216608	20.11513	1.835754	6.848351	0.1222841	0.05128652
588848900972216697	23.42443	2.363588	-9999	2.649332	0.01506135
588848900972216731	19.66893	2.677305	9.527275	0.01310211	-0.2516363
588848900972216760	21.3808	1.501155	3.876384	-0.03267275	-0.01711139
588848900972216782	21.76638	2.363588	4.015006	-0.04646581	0.1252247
588848900972216783	22.15415	0.8789356	2.554466	0.2497162	0.2621849
588848900972216801	19.9387	1.661276	8.369755	-0.07572132	-0.1326869
588848900972216802	20.82829	2.738614	5.465454	-0.08394569	0.2139907
588848900972216804	21.64991	0.8765628	4.489938	0.04411269	0.1250711
588848900972216813	21.73127	2.432035	4.397228	-0.2629033	-0.07021932
588848900972216822	22.0918	4.333981	6.451324	0.07448024	-0.286362
588848900972216837	21.65247	1.850192	4.039756	-0.03409918	0.1120126
588848900972216845	22.33967	0.8529327	-9999	-0.1115917	-0.2172922
588848900972216853	20.22647	2.146845	5.790002	-0.1496452	-0.1223573
588848900972216869	21.79523	2.337598	3.970663	-0.1013238	0.04700967
588848900972216887	22.23797	2.693781	-9999	0.01193818	-0.05983432
588848900972216898	19.96902	2.056382	7.456913	0.02002977	-0.2254811
588848900972216989	21.32189	1.470141	7.039643	0.1973754	-0.0379248
588848900972217007	22.12519	0.9985079	3.077843	-0.08663742	-0.08702709
588848900972217034	22.57346	2.363588	4.105514	0.3496338	-0.09012517
588848900972217048	22.29336	-0.08479554	-9999	-0.9539658	-0.3584273
588848900972217056	21.12054	2.054527	5.150262	-0.007764312	0.2416799
588848900972217065	20.88175	1.990191	6.958127	-0.2688926	-0.2562255
588848900972217076	20.05213	1.206111	5.410129	0.004156885	-0.0392967
588848900972217083	19.70288	2.846737	7.437787	0.1184036	0.1319967
588848900972217135	22.46468	0.7953133	3.936013	-0.3531116	0.0021487
588848900972217147	22.35822	0.9440178	-9999	0.1490018	-0.1034612
588848900972217150	22.13991	4.969694	3.171956	0.1156806	-0.2051233
588848900972217156	21.71731	1.178555	3.868861	-0.1156184	-0.06417055
588848900972217192	21.71784	1.862646	-9999	0.6668141	-0.2365745
588848900972217204	22.10236	2.363588	4.911652	-0.1426745	-0.2187819
588848900972217215	22.62326	1.49263	2.927419	0.1613833	0.01726207
588848900972217217	22.26718	0.5473638	3.614031	0.1457479	-0.02578806
588848900972217252	22.30516	2.363588	3.208181	-0.09483279	0.03695824
588848900972217280	22.5756	0.6077698	-9999	-0.9088219	-0.2890009
588848900972217346	22.26463	2.363588	-9999	-0.1852183	-0.2863377
588848900972217388	22.92533	1.189001	4.422943	-1.002683	0.1546713
588848900972217397	23.10213	2.363588	-9999	0.1150062	0.8913894
588848900972217446	24.98769	2.363588	-9999	-1.576399	1.022405
588848900972217466	22.59384	4.333981	-9999	-0.6372663	0.3322546
588848900972281865	23.40423	2.363155	-9999	0.335428	0.5827988
588848900972281878	21.84278	2.674087	4.438004	0.09232499	-0.2356958
588848900972281939	22.77045	8.205265	-9999	0.3283838	-0.1326109
588848900972281957	21.77067	0.8694549	2.826598	-0.06609459	0.05458545
588848900972282019	22.16004	1.33699	3.277659	-0.167299	0.2701057
588848900972282174	21.94704	2.363155	4.201667	-0.1417224	0.3004177
588848900972282319	20.42542	1.282066	6.397141	0.02284271	0.06683491
588848900972282332	21.14787	1.210391	8.05262	-0.288711	-0.1361721
588848900972282337	22.53536	1.11647	27.68377	-0.1975705	-0.01626219
588848900972282358	20.58085	1.939165	5.582403	-0.0135002	-0.01406991
588848900972282365	21.64306	1.681651	4.114738	-0.04475776	0.03840559
588848900972282397	21.96445	0.9318786	5.09204	0.1878539	-0.1004198
588848900972282425	21.62087	2.268891	4.297612	-0.01909771	0.02463537
588848900972282444	21.90036	1.780381	3.175672	-0.060323	-0.01004138
588848900972282470	21.48573	2.363155	5.263969	-0.1782178	-0.1622972
588848900972282471	21.69417	1.115788	3.850674	-0.1098137	0.03260095
588848900972282477	22.05326	5.265998	5.107786	-0.04237416	0.1666014
588848900972282491	21.43456	2.533447	4.046347	-0.1982292	-0.1056965
588848900972282510	21.59231	4.748511	4.030081	-0.02017865	0.1846666
588848900972282512	20.322	1.766979	5.862089	-0.07826417	0.07238954
588848900972282527	22.04748	1.080581	3.268342	0.07188755	-0.01986654
588848900972282558	20.88846	1.933309	5.442449	0.05476451	-0.1341367
588848900972282567	21.36612	1.922643	3.441153	0.1418184	-0.01050946
588848900972282571	22.56122	1.777854	7.890008	0.1541741	0.05639941
588848900972282577	20.84838	4.333549	4.962977	-0.09806526	-0.183692
588848900972282592	21.26468	0.8806841	4.468292	0.05389874	0.0426731
588848900972282600	21.00261	1.540728	5.232019	0.0135327	0.04153548
588848900972282623	21.58703	1.330658	4.23476	-0.2197754	-0.07829899
588848900972282640	22.28613	0.9777492	3.031523	0.04415242	0.1110642
588848900972282646	21.95699	4.333549	5.887921	0.1260339	0.2145285
588848900972282649	22.08443	-4.868134	2.51293	0.5408978	0.2294425
588848900972282669	21.38726	2.431457	7.325815	0.2468537	-0.3840874
588848900972282671	21.27561	5.265998	4.755065	-0.1643894	0.5203993
588848900972282673	22.90378	0.1249518	-9999	-0.1935189	-0.08250841
588848900972282676	22.30749	1.364018	3.342182	0.1486191	-0.01718249
588848900972282680	22.3547	0.7275501	-9999	0.1717312	-0.06658021
588848900972282686	22.12482	1.596098	4.904946	0.04696527	-0.09656937
588848900972282728	21.66994	3.833695	3.503807	-0.06885972	0.02359263
588848900972282740	21.5297	0.7467741	4.05614	-0.007250969	-0.1432636
588848900972282768	21.90861	1.993869	4.67653	-0.1542335	0.313345
588848900972282773	22.40297	0.6721134	3.387757	-0.2073798	-0.08556583
588848900972282781	21.19151	3.764347	5.060223	-0.1094264	0.07660071
588848900972282833	22.36385	0.7720938	5.519029	-0.03216093	-0.01561457
588848900972282840	21.98684	2.363155	4.461739	0.02672893	-0.1274848
588848900972282963	23.3748	2.461155	-9999	1.009884	0.7001618
588848900972282986	23.85501	3.305679	-9999	-1.295188	2.766526
588848900972283007	23.76915	3.305679	-9999	0.1222262	0.1129926
588848900972283021	23.19474	1.008161	-9999	-2.068121	0.09251814
588848900972347417	21.83524	1.382112	4.037196	-0.0595108	0.05101253
588848900972347438	22.43406	2.054849	3.004574	0.0250662	-0.02268834
588848900972347505	20.92506	2.431733	6.017847	0.03146522	-0.1324344
588848900972347653	19.94361	1.001165	7.910309	-0.06041976	0.002728914
588848900972347741	20.40151	8.205218	-9999	0.04413112	-0.06220924
588848900972347749	25.43988	2.363109	-9999	-1.451165	-2.007648
588848900972347810	21.29451	0.9976128	3.926018	-0.1031041	-0.002876717
588848900972347814	20.8693	1.702741	5.843399	0.1175453	0.06051116
588848900972347837	21.37075	0.5254382	3.459163	-0.1013231	-0.06773119
588848900972347838	20.46855	3.716302	9.222619	0.1442941	0.285112
588848900972347839	21.86186	1.500514	-9999	-0.6124423	0.05770534
588848900972347869	21.78729	1.873688	4.343086	0.2791611	0.09730694
588848900972347880	22.85512	0.6080128	-9999	-0.1959312	-0.2044683
588848900972347891	21.40582	1.436957	4.836702	-0.2495115	0.1287367
588848900972347937	20.94439	0.8389194	7.551682	0.2014612	-0.180657
588848900972347968	22.10842	0.405555	4.788017	0.1458721	-0.0182683
588848900972347989	22.4778	3.305633	3.018723	-0.004345659	-0.1319704
588848900972347997	21.20301	1.757523	8.354993	0.1791979	-0.2073422
588848900972348002	22.15557	0.1139749	4.753273	0.2501679	-0.004607199
588848900972348008	22.09983	1.215412	4.092708	-0.005754956	-0.1658134
588848900972348015	21.11449	1.204517	5.570525	-0.07373836	-0.08055983
588848900972348071	22.46776	2.363109	-9999	0.5289124	-0.173579
588848900972348102	21.10012	2.363109	4.920307	-0.1009221	0.423351
588848900972348121	21.46705	1.409496	6.467624	-0.1972441	-0.05656632
588848900972348134	21.15425	1.481004	4.094883	0.0981243	0.1285148
588848900972348140	22.4983	1.272469	3.40571	0.04197513	-0.3362212
588848900972348184	22.2086	1.303915	3.607616	0.1195437	-0.1020901
588848900972348202	21.91343	1.595811	4.897767	0.7359745	1.061348
588848900972348209	20.75194	1.550273	3.157466	0.0209092	0.07072489
588848900972348247	26.3919	2.363109	2.047067	-0.01358757	0.0309204
588848900972348250	21.6421	1.15079	5.051446	0.1204408	-0.005415344
588848900972348252	22.55421	2.363109	4.885682	-0.6434422	-0.1807347
588848900972348270	21.38362	6.278047	-9999	-0.5063516	-0.3552989
588848900972348280	23.2647	0.1441266	-9999	-0.3129835	0.1618687
588848900972348284	23.25991	1.574107	-9999	0.2241578	-0.5720047
588848900972348291	22.94719	0.1662237	-9999	0.1547623	0.4521913
588848900972348311	22.78377	0.5815244	-9999	-0.006594928	-0.08316991
588848900972348345	23.62285	2.363109	-9999	0.3790132	-1.995687
588848900972348355	22.7753	0.8137524	4.350741	-0.1424129	-0.05828392
588848900972348399	22.1118	1.089157	4.02811	0.5799261	-0.08211952
588848900972412957	19.52776	5.208484	10.43154	0.3038338	-0.09437066
588848900972412991	22.77397	1.168047	-9999	0.5143092	0.0437656
588848900972413012	22.87247	2.288269	-9999	0.9380188	-0.8910176
588848900972413056	21.11763	3.55136	3.748713	-0.1105918	0.002373469
588848900972413076	23.52383	0.6693193	-9999	-0.005965747	0.2396343
588848900972413098	23.58529	1.594258	-9999	-0.4305449	-0.8906002
588848900972413174	22.86057	1.066571	2.134187	-0.1262798	0.240828
588848900972413195	18.77861	2.074489	10.91443	-0.1552085	-0.0296762
588848900972413247	25.15151	2.36321	-9999	-0.6100237	0.566947
588848900972413351	20.4612	1.630117	5.390745	-0.005933765	-0.02048174
588848900972413391	20.92567	1.657418	5.021639	-0.09264158	0.0719519
588848900972413412	21.32173	2.528429	5.408	-0.03656347	-0.1754349
588848900972413439	20.18316	1.844398	6.420771	0.0284085	0.01014768
588848900972413443	20.24986	1.251247	5.764295	-0.08241393	0.02554175
588848900972413480	22.20185	2.36321	2.385566	-0.4581861	0.9680935
588848900972413483	21.49228	0.6717239	4.08959	-0.1097943	0.05155043
588848900972413484	20.80112	1.885337	5.44236	-0.03699505	0.05959418
588848900972413520	21.03875	0.6064185	5.036969	-0.03008211	0.1990917
588848900972413532	19.79596	2.434582	7.063941	0.008060804	-0.01184699
588848900972413581	21.77173	1.952329	5.22162	0.1548525	0.1151944
588848900972413618	21.32653	0.7039518	12.62079	0.1870108	0.468776
588848900972413641	22.31491	2.36321	6.086603	-0.01080381	0.489143
588848900972413653	21.43224	1.789015	4.849755	0.03794837	0.005423971
588848900972413665	21.87184	0.9910864	4.680791	0.04863309	0.1896937
588848900972413669	21.78968	1.170983	6.027161	-0.1021087	-0.1115176
588848900972413680	22.40148	1.008915	3.918556	0.1793709	0.2975582
588848900972413693	22.05641	0.2761047	-9999	0.152624	0.03531904
588848900972413707	21.89943	0.4367194	3.832254	-0.2468043	0.03130607
588848900972413712	22.3466	0.9587531	6.681332	-0.007367488	0.03495821
588848900972413736	21.37728	0.2871467	5.401561	-0.1262182	0.3044057
588848900972413791	21.50652	0.917937	-9999	-0.2594892	0.1629907
588848900972413823	22.42745	0.6332002	-9999	0.1439334	-0.005429979
588848900972413891	22.37573	0.1508677	3.069396	0.03671563	0.1074899
588848900972413897	22.33175	5.266053	-9999	0.3469416	0.3162551
588848900972544019	21.64425	5.266102	5.319562	-0.06348551	-0.4541031
588848900972544072	27.34882	2.363259	-9999	-0.05229262	0.3135714
588848900972544158	20.81784	1.449362	5.140594	-0.01931493	0.1713606
588848900972544178	17.48597	3.721305	18.51515	0.1902144	0.05180035
588848900972544189	22.6044	2.675012	-9999	0.6033611	0.3958139
588848900972544223	18.22449	1.842729	10.23988	-0.006599061	-0.0662523
588848900972544230	17.62491	2.61062	14.33069	0.08879286	0.009862907
588848900972544285	19.92575	1.9517	7.971052	-0.05395288	0.06473063
588848900972544313	18.96808	2.169513	10.14547	-0.08683968	-0.05007858
588848900972544325	19.41747	1.518582	7.990969	-0.06463924	0.03585994
588848900972544374	24.43284	2.363259	-9999	-3.333004	-12.90185
588848900972544385	22.06047	2.363259	8.420627	-0.07562137	0.3509224
588848900972544455	20.16453	1.532496	6.166589	-0.2007525	-0.03290874
588848900972544457	22.7059	2.363259	3.278133	0.05353111	0.03622542
588848900972544490	21.57001	1.276308	-9999	0.09986264	-0.697135
588848900972544494	21.97266	0.0872094	3.92764	-0.03163704	0.1316369
588848900972544497	21.31364	1.61635	6.664823	-0.1166836	-0.1968968
588848900972544498	22.09219	0.8500943	5.125685	-0.1726144	0.1692566
588848900972544504	22.23473	2.365983	3.778436	0.2150535	0.1144202
588848900972544511	20.45423	1.872734	8.793137	0.2062047	-0.1580906
588848900972544526	21.30316	1.427891	4.854259	-0.05651394	0.04021079
588848900972544537	21.13889	1.797159	4.422282	-0.1164586	-0.08580231
588848900972544542	22.67058	2.363259	3.830565	-1.396422	-1.304394
588848900972544571	20.46127	1.970787	5.636847	-0.007268913	-0.05628252
588848900972544578	21.57033	1.91421	5.105234	-0.09941768	0.007811215
588848900972544596	20.69531	2.913264	8.357829	-0.4217415	0.05301173
588848900972544668	20.55282	1.428523	5.571707	0.08590613	-0.01715635
588848900972544688	21.01338	1.087622	4.029951	-0.01893281	-0.01532291
588848900972544692	20.42925	1.615519	6.877609	0.1133681	0.007669684
588848900972544697	21.98585	1.404595	3.494179	-0.03905363	-0.1080267
588848900972544701	22.09146	0.9951875	3.592439	-0.2342363	-0.1563537
588848900972544725	21.33651	1.978731	3.840272	-0.09676404	-0.03315029
588848900972544731	21.43412	1.926339	4.363935	-0.09380667	-0.0276478
588848900972544736	21.69781	1.316712	-9999	-0.3011146	0.06842184
588848900972544758	21.76882	1.19264	-9999	0.01853468	-0.05225978
588848900972544760	22.10424	0.8673171	-9999	-0.03360889	0.09173858
588848900972544816	21.24385	1.426119	4.529783	-0.07925014	0.000324717
588848900972544823	22.17413	1.194596	3.451381	0.007699483	-0.2659492
588848900972544830	21.81678	1.106272	4.566085	0.04717577	0.07535262
588848900972544834	22.63556	1.244614	2.567714	-0.03949118	-0.3660443
588848900972544839	21.90604	1.162023	5.238432	-1.237663	-0.2055646
588848900972544862	22.12406	2.363259	3.424017	0.07480498	-0.2851382
588848900972544874	21.6412	1.823163	5.131002	-0.04806534	-0.1434171
588848900972544880	21.49676	1.04962	4.435517	-0.1821414	0.0972171
588848900972544907	21.74996	1.611013	5.018794	-0.1137439	-0.1435333
588848900972544921	22.34826	2.363259	4.055956	-0.01336262	0.2407427
588848900972544926	21.22676	2.022216	7.150537	0.04197882	0.03888878
588848900972544931	22.45112	5.266102	20.6575	-0.2225396	0.1994274
588848900972544933	22.16448	0.6992384	3.707532	-0.08695255	-0.1345059
588848900972544937	22.32202	1.732726	3.148825	-0.2675461	0.09019013
588848900972544941	21.96567	2.363259	4.155062	0.1711889	-0.1065627
588848900972544943	21.48316	0.7541802	4.7872	-0.2028104	0.002775589
588848900972544955	22.32329	1.642236	-9999	0.2066357	-0.1377033
588848900972544960	22.03928	2.363259	6.177616	0.2755573	-0.1837485
588848900972544999	22.47567	1.608466	5.679191	-0.2295747	-0.06294389
588848900972545016	23.32451	0.6375359	3.814834	-0.04914116	-0.4728883
588848900972545039	24.3191	2.363259	-9999	-0.4326778	-0.2813706
588848900972545051	23.00027	1.642658	-9999	0.5954197	0.1280687
588848900972545067	25.69792	-2.803262	-9999	-0.1396471	0.3864405
588848900972545083	21.93548	3.305783	7.12451	0.077775	0.1447233
588848900972545089	21.42746	2.363259	10.75954	-0.3397205	0.3556301
588848900972609565	21.31083	2.159611	-9999	-0.3166648	0.09081351
588848900972609621	24.46336	2.363442	-9999	0.7435641	0.3282245
588848900972609695	21.43704	6.278379	4.12045	0.2262725	-0.00357024
588848900972609711	19.74883	1.57789	6.992251	-0.1103322	-0.05161816
588848900972609715	18.45437	2.153426	9.544162	0.03034277	-0.06884327
588848900972609790	22.41123	2.363442	-9999	0.0009259197	0.1194643
588848900972609810	21.50478	1.474468	4.410814	-0.0850324	-0.12295
588848900972609818	22.05442	2.363442	3.396278	0.1246819	-0.1910512
588848900972609836	19.72365	1.555154	7.636512	-0.03081569	-0.003676227
588848900972609851	18.85768	2.430003	10.18196	0.02959921	-0.06176266
588848900972609946	25.43193	2.363442	-9999	-1.735855	-1.60077
588848900972609972	22.34498	0.5019634	2.906213	-0.1787062	0.1251605
588848900972609998	21.86548	1.894037	10.02137	-0.1577279	-0.08390789
588848900972610047	21.71947	0.6567154	4.098302	0.06128947	0.05396686
588848900972610061	20.88471	1.003825	4.611307	-0.1425504	0.001360924
588848900972610113	23.61101	1.834404	-9999	-0.1206368	-0.4755928
588848900972610184	21.71676	0.8677999	3.374766	-0.06616689	-0.01907781
588848900972610187	21.80996	1.396496	3.500322	0.01938879	-0.02801141
588848900972610191	22.49104	0.9059704	-9999	0.02152655	-0.199902
588848900972610200	21.89431	1.245374	-9999	-0.1266877	0.05428696
588848900972610207	21.40504	0.6988431	3.634968	-0.05444569	0.04795234
588848900972610228	19.84257	1.852595	7.712274	0.06341706	0.1210911
588848900972610245	22.3629	4.333836	3.678293	0.002311812	-0.2212013
588848900972610246	22.84873	4.333836	-9999	-0.2420282	-0.1099595
588848900972610270	21.75117	0.6749606	3.402694	0.02409569	-0.02641562
588848900972610284	22.09778	0.6439105	3.395843	-0.05586855	0.01649079
588848900972610295	21.49441	0.9787489	5.052333	-0.08071313	-0.126409
588848900972610299	21.84579	0.4623258	4.920268	0.04051162	-0.02908493
588848900972610385	21.99097	1.880567	5.790637	-0.07496753	0.2286572
588848900972610387	22.7078	2.363442	4.27692	0.01362658	0.4462874
588848900972610388	22.39025	0.8433858	4.279504	-0.1483122	-0.154406
588848900972610393	21.446	2.492278	5.250753	-0.1522048	0.162193
588848900972610420	21.84755	0.3802566	8.816223	0.1433562	-0.3052197
588848900972610438	21.85377	2.363442	-9999	-0.1000757	-0.08011786
588848900972610453	21.95325	0.67029	5.185086	-0.1156331	0.05201741
588848900972610456	21.76511	1.594794	6.288932	0.05186186	0.1588206
588848900972610557	21.57955	8.205552	-9999	-0.2635612	-0.01772437
588848900972610575	23.00052	0.3964274	-9999	0.1129459	-0.3229429
588848900972610593	23.23472	1.396334	-9999	0.3690545	0.3576872
588848900972610609	22.26673	2.404994	-9999	-0.2648392	-0.1517438
588848900972610621	23.11125	1.399426	-9999	0.9351875	0.9237764
588848900972610672	21.75173	2.363442	3.077593	0.4931894	0.01225013
588848900972610683	23.03816	1.442787	4.461264	0.1068122	-0.5846356
588848900972610684	22.71882	1.703239	-9999	-0.2082923	0.04123722
588848900972610685	27.51856	2.363442	-9999	-0.4221056	-0.07208057
588848900972675088	18.60329	8.205525	17.31236	-0.0935943	-0.06257787
588848900972675091	20.99736	2.146725	4.925886	-0.08943041	-0.01455443
588848900972675095	21.94847	2.720233	4.334966	-0.1413383	-0.0105295
588848900972675152	22.55617	1.555875	4.74062	-0.08936355	-0.1312931
588848900972675186	21.90508	5.266258	3.693875	-0.158545	0.1919648
588848900972675264	21.44007	0.8946806	3.402576	-0.03840138	0.0173243
588848900972675288	20.68843	2.230897	6.500457	0.2033487	-0.04335682
588848900972675301	20.73259	1.659079	5.273418	0.1167138	-0.03740308
588848900972675309	20.96697	2.081562	5.247468	-0.003652917	-0.101373
588848900972675331	21.76362	0.916775	4.124036	-0.07889834	-0.04219331
588848900972675369	19.75712	4.096918	7.425063	-0.0474709	0.01076959
588848900972675425	21.06023	1.124243	4.761845	-0.1141467	-0.08244812
588848900972675437	20.26008	2.174142	10.41701	-0.1268426	-0.3354741
588848900972675454	20.73724	1.732645	-9999	0.08437943	-0.3258099
588848900972675465	17.48674	4.787751	25.05834	-0.1135476	0.06634343
588848900972675531	21.25767	2.149204	3.986849	0.0283524	0.06493144
588848900972675543	23.07988	2.363415	-9999	0.07320957	0.07756792
588848900972675583	20.65539	1.534539	5.72308	-0.1090261	0.005849728
588848900972675595	19.07774	3.415827	11.77212	-0.06186813	-0.07001813
588848900972675613	19.09702	2.875559	17.72345	-0.1482991	-0.3625557
588848900972675685	22.1166	0.8041906	3.968544	-0.07498994	-0.09459235
588848900972675699	21.48104	1.300701	6.527501	-0.04507814	-0.08828805
588848900972675702	21.60051	1.163939	3.979728	-0.1052	0.0420572