587729149846946411	21.8012	2.363616	21.51815	-0.04595139	-0.8783301
587729149846946423	22.42489	-0.06552943	-9999	0.003117197	-5.288289E-05
588848900971299281	20.23095	1.420169	6.53625	-0.06593403	-0.003492329
588848900971299290	21.19057	0.9333423	5.226668	-0.05054829	-0.0777215
588848900971299300	21.16771	1.412679	4.451758	-0.04645927	0.0584022
588848900971299349	21.03934	1.738054	5.852693	0.01272333	-0.0102559
588848900971299351	19.05633	3.334176	17.40443	-0.4369128	-0.06375466
588848900971299371	21.95002	2.363302	5.775974	-1.00161	-0.2327604
588848900971299382	21.5922	4.333695	5.525968	-0.2499156	-0.02573179
588848900971299424	22.17	1.308102	3.432462	-0.03742683	-0.1399668
588848900971299435	20.63923	8.205412	4.060781	0.05287465	0.09464929
588848900971299496	21.80904	1.397971	4.155346	0.03605152	-0.04652103
588848900971299498	22.31331	0.8816856	4.404716	-0.170901	-0.1223495
588848900971299539	21.94943	1.149162	4.469878	0.08854347	-0.1691121
588848900971299545	21.43512	1.257598	5.855653	0.05701814	0.3674939
588848900971299570	21.20987	2.363302	-9999	-0.5185197	0.2696267
588848900971299600	22.57482	0.8483328	8.122929	0.1191742	0.03311394
588848900971299601	20.35145	0.5486956	-9999	1.326654	0.7402754
588848900971299602	22.55784	1.072155	3.147063	-0.01585536	0.1185585
588848900971299606	22.64569	2.034705	-9999	0.3289946	0.01546556
588848900971299651	22.8898	0.8980378	-9999	0.4846698	-0.115476
588848900971299713	24.95786	2.363302	-9999	-7.310286	6.423386
588848900971364368	21.17116	2.754417	5.434624	-0.1688025	-0.03227659
588848900971364371	22.06543	2.628078	5.6565	-0.189243	-0.6307306
588848900971364375	24.32595	2.346385	-9999	0.3048554	-2.481844
588848900971364385	18.43114	1.042273	7.449833	0.08208352	-0.01267816
588848900971364394	21.62559	3.366463	5.192951	0.03053855	-0.2432218
588848900971364476	24.39413	2.363534	-9999	-0.2175528	-3.082367
588848900971364513	18.77833	1.832151	11.91297	-0.009720451	0.03758621
588848900971364596	19.02225	2.767409	10.40579	-0.003887103	-0.2241074
588848900971364638	19.38774	2.82079	9.436478	0.1134947	-0.01145101
588848900971364661	21.96283	2.363534	-9999	0.5447652	0.890913
588848900971364681	20.43662	2.363534	3.884296	-0.09892743	0.1063472
588848900971364693	24.74096	2.363534	-9999	0.1431371	-2.445574
588848900971364722	21.5149	1.261444	4.662706	0.03519091	-0.1093486
588848900971364752	20.96355	2.173804	6.537115	-0.1697119	0.2082776
588848900971364760	21.79544	0.831185	3.869679	0.03397078	-0.01472463
588848900971364792	21.76348	0.3675114	2.978021	0.09466513	-0.1242263
588848900971364828	22.05921	1.767022	3.210189	0.06653187	-0.07187367
588848900971364849	20.50409	1.939092	5.650609	0.1439338	-0.04583403
588848900971364851	21.52726	1.686051	4.30913	-0.2322947	0.1119294
588848900971364857	20.86614	2.363534	8.101842	0.3592661	0.3879232
588848900971364859	22.57376	2.363534	85.79509	-0.4490731	0.07987013
588848900971364861	20.15177	1.976454	8.570581	0.08607601	-0.09033661
588848900971364883	20.82666	1.365131	5.072802	0.1382288	-0.1143846
588848900971364887	21.85285	1.951283	3.608253	0.09160035	-0.1144582
588848900971364888	21.5741	1.061952	4.2194	-0.1198005	0.03773537
588848900971364898	21.38342	1.045103	4.889747	-0.1306691	0.1146722
588848900971364963	22.03807	1.365246	-9999	0.02089861	0.1224229
588848900971365005	21.84106	2.613363	-9999	0.5394095	0.6505499
588848900971365016	22.10392	4.333927	6.46332	-0.0600336	0.2129928
588848900971365020	21.97541	2.385383	-9999	0.04666737	-0.05802735
588848900971365061	22.46451	3.306058	-9999	-0.1964635	-0.03050517
588848900971365068	21.42447	1.544838	3.802879	-0.04996916	0.1206615
588848900971365117	21.67615	1.918729	8.588642	-0.1541516	-0.399694
588848900971365135	22.3609	0.9728535	3.365175	0.03396812	0.1219452
588848900971365142	21.50235	4.333927	4.996722	-0.03209116	-0.2846276
588848900971365156	21.51403	1.516982	4.551786	-0.2003986	-0.1319296
588848900971365169	21.7217	0.7916387	4.402579	-0.04061135	-0.4123217
588848900971365192	21.78151	-0.8688165	15.7129	0.03233439	-0.3546284
588848900971365200	21.92896	1.070688	4.078951	-0.03566892	0.338231
588848900971365215	22.13974	0.8031002	-9999	0.1306426	-0.2059968
588848900971365219	22.70856	2.363534	6.961298	0.882432	-1.087937
588848900971365257	22.9247	1.642409	5.771788	-0.348653	-1.030324
588848900971365349	25.8147	-0.789646	-9999	0.09244001	0.8345989
588848900971365351	24.88202	2.363534	-9999	-0.3948334	-0.4974979
588848900971365358	21.97896	2.363534	4.215926	0.09792382	-0.2836873
588848900971429900	22.68933	7.229296	-9999	-0.2444283	-0.3167293
588848900971429908	22.29667	2.363344	4.774896	0.05368809	-0.3525009
588848900971429932	20.72369	2.839856	9.759617	-0.2845681	0.01989887
588848900971430052	22.29695	1.714227	5.116125	0.291004	-0.2346418
588848900971430142	18.35586	3.860608	21.31031	-0.3955069	0.1306958
588848900971430144	19.79239	1.125131	6.944266	-0.05165144	0.03820157
588848900971430147	20.79852	1.779681	5.974377	-0.1548431	0.07896689
588848900971430153	25.10748	2.363344	-9999	1.962964	1.396933
588848900971430303	21.64746	1.614373	3.962234	-0.0281624	-0.02703631
588848900971430327	22.28345	0.6584892	3.246202	0.06882252	-0.07554696
588848900971430331	21.17058	1.201205	4.034604	0.04570455	-0.2885197
588848900971430332	21.18481	1.326106	4.65904	0.07006566	-0.1136264
588848900971430340	21.5355	0.7933883	4.009725	-0.1119454	-0.07521445
588848900971430342	21.4023	2.255403	5.928929	0.3870512	-0.009496015
588848900971430366	20.54426	2.578031	6.202489	-0.07265817	0.01569067
588848900971430397	22.85735	4.333737	2.338504	-2.391842	-0.688031
588848900971430413	20.22983	1.760483	7.294968	-0.1627319	-0.1000006
588848900971430417	21.97424	1.212597	-9999	-0.7153937	1.615627
588848900971430439	21.2689	2.084677	5.951297	-0.1251223	0.02430448
588848900971430458	21.74678	1.328591	5.911435	0.1506335	-0.01824036
588848900971430480	20.94044	2.430107	5.963746	-0.1419157	0.3323066
588848900971430488	21.17829	1.421978	5.346941	-0.1203894	0.01363756
588848900971430517	22.00024	1.470166	-9999	0.1339855	0.1942467
588848900971430595	22.46729	0.9558004	-9999	-0.2213918	-0.151682
588848900971430605	21.1243	1.768422	4.679501	0.10109	-0.04232269
588848900971430606	21.4929	1.363963	6.223435	0.08513302	-0.01715765
588848900971430610	22.5032	1.077363	4.727418	-0.1764139	-0.01883344
588848900971430617	21.68472	1.751114	6.238012	0.2805655	0.2135989
588848900971430648	21.90309	1.213709	7.148556	0.01546394	-0.148719
588848900971430671	22.52268	3.305868	3.279083	-0.05776165	0.1717102
588848900971430693	21.41157	1.456856	4.078598	0.07728788	0.06592798
588848900971430699	21.9534	1.457715	5.549046	-0.3438785	0.3501841
588848900971430710	23.85166	2.363344	-9999	0.36992	0.05936354
588848900971430721	21.73053	0.8898828	-9999	-0.08534879	0.6789172
588848900971430772	23.64291	0.237843	-9999	-0.05876766	-0.3690032
588848900971430813	20.27161	8.205454	-9999	-0.174332	0.08497619
588848900971430814	23.04058	2.550506	5.254591	0.1576504	-0.0794267
588848900971430816	22.83074	2.574905	-9999	-0.1562245	-0.0004839954
588848900971430823	22.76851	0.2635173	-9999	0.2305311	-0.04828005
588848900971430877	25.7613	-4.977558	-9999	-1.124749	-0.8705838
588848900971430890	21.95921	3.305868	6.119314	-0.2249874	-0.01890457
588848900971430896	21.35593	6.278281	-9999	-0.5519152	0.3913751
588848900971430897	22.38471	1.509792	-9999	0.1068139	0.06264624
588848900971430901	24.83018	0.7541516	-9999	14.29224	-49.44473
588848900971495513	22.65065	2.363076	4.241742	0.09670781	0.1841237
588848900971495523	21.80338	2.537983	4.428887	0.04959671	-0.2127879
588848900971495561	21.66276	0.7447055	3.137014	-0.09151705	-0.08010079
588848900971495573	18.03803	3.366185	22.49902	-0.183016	-0.2617536
588848900971495605	23.74983	-0.5987031	-9999	0.8414971	-0.3617528
588848900971495626	21.75294	1.897779	4.194077	-0.2343845	-0.1885176
588848900971495686	21.20739	0.7743912	4.707927	-0.09194577	0.07496172
588848900971495735	21.40327	1.499321	5.774814	-0.19528	-0.1026433
588848900971495739	24.24718	2.363076	-9999	0.03810361	0.6248879
588848900971495810	22.78931	2.363076	-9999	0.03185176	0.04233501
588848900971495814	21.26409	1.369878	4.076145	-0.08231464	-0.1025465
588848900971495815	20.95311	1.48427	3.946207	-0.004796644	-0.08646396
588848900971495817	21.70062	1.866864	3.769924	-0.03328174	-0.04025663
588848900971495844	20.82526	1.650384	5.591025	0.0252224	0.02391068
588848900971495865	21.66404	2.303948	3.316354	-0.08824129	-0.1403104
588848900971495868	21.1913	3.295375	4.137043	-0.148493	0.02564918
588848900971495891	21.38369	1.520231	4.197501	-0.1177562	0.1248321
588848900971495901	20.18502	1.518559	6.64918	-0.08979752	0.06077652
588848900971495922	20.26153	1.546784	6.529261	-0.1058805	0.01075203
588848900971495928	21.36052	1.090665	6.175088	-0.03577615	0.1756676
588848900971496000	20.87651	1.101135	4.211651	-0.0240753	-0.02774245
588848900971496001	21.63335	2.236589	4.354291	-0.1182598	-0.07162725
588848900971496004	21.43061	0.5931185	4.65156	-0.01362188	0.1276349
588848900971496008	21.03884	1.65621	4.568819	-0.005924538	0.03036698
588848900971496057	20.76041	0.6678651	6.752941	-0.04708086	-0.02709908
588848900971496116	22.10796	1.609666	-9999	0.1002949	0.1030916
588848900971496143	22.1331	1.718717	3.276953	0.2367612	0.3194279
588848900971496175	22.3348	0.642722	-9999	0.002804881	-0.7422578
588848900971496180	21.38909	0.5638783	6.770169	-0.125208	-0.01646954
588848900971496186	22.03867	0.9563736	4.780791	-0.1161733	0.07403273
588848900971496191	21.84979	2.363076	3.889088	0.07729007	-0.1743584
588848900971496193	22.29569	-0.03166542	5.649013	-0.1258902	0.01808239
588848900971496200	21.5533	2.363076	6.596392	0.3124423	-0.1737012
588848900971496205	22.12049	0.4599833	5.93091	0.1534861	0.00625206
588848900971496229	21.64534	2.363076	3.993785	0.1258305	-0.1908924
588848900971496232	22.03152	1.834418	-9999	-0.5022103	0.9069211
588848900971496324	21.7969	1.657426	3.491613	0.06543282	-0.01633141
588848900971496327	21.19823	2.311015	4.608423	-0.1028078	0.2754288
588848900971496335	22.59436	0.9039806	-9999	-0.04959082	0.2143832
588848900971496339	22.34002	1.110448	3.2224	-0.008734184	0.2263562
588848900971496348	22.06042	-0.07925426	-9999	0.2314974	0.02926546
588848900971496369	22.55709	1.604895	3.228372	-0.1402948	0.1009484
588848900971496389	22.73336	1.312823	-9999	0.2422605	-0.1737313
588848900971496423	23.06968	1.133163	-9999	-0.07151344	0.2107433
588848900971496465	23.80039	1.826823	4.770081	0.314589	1.405259
588848900971496467	22.74658	2.363076	-9999	0.6131893	-0.1179358
588848900971496477	23.23234	0.3763623	-9999	-0.1504366	-0.07534805
588848900971496502	24.17424	4.33347	-9999	16.90774	-20.31595
588848900971496508	23.60866	2.363076	-9999	-1.028171	-1.866279
588848900971496517	22.34246	2.363076	-9999	-0.02332555	-0.1343174
588848900971560964	20.86436	2.69523	5.376971	-0.008393133	-0.02009274
588848900971560972	21.12505	2.157795	5.230226	0.1072773	-0.1108594
588848900971561077	21.40769	2.12153	-9999	0.01463939	-0.03335791
588848900971561104	21.99588	0.4210382	4.07176	0.2045351	-0.188468
588848900971561118	24.9614	2.363341	-9999	2.46292	-0.3068941
588848900971561135	22.09472	2.344926	4.846504	0.1229535	0.1546898
588848900971561145	20.62695	1.762286	5.634976	-0.1018191	-0.1464427
588848900971561171	20.11807	2.595183	3.43995	-0.2437765	0.07226466
588848900971561199	21.16343	1.508676	5.961046	-0.00942375	-0.1655488
588848900971561317	23.14695	0.9072858	6.812258	0.2707916	2.925066
588848900971561345	19.27506	3.350925	9.540272	-0.04335101	0.08400012
588848900971561357	20.618	1.619513	5.171293	-0.08807216	-0.03963557
588848900971561369	24.89897	-2.703705	-9999	-0.2842952	-0.167991
588848900971561380	20.53182	1.920551	5.598829	-0.01265791	0.02271168
588848900971561397	24.15141	2.363341	-9999	-1.958072	4.054279
588848900971561441	20.76433	1.671677	5.397397	0.03787858	-0.06927766
588848900971561442	20.63595	2.042338	6.222286	0.01851626	-0.03517002
588848900971561446	21.48477	2.663121	6.794009	-0.07657178	0.1172489
588848900971561456	20.91157	1.017561	5.998174	-0.1506447	-0.03362424
588848900971561490	22.39584	1.051999	2.230341	0.1005514	-0.2361147
588848900971561515	22.96607	2.363341	-9999	-2.201286	0.8145097
588848900971561519	21.28514	1.33738	4.271366	-0.002814118	0.07652528
588848900971561541	22.11713	0.957683	3.432596	0.04630307	-0.2293686
588848900971561549	21.02545	3.149004	5.539052	-0.3452831	0.07327672
588848900971561577	20.90901	2.435986	5.022629	0.1198319	-0.2356601
588848900971561610	21.86888	2.363341	-9999	-0.3172622	0.2182605
588848900971561619	19.7422	2.543249	7.501451	0.01094278	-0.02126013
588848900971561638	21.63295	2.363341	4.924597	-0.134756	-0.0415707
588848900971561646	20.25374	1.482277	6.040125	-0.1432034	-0.04633325
588848900971561654	21.50713	1.331036	4.362863	-0.1311661	0.08077668
588848900971561681	22.06453	2.072687	-9999	-0.02601958	0.02976868
588848900971561702	22.03694	2.363341	-9999	1.435701	-0.3374472
588848900971561732	21.55308	1.099345	3.669614	-0.1079743	0.02116044
588848900971561738	21.76177	0.7856712	4.351551	-0.05769601	-0.05915506
588848900971561753	21.66825	2.363341	5.986221	-0.2437807	0.009424504
588848900971561755	21.90743	1.15687	4.798955	0.004702562	-0.01307847
588848900971561764	21.87249	1.1966	2.971007	-0.06755537	-0.1004307
588848900971561770	21.43353	1.333901	5.306096	0.08662836	-0.08981683
588848900971561772	21.68544	0.6338474	3.979028	0.04730898	-0.1975966
588848900971561778	21.66669	0.4181888	4.126451	-0.08119412	-0.02707215
588848900971561780	21.43751	2.141021	4.916355	-0.2628312	-0.161159
588848900971561790	21.60311	1.852422	4.373974	-0.08053882	-0.1684021
588848900971561796	20.80957	1.318394	5.226794	0.6825292	-0.1738988
588848900971561810	21.84418	0.4032851	3.539892	-0.214608	0.3430335
588848900971561813	22.02236	1.598227	3.771435	0.06822231	-0.1317199
588848900971561814	22.27471	0.5900644	3.415697	-0.04131364	0.1434235
588848900971561833	22.21372	1.402559	8.3007	-0.01006481	-0.5575196
588848900971561839	22.28365	0.9738303	4.216592	0.01644115	0.1191391
588848900971561865	22.2253	1.183167	2.442984	0.01886392	0.1757582
588848900971561878	22.10314	0.6502403	3.453327	0.3317855	0.248948
588848900971561882	21.69331	1.40775	4.365731	0.05504633	-0.1860762
588848900971561916	21.87683	1.992448	4.45836	-0.1209903	0.1746854
588848900971561926	22.1989	2.363341	-9999	-0.229487	-0.006922915
588848900971561930	21.32196	2.976422	-9999	0.123334	0.1019525
588848900971561932	21.77886	1.223889	5.201916	-0.02527984	-0.09028777
588848900971561938	22.01377	-1.057678	4.735758	-0.3660559	0.1247472
588848900971561952	22.34789	2.363341	3.979015	0.2313478	-0.2349965
588848900971561973	22.36653	1.313509	3.518233	-0.04904578	0.06130274
588848900971562010	22.17013	0.02130286	2.681291	-0.01206367	0.04160829
588848900971562084	22.63794	1.777123	4.597875	-0.05347981	0.6396496
588848900971562111	22.66693	1.534485	3.970217	-0.2502146	-0.0786439
588848900971562127	22.81966	0.9434111	-9999	-0.3007096	0.1880677
588848900971562149	23.58141	2.363341	-9999	-0.5209663	-0.4353117
588848900971562151	23.23527	1.125343	-9999	0.4476877	-0.486577
588848900971562154	24.10259	0.6022336	-9999	-0.8077371	-0.9456083
588848900971562155	22.91647	2.363341	-9999	-181.6879	19.02236
588848900971562174	24.40015	2.363341	-9999	0.1633902	-0.08409249
588848900971562196	22.24059	2.363341	6.105776	0.1166841	0.3317013
588848900971626544	21.78646	0.5343072	4.562171	0.03823471	-0.2390727
588848900971626557	21.30627	2.078656	5.557486	-0.09081849	0.1556287
588848900971626560	21.49544	2.36531	4.663049	-0.08459952	-0.06898902
588848900971626582	21.66231	1.35925	3.95582	0.07204631	-0.05130806
588848900971626593	21.90121	2.363359	-9999	-0.08803903	-0.3104541
588848900971626677	18.67597	2.399152	12.05825	0.08767209	-0.05830654
588848900971626803	24.63912	2.363359	-9999	0.1806677	1.042566
588848900971626875	20.90373	1.511111	5.482795	-0.115793	0.1137901
588848900971626898	20.92564	2.739516	4.620517	-0.1287264	-0.1010209
588848900971626899	21.42228	0.9915977	4.478685	-0.1503397	-0.03072846
588848900971626942	22.23311	2.363359	4.306912	0.4095313	0.2121818
588848900971626947	21.43454	0.9346438	4.137997	-0.05697884	0.1160282
588848900971626956	21.96917	1.455456	3.899451	0.1138168	-0.1506094
588848900971626964	23.05907	2.363359	2.323015	-0.1835125	-0.5183865
588848900971626980	19.41549	2.297223	8.825183	0.1477455	0.04751434
588848900971627000	20.95261	1.483193	5.010969	-0.07626541	0.05786744
588848900971627007	20.44357	1.110512	5.473408	-0.1183172	-0.05993198
588848900971627059	21.53533	1.076625	4.5856	-0.1697951	0.02795472
588848900971627073	21.31799	1.64275	4.96618	-0.003789012	-0.01211975
588848900971627116	21.75942	2.363359	4.105904	0.1674372	-0.150738
588848900971627126	22.13637	-2.696249	-9999	0.05388914	-0.1099353
588848900971627168	22.15443	2.081002	4.439774	-0.1314235	0.2763261
588848900971627169	22.45422	2.363359	8.266793	0.002350989	0.00453482
588848900971627174	22.28374	2.363359	-9999	0.01898457	0.1096138
588848900971627178	21.92696	1.133301	-9999	0.6979421	0.6660095
588848900971627181	21.85068	0.7981423	3.186207	-0.06565586	-0.3989926
588848900971627194	21.42774	1.822509	9.961619	0.1634001	-0.1883658
588848900971627214	21.60346	0.3375202	3.348497	-0.006790065	0.02940048
588848900971627221	22.01941	0.7172734	4.998382	0.07874426	-0.1271983
588848900971627227	21.70559	1.222828	6.897053	0.3230188	-0.2118754
588848900971627242	21.27243	1.2211	4.079134	0.4421714	-0.8865002
588848900971627247	22.17263	1.65481	3.217042	0.1899622	0.03641275
588848900971627248	21.96325	1.204021	4.612079	-0.1740309	0.2226613
588848900971627251	21.51903	0.4983995	3.990591	0.04188814	-0.1745864
588848900971627308	21.31479	2.820307	4.367538	-0.04027553	-0.1083411
588848900971627335	22.19611	1.154372	3.3461	0.02682244	-0.009207834
588848900971627365	21.81079	1.955371	3.948329	-0.1771155	0.05330896
588848900971627384	22.35146	1.214965	4.126264	-0.07196984	0.05615418
588848900971627388	23.18475	0.7942367	1.932936	0.02029858	0.2771459
588848900971627389	23.18605	2.363359	-9999	-0.5401906	1.584444
588848900971627394	22.17998	2.536613	-9999	0.1414969	-0.1858546
588848900971627398	23.03203	1.100671	-9999	-0.006425986	0.138677
588848900971627428	22.63101	1.156078	-9999	-0.07271875	-0.02232392
588848900971627431	23.60783	4.333753	-9999	-3.91827	0.7998598
588848900971627440	22.89719	0.6736358	-9999	0.150936	-0.04753458
588848900971627496	25.24668	4.333753	-9999	-83.17085	-35.98392
588848900971627504	23.70968	0.2200835	-9999	0.2174351	0.3506081
588848900971627520	22.20377	0.4053076	4.394734	0.0397502	0.03593379
588848900971692063	21.53456	8.205748	-9999	-0.1295907	-0.2162378
588848900971692076	22.51111	1.565929	2.928569	-0.1289878	0.00363353
588848900971692089	22.42466	1.824719	3.72601	-0.4519064	-0.05138241
588848900971692110	22.49898	7.22959	3.188343	-0.009603659	0.01732334
588848900971692121	20.83651	0.9959837	5.042321	-0.02229011	-0.00947799
588848900971692134	26.83176	2.363638	-9999	0.1355805	-0.3903032
588848900971692165	20.74358	2.084602	5.239945	0.01041826	-0.1676414
588848900971692211	21.04305	1.015019	4.598258	0.03264292	0.07655022
588848900971692351	19.51173	3.140634	9.143523	0.01103298	0.01990491
588848900971692367	21.37506	1.431084	4.259438	-0.1886545	-0.1393994
588848900971692375	22.1342	1.279334	3.420594	-0.2251067	0.01748774
588848900971692380	19.90845	1.730924	6.381649	-0.003043369	-0.01454524
588848900971692419	20.30473	1.914632	7.919952	-0.1789521	0.007589037
588848900971692428	21.70731	1.086727	4.428274	0.03133018	-0.002122708
588848900971692430	20.89759	1.494411	7.555988	-0.02187311	-0.1619238
588848900971692449	21.48149	1.244218	4.349294	0.02588745	0.04829361
588848900971692467	20.57554	2.34765	4.636037	0.01246345	0.0009403365
588848900971692477	22.18162	4.334031	4.326543	-0.1173358	-0.3282122
588848900971692487	22.11347	1.424847	7.369578	-0.2669841	0.01545947
588848900971692509	19.73043	1.940182	8.512257	0.05190143	-0.06679821
588848900971692560	21.61265	0.5031163	4.816006	0.02223132	0.07407039
588848900971692562	21.95134	1.364515	-9999	-0.1125221	-0.01180906
588848900971692588	21.73152	1.102383	6.928456	-0.7259798	0.1305431
588848900971692594	22.32583	1.569062	3.176809	-0.02884487	-0.1334174
588848900971692596	22.16783	1.38904	3.691018	-0.02641813	-0.1677187
588848900971692634	21.75377	0.06324391	7.337126	0.2478466	-0.08949293
588848900971692648	22.19486	1.701792	2.844901	-0.0229225	0.0852488
588848900971692649	21.44501	1.907414	4.179092	-0.2487427	-0.07857206
588848900971692671	20.82219	2.363638	-9999	0.2207711	-0.9185247
588848900971692681	22.23005	0.998524	4.11587	-0.1342725	-0.07971679
588848900971692691	22.15676	1.592152	-9999	-0.1751664	0.03312941
588848900971692693	21.58262	1.248173	4.149059	-0.08030485	-0.03705393
588848900971692694	21.86321	2.363638	5.336731	-0.2127623	0.0522368
588848900971692697	21.67636	0.2438362	4.372023	-0.3982583	0.2571703
588848900971692700	22.40471	0.8721161	-9999	-0.1675149	-0.1069631
588848900971692741	21.64886	2.142174	3.753236	-0.0816109	0.2796167
588848900971692760	19.01516	2.119773	7.007682	-0.04169845	-0.009134391
588848900971692768	22.41336	0.6387283	2.750149	-0.1303538	-0.05166234
588848900971692772	18.61599	2.363638	-9999	-0.01700603	-0.003903073
588848900971692793	22.39367	1.609292	3.387696	-0.08102718	-0.1018549
588848900971692799	22.47653	0.4126258	3.599363	-0.04561666	0.2330666
588848900971692802	21.35486	1.601802	5.10348	0.02963715	-0.1103126
588848900971692866	23.04894	2.03517	-9999	-1.184189	0.4420713
588848900971692882	22.35897	8.205748	-9999	-0.3918164	-0.004573936
588848900971692893	22.67411	1.097408	2.633862	-0.1297539	-0.1919844
588848900971692931	24.69912	0.4917586	-9999	11.34398	-2.674218
588848900971692992	23.38354	2.363638	-9999	0.02813317	-0.1224346
588848900971757650	24.12264	2.363367	-9999	0.1377164	-0.2499074
588848900971757652	21.93582	2.363367	-9999	0.1179358	-0.7047427
588848900971757682	22.10762	1.226231	6.155833	0.07048154	-0.4183117
588848900971757769	18.37638	3.714453	14.88762	-0.07375991	-0.03176057
588848900971757796	18.90364	3.314399	13.08786	-0.1132842	-0.1049634
588848900971757833	19.38229	2.428354	8.975275	-0.06325991	-0.003956393
588848900971757936	20.99842	1.508745	4.974827	0.1485946	0.04386913
588848900971757964	24.26012	0.1456795	-9999	-1.658611	-0.5382903
588848900971757973	21.9076	1.574195	3.336322	0.05839425	0.1542445
588848900971757975	20.84822	2.101005	5.033675	0.02538911	0.003883563
588848900971757986	21.16536	1.958746	5.419184	0.007978966	0.06297587
588848900971757990	21.90998	1.160509	4.056661	0.1793156	0.154677
588848900971758002	21.32256	1.114692	4.552884	-0.103757	0.05232437
588848900971758010	21.59178	2.905281	3.802571	0.02731337	-0.02809896
588848900971758013	25.31654	2.363367	-9999	-0.8820769	0.2165355
588848900971758019	22.02195	1.280549	4.355824	0.07947303	-0.2542404
588848900971758027	21.67272	1.172516	4.023535	0.003118245	-0.06155727
588848900971758036	19.60494	2.363367	3.39988	-0.1180294	0.1566059
588848900971758085	20.37191	1.557782	6.579711	-0.1433218	0.07997092
588848900971758120	22.49045	2.363367	-9999	-0.3358551	0.167607
588848900971758137	21.70083	2.604842	3.815238	0.001693039	0.1194746
588848900971758147	21.8598	0.6332331	6.008456	0.06359501	-0.02676457
588848900971758153	20.74657	2.245177	6.63196	-0.02327731	-0.1632697
588848900971758166	20.77119	3.610587	6.129906	-0.09552656	0.06216452
588848900971758182	21.55426	1.845969	3.888865	0.04945653	-0.006417651
588848900971758187	21.64572	1.030398	-9999	0.229996	-0.1035884
588848900971758205	23.04726	1.915929	-9999	-0.0681391	-0.4977477
588848900971758206	21.71863	2.363367	5.280098	0.07459018	-0.216436
588848900971758213	24.46703	-0.5546603	-9999	1.427941	0.6124238
588848900971758260	22.03246	1.961732	-9999	0.0001236036	-0.1935056
588848900971758286	18.08206	2.363367	-9999	-0.8469181	-0.03480953
588848900971758289	21.52164	0.9573452	6.314909	-0.3161831	0.07091162
588848900971758290	21.85048	0.1745309	5.69333	0.0601578	-0.7966807
588848900971758292	20.8557	2.071937	4.854739	0.0355394	0.09990835
588848900971758297	21.95631	1.18554	3.821242	-0.3689641	5.315616
588848900971758310	22.01001	1.990361	5.307722	-0.0677133	0.1152499
588848900971758321	21.94598	0.3265901	4.189997	-0.01921385	0.09542806
588848900971758339	23.57445	2.363367	-9999	11.92131	-0.1679374
588848900971758341	21.18231	4.33376	5.236591	-0.1462545	-0.1131045
588848900971758348	22.47896	1.440502	3.422084	0.0836743	-0.04812686
588848900971758368	22.14733	2.363367	4.728106	0.05508854	0.1676237
588848900971758422	22.85659	1.303686	2.873132	0.1615522	-0.192026
588848900971758426	21.92782	1.924696	-9999	0.5200698	-0.1986129
588848900971758438	23.01673	1.529276	-9999	0.3960808	0.08691023
588848900971758441	23.15246	0.9465516	2.582164	-0.4122838	0.0928643
588848900971758498	25.46426	-5.489873	-9999	-1.397821	-1.367352
588848900971823118	20.97633	1.423427	4.127739	-0.02759403	0.05925058
588848900971823143	25.3977	3.305725	-9999	-9.480736	-6.246753
588848900971823196	17.50343	3.917535	18.21247	-0.01280226	-0.06080311
588848900971823206	19.92776	2.363201	4.236057	-0.1187448	0.05184379
588848900971823235	21.35594	1.389321	4.008125	-0.09342545	0.0126071
588848900971823293	18.72869	2.847258	12.60453	0.02222037	-0.09581183
588848900971823294	19.50441	1.741839	7.37539	-0.1255132	-0.02367241
588848900971823362	21.58384	-3.006693	-9999	0.6117244	0.01651584
588848900971823376	21.89288	5.266044	-9999	0.4968699	-0.2264843
588848900971823419	20.46541	1.511436	6.099086	-0.0783689	0.005002738
588848900971823427	22.7121	1.421784	3.823203	-0.08819772	-0.2823862
588848900971823434	21.75553	1.30789	3.673422	-0.08546732	0.03235731
588848900971823442	21.24126	4.333594	7.078452	0.07517206	0.2599846
588848900971823485	20.48131	1.726231	6.460132	0.00409074	0.230966
588848900971823489	19.95544	1.830342	6.230965	0.01299081	-0.02637389
588848900971823492	21.17038	1.262327	5.671781	-0.04512862	-0.005617849
588848900971823520	20.12348	1.867653	6.956291	-0.1838013	-0.05996821
588848900971823530	20.54123	2.0449	5.751627	-0.05337096	-0.04656897
588848900971823554	20.2555	2.814989	6.438687	-0.06766108	0.01571945
588848900971823574	21.81781	1.896742	6.008854	0.1393382	-0.2939391
588848900971823578	20.2844	1.186227	5.862113	-0.06110116	0.07813393
588848900971823594	21.34481	1.420239	4.412465	-0.165334	-0.150141
588848900971823605	20.81874	1.791677	4.276486	-0.2227685	-0.07634383
588848900971823627	21.82826	1.264559	3.672804	-0.06248763	0.1892501
588848900971823651	23.17271	-6.37354	-9999	0.09508041	0.2085749
588848900971823654	21.31607	1.205072	4.280783	-0.02699772	-0.06810118
588848900971823657	19.781	2.614737	12.81362	-0.3608252	-0.01921533
588848900971823684	22.0744	1.658134	4.402086	-0.1346802	0.1372437
588848900971823757	22.24099	1.380172	3.174122	0.1459104	0.1478829
588848900971823767	22.6768	0.9344262	3.790732	-0.1792196	-0.009892452
588848900971823826	22.50564	0.993972	-9999	0.1247308	0.05408338
588848900971823840	24.00775	2.363201	-9999	1.286998	3.169861
588848900971823843	20.88793	1.495939	4.11433	-0.1251366	0.02469889
588848900971823871	21.49446	1.850364	8.288699	-0.01022521	-0.6681329
588848900971823883	20.5951	0.1718473	-9999	-0.2243864	-0.2486226
588848900971823888	22.92648	0.4632773	3.734011	-0.005661516	-1.031183
588848900971823897	22.33043	1.505765	-9999	-0.03597263	0.01654378
588848900971823905	22.31644	0.6245813	2.525018	0.129216	0.074444
588848900971823968	22.61936	0.6143484	-9999	-0.196681	0.05722842
588848900971824009	22.73749	0.8123135	-9999	0.06610236	0.08678608
588848900971824011	23.22414	2.389818	-9999	0.521142	-0.4648752
588848900971824012	22.82344	2.363201	2.915383	-0.318258	-0.4978411
588848900971824020	22.76337	1.21356	-9999	-0.4616038	-0.1223089
588848900971824032	22.53086	1.910303	-9999	0.03528918	-0.06752462
588848900971824033	23.07952	2.363201	-9999	-0.6426889	0.5422838
588848900971824041	22.4987	0.8430454	2.672136	0.07093405	0.06653085
588848900971824046	23.01573	0.7140903	-9999	-0.01895189	0.02103511
588848900971824060	25.03048	2.363201	-9999	-2.500515	-0.2067079
588848900971824067	24.03986	2.363201	-9999	4.898919	0.9392667
588848900971824068	25.49878	-2.931802	-9999	-1.114754	-0.5342754
588848900971824072	21.82298	0.6866401	6.596108	-0.2971727	0.04872941
588848900971824073	21.9519	2.363201	-9999	-0.1818762	0.05423643
588848900971824074	22.52249	2.363201	-9999	-0.1835049	0.07415297
588848900971824086	28.17259	6.278138	-9999	0.185716	-0.1105825
588848900971888655	19.86612	1.831163	6.846782	-0.03558358	-0.04604864
588848900971888669	19.61462	1.80547	7.548029	-0.006326672	-0.0523871
588848900971888683	21.80693	1.516144	3.934942	-0.0953477	0.1037273
588848900971888721	23.18413	2.637807	-9999	0.2968217	0.1936238
588848900971888722	23.50107	2.362887	-9999	-0.2174186	0.01428264
588848900971888744	21.31899	2.361707	-9999	-0.1862631	-0.1480613
588848900971888780	21.51093	0.57329	3.398912	-0.006826119	0.03554692
588848900971888812	19.33992	3.131965	8.196569	0.001878354	-0.05461098
588848900971888829	23.18736	5.26573	-9999	-0.2732475	0.04907001
588848900971888929	18.24261	3.592193	16.71484	0.1060598	-0.0240324
588848900971888935	21.16549	1.701482	4.571788	0.03875686	-0.01362328
588848900971888940	19.47288	1.887601	9.10043	0.05263994	-0.1361167
588848900971888942	21.21017	1.149675	3.905477	-0.04008216	0.04675631
588848900971888951	19.6298	1.430512	7.288768	-0.0188277	0.03055396
588848900971889013	21.68707	2.362887	-9999	0.5738719	0.2372842
588848900971889039	21.25918	3.068308	4.467807	-0.1001222	0.04598799
588848900971889066	21.53666	0.8345832	3.618446	0.05759844	-0.04130401
588848900971889081	21.09413	2.150445	6.177884	0.1059271	0.1299045
588848900971889086	22.10155	0.371733	3.812992	0.03221023	-0.02967528
588848900971889087	21.12841	1.662977	3.94222	0.02315012	-0.01412444
588848900971889094	22.36719	1.60353	5.039485	-0.2944275	-0.02155442
588848900971889121	20.78699	1.048856	5.544447	-0.02552093	0.03863123
588848900971889123	21.28751	2.123193	5.043994	-0.1175778	-0.08150988
588848900971889131	21.88447	0.8177804	3.021259	0.01395468	-0.07787643
588848900971889159	21.69022	1.471032	4.261219	-0.01148696	0.0173941
588848900971889170	21.86001	0.1845959	4.091134	-0.01624485	0.3723771
588848900971889174	19.01864	3.267247	10.89926	0.0300337	-0.007289344
588848900971889178	21.5044	1.072702	3.999744	0.03650096	0.03540451
588848900971889182	21.00726	2.707254	6.77493	-0.1841186	-0.1936007
588848900971889191	21.60617	1.758431	5.117432	-0.06183637	0.1827109
588848900971889201	20.90322	1.354428	4.67679	0.01499643	0.09537246
588848900971889206	21.38086	1.309426	3.32574	-0.06192386	0.01166747
588848900971889211	21.28685	0.6402691	5.482962	0.1888692	0.03201306
588848900971889221	22.55877	1.411949	2.975021	-0.1803791	-0.146896
588848900971889232	19.98208	2.362887	6.528083	0.09766613	-0.0635489
588848900971889256	20.25044	2.927683	7.014719	-0.01114993	0.1363297
588848900971889302	22.23972	1.360431	-9999	-0.1967478	0.08004135
588848900971889353	20.42627	2.362887	-9999	-0.01175532	0.08981426
588848900971889357	21.90914	2.362887	5.658028	0.5472032	-0.1700978
588848900971889382	22.02967	0.9574723	2.923782	-0.06995459	0.03253743
588848900971889400	21.92371	4.333281	2.885836	-0.2123582	0.01485052
588848900971889406	21.13413	2.362887	5.398829	0.09127491	0.1312454
588848900971889410	22.05331	0.9763625	-9999	-0.03539653	-0.08718604
588848900971889414	21.70648	0.5273531	5.252376	0.2427877	0.1720054
588848900971889426	21.3599	1.598529	4.719124	-0.07410813	0.05381773
588848900971889430	21.917	1.170527	4.072659	-0.03368964	0.007144729
588848900971889453	21.57354	2.362887	6.441624	0.2142144	-0.08283779
588848900971889457	22.14199	2.362887	-9999	0.07702672	0.1457716
588848900971889469	21.59661	1.586985	5.175197	-0.1511011	0.1976969
588848900971889474	21.83455	6.277824	4.322484	-0.107563	0.09425099
588848900971889478	21.31728	1.102164	4.258964	-0.1282511	-0.05014979
588848900971889485	21.82122	2.084735	7.029499	-0.2638137	-0.04296708
588848900971889490	22.34948	1.187096	3.452883	0.09928316	-0.1175379
588848900971889498	22.17247	3.305412	5.205242	-0.01410133	0.03554947
588848900971889554	21.8609	0.9063524	5.188483	0.04852339	-0.0681525
588848900971889584	22.78275	0.7591742	3.316052	0.1033282	-0.178288
588848900971889590	22.08224	2.362887	3.6847	-0.1810636	-0.01994008
588848900971889605	22.80659	0.2712074	2.707882	-0.01133896	0.2187352
588848900971889620	22.91847	0.9515389	-9999	0.007465345	-0.2496253
588848900971889632	22.86992	1.143171	-9999	-0.170153	-0.2162199
588848900971889635	22.74797	1.173693	-9999	-0.07183837	0.507946
588848900971889643	22.74612	0.7502583	3.235013	0.1885174	0.06924725
588848900971889650	22.96811	0.5728198	3.808104	0.1561303	-0.3563567
588848900971889651	22.71122	0.5655341	3.151623	-0.1247923	-0.1251664
588848900971889710	23.72089	8.204997	-9999	0.7122691	-0.6454982
588848900971889719	26.23384	3.305412	-9999	0.1877375	0.04899077
588848900971889738	26.66149	2.362887	-9999	-0.01105845	0.100916
588848900971954260	16.55485	2.363237	11.68702	-0.1262432	0.0559444
588848900971954265	24.7192	2.363237	-9999	0.3424074	0.7072616
588848900971954269	21.563	2.363237	3.995229	-0.03401469	-0.05482461
588848900971954402	20.68628	1.364109	4.86309	-0.1029393	-0.006734148
588848900971954412	19.2784	2.845264	8.317509	-0.01237115	0.03992467
588848900971954417	19.4994	2.363237	-9999	0.07162543	0.005370722
588848900971954421	20.01411	2.363237	2.668994	0.4564873	0.1272613
588848900971954429	19.64394	2.363237	4.691707	-4.446591	-0.003021935
588848900971954456	18.41726	3.204652	17.87319	0.2152675	-0.06011895
588848900971954542	19.5823	2.440712	8.181104	-0.007459478	0.01719242
588848900971954547	24.25473	-0.725473	-9999	3.773057	2.263276
588848900971954586	20.36004	3.198186	7.138635	0.04213146	-0.03978925
588848900971954594	19.41167	2.938519	11.14433	-0.1240301	-0.01985508
588848900971954620	19.40008	2.410628	9.499043	-0.07780566	-0.02874469
588848900971954623	22.25712	1.239793	3.140153	-0.04625783	-0.1013417
588848900971954624	21.52653	0.1231196	3.937386	0.06736286	0.0826686
588848900971954631	20.18128	1.829116	5.696677	-0.06768957	0.05854364
588848900971954639	23.77164	2.363237	3.1729	2.069239	-1.501066
588848900971954690	22.29552	0.7922738	3.151374	-0.1891148	-0.01112974
588848900971954696	20.35663	3.479287	14.45374	0.01842273	-0.3761748
588848900971954731	21.3834	0.9973368	4.154331	0.05955057	0.06719843
588848900971954745	20.2426	2.80785	11.11318	0.1953818	-0.1952902
588848900971954754	20.8827	1.413136	4.446031	0.9511519	-0.2395858
588848900971954796	21.13074	0.9585487	4.732491	-0.03873986	-0.01729427
588848900971954798	21.03433	2.180897	5.742376	0.1450338	0.06536764
588848900971954800	20.99499	0.8237118	4.905245	-0.0488726	0.1510239
588848900971954801	20.99531	1.691332	4.516735	-0.03441349	-0.003454201
588848900971954808	20.73779	1.110576	4.687373	-0.03174177	-0.03529269
588848900971954824	22.38999	1.309551	3.176013	-0.04460815	0.08021612
588848900971954829	22.19055	-0.0466627	2.596383	-0.02628183	-0.05331889
588848900971954858	19.74812	2.176941	6.555595	-0.01361233	0.03089341
588848900971954886	22.20147	1.5266	2.899676	0.07079792	0.05235592
588848900971954921	21.7755	0.859834	4.150053	0.08026063	-0.01962197
588848900971954940	22.17987	1.766449	4.525476	-0.2937695	-0.04532102
588848900971954965	22.15048	1.06002	-9999	0.1294974	0.2818259
588848900971954996	22.89841	1.938431	1.836407	0.4627189	-1.001614
588848900971954999	22.36639	2.033771	5.567375	-0.7826285	0.03871942
588848900971955010	21.81458	2.363237	-9999	0.3565683	0.06352122
588848900971955028	22.17687	1.727803	3.669923	-0.02519808	-0.09324276
588848900971955030	21.29945	0.410452	4.546751	0.2192951	0.1267192
588848900971955037	22.38029	1.49762	3.618724	0.2325151	-0.5203862
588848900971955038	21.73168	1.732856	4.263235	-1.954508	-0.6752613
588848900971955041	22.9756	1.117506	-9999	0.5830046	-4.136675
588848900971955068	22.96647	1.874715	3.3388	0.5047651	-0.4993375
588848900971955092	21.81487	1.752767	3.880334	0.006949011	-0.001151942
588848900971955095	22.41235	1.639762	2.698917	0.3501174	0.01109807
588848900971955101	22.05303	2.363237	-9999	0.7400568	-0.3066026
588848900971955107	21.19547	1.911328	-9999	0.1511125	-0.008698871
588848900971955108	22.57741	1.875173	2.850955	0.08893337	-0.1080384
588848900971955138	22.61238	1.492982	4.349822	-0.5703391	0.4901403
588848900971955139	22.92537	0.8419285	-9999	0.4075436	-0.1055043
588848900971955177	23.82749	1.685115	-9999	-0.1586147	0.9665077
588848900971955187	23.40381	0.9227751	-9999	0.0134442	-0.367001
588848900971955212	22.11478	1.892309	4.215384	0.116497	0.2516565
588848900971955221	22.96091	0.3197887	-9999	0.3350124	0.01722572
588848900971955226	23.37758	0.7278971	-9999	0.3972917	-0.1304587
588848900971955255	25.0296	2.363237	-9999	3.73702	-5.063122
588848900971955260	26.44421	2.363237	-9999	-13.16709	-4.492826
588848900971955261	24.38318	2.363237	-9999	-4.387758	4.904106
588848900971955272	20.97045	-5.336541	-9999	0.07832155	0.2807523
588848900971955274	22.40819	1.098187	-9999	-0.1461806	-0.08399902
588848900971955281	22.8893	2.363237	-9999	0.07163011	-0.255156
588848900971955285	23.03871	2.363237	-9999	-0.7120113	0.3091146
588848900972019731	21.98489	1.81536	8.805849	-0.07215783	0.4337893
588848900972019761	21.77533	2.363395	4.885176	0.07714723	0.08610885
588848900972019836	18.72272	1.543814	7.94789	-0.01421803	-0.03033887
588848900972019847	22.46705	0.9461933	20.61942	0.06030859	-0.1108746
588848900972019870	21.20691	1.141085	3.888877	-0.0650918	0.01351227
588848900972019907	22.20647	1.749115	3.218021	-0.1478965	-0.09881517
588848900972020076	21.71922	1.685907	3.970118	-0.1373543	0.02504828
588848900972020082	21.42193	0.5906963	4.103832	-0.1581958	-0.02223499
588848900972020096	23.69722	2.363395	-9999	-0.56309	-0.7345481
588848900972020099	21.0098	1.883754	4.722087	-0.08112684	0.02518813
588848900972020111	20.05358	2.599006	7.997548	-0.03852624	-0.106519
588848900972020125	21.40944	0.8790616	4.420513	-0.01371098	-0.05600828
588848900972020155	20.72258	2.428684	5.290478	-0.02444522	-0.03495778
588848900972020174	20.73307	1.21585	5.218438	0.01357077	-0.004019811
588848900972020192	24.78339	2.363395	-9999	0.2953804	-0.3853828
588848900972020196	20.54129	0.7409609	4.968293	-0.09138619	-0.05682437
588848900972020197	23.08732	0.1500683	-9999	-0.2143224	0.1161482
588848900972020215	21.13905	1.334716	4.931882	0.01944391	-0.002848009
588848900972020222	22.32493	1.263148	5.589764	-0.05716263	0.10097
588848900972020249	21.42552	1.315488	5.471343	0.1866813	0.1284979
588848900972020253	20.35127	1.383926	7.303741	0.07157063	0.09589097
588848900972020259	21.16131	1.246768	4.536561	0.04038404	-0.06288813
588848900972020280	21.89365	0.9604992	4.454947	-0.04377901	-0.1187145
588848900972020284	20.26355	1.826648	6.860857	-0.02513714	0.05323206
588848900972020297	21.60718	2.540104	60.36105	-0.06092016	-0.09605011
588848900972020303	21.88003	1.542375	3.847412	0.091708	0.01325318
588848900972020342	21.93047	1.515246	3.673435	0.03288529	-0.04733774
588848900972020363	21.06804	0.9330135	5.321834	0.02209477	-0.1092765
588848900972020412	21.6604	0.129219	3.974398	0.1040599	0.01046076
588848900972020425	20.71852	2.233053	42.8717	0.3013318	0.01595872
588848900972020428	21.95303	2.363395	4.400099	-0.07925741	-0.03818777
588848900972020432	21.88547	0.8246204	4.842834	-0.1344461	-0.08547755
588848900972020435	22.31387	2.363395	4.524799	-0.06563373	-0.2509027
588848900972020455	22.21771	1.833771	4.049975	-0.02761706	0.1689734
588848900972020475	21.20773	2.140485	6.134493	0.09193078	0.08881524
588848900972020480	21.99919	1.410752	3.42879	-0.1018855	-0.03829258
588848900972020482	22.02847	1.768078	4.164857	0.0152839	0.1007607
588848900972020502	21.41126	2.010982	4.954186	-0.06704251	0.03386239
588848900972020514	22.02254	2.363395	3.639961	-0.2314812	0.130024
588848900972020525	21.59522	2.106913	5.521369	-0.2484345	0.02329388
588848900972020530	20.6719	3.245734	6.826028	-0.1634051	-0.2745812
588848900972020531	21.90368	0.4839867	3.310239	0.5931246	-0.0151299
588848900972020542	22.11253	0.842647	3.335327	-0.0724227	-0.004387252
588848900972020569	21.85793	1.608995	-9999	-0.1350824	-0.08367284
588848900972020581	21.98204	1.054794	2.793132	-0.01387838	0.04230336
588848900972020590	21.85707	0.7363759	3.424712	-0.0674473	-0.1655578
588848900972020605	22.68487	0.9273889	-9999	0.4306515	0.1769926
588848900972020658	22.56032	1.276476	5.157281	-0.004125144	0.035495
588848900972020664	22.89349	1.890908	-9999	0.0696128	-0.4372904
588848900972020672	23.80129	2.363395	-9999	-1.942852	-0.08124687
588848900972020678	22.86067	0.4931656	-9999	0.6702216	-0.3992732
588848900972020696	22.9215	2.064463	-9999	-0.2623735	-0.08934356
588848900972020748	22.5094	2.363395	4.699982	0.2350235	-0.08143567
588848900972020773	22.0031	2.363395	-9999	0.274305	0.0146487
588848900972085274	22.99366	2.363453	2.352837	-0.3164541	0.0215441
588848900972085296	9.52389	3.719664	77.2628	0.05265556	0.02548932
588848900972085397	24.82746	0.7211893	-9999	-0.9313308	2.892874
588848900972085399	21.06168	4.204949	-9999	-0.2341349	0.05890914
588848900972085418	21.61874	2.139021	3.137271	0.1432689	0.1678824
588848900972085445	21.40181	1.042551	5.610751	0.08616359	0.2015721
588848900972085508	17.88556	2.938544	13.9187	-0.01637191	-0.007724688
588848900972085527	19.87374	1.252931	6.622638	-0.0453846	0.001046757
588848900972085538	22.22356	2.006095	4.702857	-0.09441897	0.1248013
588848900972085540	19.79517	1.41371	5.898125	0.06039246	-0.06065369
588848900972085550	22.3741	4.333847	4.513317	0.1199801	0.3289986
588848900972085586	22.19704	1.893494	3.339791	-0.2218826	0.1469963
588848900972085617	24.71764	3.305978	-9999	6.080457	-6.408116
588848900972085621	26.00063	3.305978	-9999	-4.232213	2.16025
588848900972085630	18.9796	3.03757	9.597373	0.004678121	0.08542558
588848900972085646	20.4733	3.324744	5.93713	-0.1126237	-0.01865036
588848900972085681	21.20864	0.6484839	3.686263	-0.07497707	0.004156597
588848900972085701	21.50763	2.690515	4.527622	-0.3178863	-0.3520612
588848900972085717	19.86021	1.74837	7.019898	-0.03123169	-0.02100047
588848900972085723	22.36517	2.363453	-9999	-0.01516399	-0.2623049
588848900972085729	20.80392	1.349025	5.449383	-0.04521254	-0.04743832
588848900972085775	20.30253	1.303401	5.30807	-0.01541709	-0.08315239
588848900972085780	22.69617	0.6604642	-9999	0.1487217	0.1199259
588848900972085782	21.22492	0.9442137	4.593624	-0.0833819	-0.03535409
588848900972085783	21.37285	1.453373	3.770166	-0.09694603	-0.02055022
588848900972085796	21.14593	1.757044	5.495892	0.05154191	0.09694315
588848900972085827	21.02332	2.109849	5.081584	0.02984612	0.03356628
588848900972085831	22.19747	0.6966082	-9999	0.9689935	-0.7139005
588848900972085858	21.66568	1.278913	4.77536	0.2344757	0.1030613
588848900972085869	21.9745	0.6482448	4.112759	0.3003479	0.2707563
588848900972085893	19.32034	2.465945	9.794181	-0.2794912	-0.0008988546
588848900972085985	22.59023	0.7973222	-9999	0.0387553	0.05405713
588848900972085995	22.08654	-5.103244	5.146024	0.3271866	0.5301822
588848900972085997	21.34316	2.707775	4.628459	-0.2195537	-0.5818617
588848900972086021	21.83882	1.756144	3.215685	-0.006342967	0.005744843
588848900972086024	22.02154	2.363453	10.78364	-0.4440877	-0.03377157
588848900972086034	22.26825	1.117215	2.93669	0.2347196	0.158653
588848900972086053	21.5303	1.531803	3.831873	-0.08953567	0.03696235
588848900972086063	21.33162	1.120328	4.321085	0.0002123147	-0.02799578
588848900972086071	21.45997	1.732642	4.138754	-0.05481555	-0.1173358
588848900972086077	22.05882	3.305978	-9999	0.05930826	-0.0003828953
588848900972086087	21.46602	1.671307	4.433085	-0.1725414	0.06743337
588848900972086089	22.36132	-3.044391	5.342735	-0.1139819	-0.02381125
588848900972086101	20.99835	1.490468	4.894678	0.01483709	-0.05094606
588848900972086126	21.33348	1.961231	5.260542	-0.08390702	0.0153067
588848900972086136	22.1617	2.363453	6.074849	-0.06054189	-0.2815075
588848900972086137	22.10487	0.732323	-9999	-0.1515776	-0.02244338
588848900972086166	22.55617	1.623591	-9999	0.2184391	-0.1129109
588848900972086171	21.95258	0.6094865	3.420825	0.1533563	-0.1887489
588848900972086240	22.77864	2.363453	2.756269	0.094418	-1.141971
588848900972086246	22.87314	0.6406534	-9999	0.01325071	0.06887121
588848900972086269	23.23061	2.363453	-9999	-0.2417295	1.315063
588848900972086277	22.71645	1.294265	-9999	0.1995041	-0.1087871
588848900972086303	24.47306	3.305978	-9999	-18.78481	18.58668
588848900972086313	20.88046	0.6927555	-9999	-0.02141746	0.05390144
588848900972086318	21.23813	8.205563	3.517286	-0.7486171	0.4419654
588848900972086328	22.31488	1.885303	-9999	0.2814273	0.02410034
588848900972150825	20.51075	2.291409	7.303388	-0.08036436	0.1392702
588848900972150833	25.83988	2.160857	-9999	-0.8833159	1.301426
588848900972151008	22.06763	2.748109	-9999	0.08069915	-0.09528905
588848900972151022	19.17603	2.351552	8.959698	0.00314285	-0.01789457
588848900972151027	18.29945	3.494123	13.34339	0.02976712	-0.02106519
588848900972151065	22.52161	1.600177	3.05502	-0.4265103	0.006922493
588848900972151111	19.83734	1.7245	6.802469	0.04027952	-0.06908271
588848900972151135	22.32206	0.3908613	-9999	0.09478512	0.04165083
588848900972151145	19.55626	2.129649	8.206735	0.176421	-0.07293531
588848900972151168	22.02641	2.363274	3.573988	-0.08250985	-0.2002328
588848900972151210	21.12629	1.579696	5.117226	0.06653449	0.01517968
588848900972151223	21.25617	1.523387	4.324324	-0.01777376	0.04126949
588848900972151248	22.21392	1.212841	5.711326	0.07786508	-7.193062
588848900972151252	21.77126	2.363274	4.801985	0.04305359	-0.1277923
588848900972151294	21.35045	1.190233	3.744086	-0.1401576	0.1010616
588848900972151324	20.11573	3.177413	8.162514	0.02518909	0.1685815
588848900972151337	20.38297	1.758321	6.340332	0.1175189	0.5494376
588848900972151341	21.69246	0.2588417	4.260302	0.1422027	0.104927
588848900972151356	21.24872	1.080622	4.343894	-0.09017622	0.03324698
588848900972151413	21.98247	0.1681893	3.516511	-0.1278296	0.03665248
588848900972151414	21.7757	1.568406	3.924251	-0.1385701	-0.1574091
588848900972151493	20.80695	3.305799	9.537459	0.0743788	-0.06505538
588848900972151515	22.60263	0.96416	3.338368	-0.06338716	0.06181371
588848900972151517	21.82464	0.0296328	4.1535	0.4641711	0.156793
588848900972151524	22.02986	6.278212	4.009278	-0.3336888	0.05640148
588848900972151545	22.45053	7.229227	3.141539	-0.0882695	0.1403357
588848900972151557	21.92038	1.748459	3.137629	-0.3095531	-0.215224
588848900972151566	21.9499	0.9443872	3.424775	0.006860729	0.03823032
588848900972151573	21.90354	0.9943287	4.484799	-0.1509109	-0.05061879
588848900972151587	20.48922	2.376776	4.86335	-0.1667843	0.1293848
588848900972151602	22.28964	4.333668	3.187132	-0.0312456	0.07627694
588848900972151688	22.08009	-0.38111	2.45788	-0.5276124	0.04561273
588848900972151691	22.61404	0.793848	4.376129	0.6115037	0.008892667
588848900972151710	22.06306	0.459229	4.680793	-0.01570616	0.1230583
588848900972151718	22.34577	1.564237	3.241163	-0.1687997	0.08082366
588848900972151744	22.9075	4.333668	-9999	1.054489	-0.2819775
588848900972151753	23.46839	2.363274	-9999	-2.436001	7.281844
588848900972151769	23.39098	0.6251604	9.946636	-0.0770276	0.6577005
588848900972151794	23.01052	1.135695	-9999	-0.2342058	-0.3542061
588848900972151808	23.349	1.10525	-9999	0.3368519	-0.3901734
588848900972151810	22.84465	1.65952	-9999	0.08541598	0.03251047
588848900972151811	22.75759	1.231065	5.740326	-0.2899432	-0.2732062
588848900972151849	22.30762	4.333668	9.450882	-0.06697333	-0.219437
588848900972216332	15.98306	2.597873	27.49765	0.04268284	-0.08222205
588848900972216371	21.93432	2.531737	-9999	0.1518071	-0.4527663
588848900972216408	20.69783	2.363588	31.6943	0.01822088	-0.07727772
588848900972216422	22.03316	2.363588	3.708531	-0.1066753	0.03193045
588848900972216425	23.08163	2.363588	1.515665	0.09349253	-0.02057936
588848900972216440	22.638	1.016789	2.198979	0.1046148	-0.06286336
588848900972216455	21.27912	1.040291	3.679326	-0.05055641	-0.04948555
588848900972216531	21.31683	2.066083	4.165542	-0.06186644	0.179416
588848900972216600	22.36006	1.592227	4.163654	-0.08638753	-0.1028683
588848900972216616	22.47314	1.677614	2.087735	0.03825431	-0.0514168
588848900972216681	23.73776	0.9941097	-9999	0.9478958	-0.2186149
588848900972216686	20.52767	1.229254	5.426354	0.05723689	0.0640027
588848900972216712	23.87036	3.306112	-9999	-4.682037	0.3038504
588848900972216726	21.14967	1.230299	4.860312	-0.1317664	0.02922056
588848900972216815	21.41083	1.233494	5.051035	0.02389572	-0.2112542
588848900972216816	20.26468	1.489412	8.914472	-0.1510517	-0.1932049
588848900972216831	20.40565	1.497993	6.702786	-0.06917787	0.008915602
588848900972216888	22.6874	0.8215496	-9999	0.1245397	0.8776497
588848900972216889	21.81727	1.055101	-9999	0.3192165	0.1849426
588848900972216898	19.96902	2.056382	7.456913	0.02002977	-0.2254811
588848900972216910	21.22587	1.689994	5.56748	0.01819064	-0.1326169
588848900972216935	21.81272	1.673857	8.4888	0.1159856	-0.05873268
588848900972216950	22.00253	2.363588	5.077715	-0.1102929	0.1255604
588848900972216951	20.52297	1.560765	6.377956	-0.04021928	-0.02208856
588848900972216955	21.44326	1.548345	6.610164	0.3744203	-0.1452784
588848900972216974	19.35099	2.464529	12.05642	0.08794889	-0.3744403
588848900972216977	20.32253	0.9546173	5.846156	0.02134171	-0.01592688
588848900972216989	21.32189	1.470141	7.039643	0.1973754	-0.0379248
588848900972217019	21.09484	1.268869	4.186952	0.007996866	-0.0873969
588848900972217028	21.5044	1.373076	3.165226	0.1552869	-0.2644314
588848900972217030	20.99446	1.519822	5.024558	0.1064247	-0.002479456
588848900972217039	22.20826	3.306112	3.459539	0.142393	0.2574952
588848900972217065	20.88175	1.990191	6.958127	-0.2688926	-0.2562255
588848900972217066	22.31315	2.363588	3.684003	0.3245643	-0.01153786
588848900972217116	22.5087	1.005334	3.546565	-0.25041	-0.4149987
588848900972217121	22.1576	0.4907301	2.936755	0.4246642	-0.7814292
588848900972217122	22.10809	2.363588	-9999	-0.2291943	-0.040649
588848900972217182	21.96792	2.363588	5.685722	0.08980841	0.25258
588848900972217183	22.14306	1.916196	9.9765	0.1229526	-0.1222469
588848900972217192	21.71784	1.862646	-9999	0.6668141	-0.2365745
588848900972217223	22.4143	1.683419	4.103858	0.5002282	0.09246761
588848900972217232	21.59406	1.888706	3.679241	-0.1252876	-0.06333378
588848900972217297	22.32365	0.5543652	3.37463	-0.09407589	0.1600693
588848900972217312	21.8218	2.558272	3.909519	-0.1179166	0.06173662
588848900972217318	22.532	2.140536	3.997858	-0.2142481	-0.06623837
588848900972217350	23.03578	0.4684047	-9999	-0.3344581	0.1708648
588848900972217368	23.93721	1.338416	-9999	-0.09130631	-4.184097
588848900972217378	22.95669	2.363588	-9999	0.0495032	-0.2105401
588848900972217389	22.53211	1.497474	-9999	0.07388333	0.0126235
588848900972217418	22.86643	1.730865	-9999	-0.382616	0.06633572
588848900972217419	25.12466	-2.684064	-9999	2.442677	2.895543
588848900972217466	22.59384	4.333981	-9999	-0.6372663	0.3322546
588848900972217476	22.26607	4.333981	-9999	-2.447962	-1.697859
588848900972281943	22.04925	0.5749558	2.592011	-0.004046701	0.01427765
588848900972281987	18.81142	2.161357	9.648488	-0.02963291	-0.1117117
588848900972282019	22.16004	1.33699	3.277659	-0.167299	0.2701057
588848900972282058	20.26893	2.074679	5.410449	-0.04004763	-0.0003885645
588848900972282105	19.02033	2.038153	8.635199	0.1411172	-0.1544457
588848900972282106	18.65372	3.072943	15.58925	0.5336444	-0.005613348
588848900972282113	19.05077	2.086905	8.752737	-0.00358416	0.00751164
588848900972282125	19.54233	1.746559	9.04662	-0.1131674	0.02866494
588848900972282146	23.55667	1.640045	-9999	0.3688846	0.08576849
588848900972282174	21.94704	2.363155	4.201667	-0.1417224	0.3004177
588848900972282175	21.16836	0.8509938	-9999	-0.08654971	-0.1100748
588848900972282181	21.06251	1.504184	5.655522	0.02088206	0.05557131
588848900972282223	25.17253	5.265998	-9999	-12.4084	-23.33958
588848900972282229	21.32706	1.622512	3.668714	-0.01274047	0.004651408
588848900972282230	20.61573	1.853624	7.397561	0.1766179	0.188921
588848900972282236	22.28306	0.8493404	3.953801	-0.2484441	-0.2997605
588848900972282284	21.54244	1.172343	4.620537	-0.02665394	0.2937691
588848900972282286	22.50522	2.363155	-9999	2.873832	-1.670712
588848900972282326	19.63627	2.903212	12.66823	0.4428675	0.1624929
588848900972282327	21.72825	0.8185335	4.147953	0.09543188	0.1400954
588848900972282333	20.20274	6.623963	6.988089	-0.1118839	-0.0670843
588848900972282335	23.63901	-0.6739925	-9999	0.07612885	-0.5825648
588848900972282342	21.35872	1.65794	4.269464	0.06526978	-0.006399022
588848900972282369	22.37169	3.305679	3.708215	-0.3152887	0.08958926
588848900972282400	22.88182	0.1363113	-9999	0.8282906	-0.392272
588848900972282419	22.32375	1.261696	-9999	-0.02627209	-0.1147674
588848900972282425	21.62087	2.268891	4.297612	-0.01909771	0.02463537
588848900972282428	24.48232	0.631257	-9999	2.466347	-2.697715
588848900972282430	19.49232	2.235867	9.396165	-0.198131	-0.01823026
588848900972282455	22.17315	1.794626	4.953555	-0.003040908	0.08067141
588848900972282457	21.67513	1.605806	4.681426	0.0819985	0.2716897
588848900972282461	21.15922	2.558933	4.967616	-0.07268397	0.1215588
588848900972282470	21.48573	2.363155	5.263969	-0.1782178	-0.1622972
588848900972282477	22.05326	5.265998	5.107786	-0.04237416	0.1666014
588848900972282484	22.17135	2.011958	3.323379	-0.1761922	-0.06852742
588848900972282505	20.92653	1.65353	5.795082	-0.1756564	-0.03256046
588848900972282508	20.38645	1.843196	5.785175	-0.0005131436	0.012584
588848900972282509	19.55582	3.700399	7.974018	0.1075073	0.02819831
588848900972282515	20.70174	2.710993	4.659453	0.007857193	-0.08980706
588848900972282549	21.03139	8.205265	4.950804	-0.231144	0.01446549
588848900972282558	20.88846	1.933309	5.442449	0.05476451	-0.1341367
588848900972282561	21.43851	2.446223	9.657057	-0.2769592	0.03154485
588848900972282572	22.34237	2.363155	-9999	0.02915055	0.2022329
588848900972282577	20.84838	4.333549	4.962977	-0.09806526	-0.183692
588848900972282582	21.71276	1.598251	4.797755	-0.1505417	0.1099878
588848900972282592	21.26468	0.8806841	4.468292	0.05389874	0.0426731
588848900972282624	22.61841	0.8758143	2.966799	-0.2081319	-0.1769852
588848900972282652	21.87281	1.288956	-9999	0.1790905	0.1909157
588848900972282692	22.39202	1.63041	3.179098	-0.3109842	-0.1262329
588848900972282698	22.03979	1.520431	3.266928	0.05062913	-0.09073334
588848900972282720	21.60654	2.170829	4.026115	0.04641052	0.0885995
588848900972282734	21.40207	2.443925	5.465785	0.009504897	0.0789215
588848900972282744	22.10815	2.363155	3.461382	0.06935924	0.05059984
588848900972282773	22.40297	0.6721134	3.387757	-0.2073798	-0.08556583
588848900972282780	21.7736	1.871068	-9999	-0.1753727	0.1285943
588848900972282817	22.15615	0.5432471	4.407909	0.485009	-0.1905822
588848900972282844	21.23612	1.294031	5.145586	-0.1557741	0.08678856
588848900972282855	22.32077	1.662068	2.956791	0.05572231	0.1039372
588848900972282865	21.74397	1.091133	4.03104	-1.422098	1.604777
588848900972282931	22.9904	0.9564602	-9999	-0.095383	-0.08660594
588848900972282940	23.00467	2.415586	-9999	0.1058144	-0.1382548
588848900972282962	22.02722	2.772467	-9999	-0.2287777	0.3571427
588848900972282997	25.38989	3.305679	-9999	-18.03081	-16.93797
588848900972283007	23.76915	3.305679	-9999	0.1222262	0.1129926
588848900972283023	24.56269	2.363155	-9999	9.051044	-9.566406
588848900972347417	21.83524	1.382112	4.037196	-0.0595108	0.05101253
588848900972347604	19.68077	1.965082	7.732103	0.02802636	0.1662825
588848900972347640	19.80974	2.380403	8.873184	0.1053805	-0.03022553
588848900972347649	18.5892	2.758888	13.41852	0.05311059	-0.09546603
588848900972347714	21.69316	0.6824942	3.317886	-0.1034356	-0.03647989
588848900972347748	25.67797	3.305633	-9999	-4.02614	-16.36037
588848900972347763	21.11838	2.517579	4.7391	-0.01292674	-0.1654185
588848900972347764	19.78405	1.728971	6.536988	0.03952739	-0.009653119
588848900972347772	21.41572	1.965	4.451295	-0.1457068	-0.08209814
588848900972347810	21.29451	0.9976128	3.926018	-0.1031041	-0.002876717
588848900972347830	19.7767	2.13367	7.16341	-0.06104142	0.0296043
588848900972347833	20.58187	0.8854814	4.925063	-0.0456874	0.008311106
588848900972347852	22.75176	5.265952	-9999	-1.104279	-0.2780723
588848900972347866	22.38521	0.9625099	3.876909	0.1678184	-0.06689423
588848900972347872	21.70785	0.2023153	3.007023	-0.08175569	-0.0596787
588848900972347885	21.23428	1.122437	4.39988	0.06080766	-0.0241409
588848900972347902	20.94844	2.610601	6.027641	-0.2799206	0.03616624
588848900972347907	22.28132	0.7848158	3.307384	-0.1788959	0.1262093
588848900972347911	21.25338	2.363109	6.615501	-0.2495213	0.1429466
588848900972347957	21.31123	2.373488	5.494719	-0.2515687	0.1044967
588848900972347962	21.14281	2.070371	6.381575	-0.2509007	0.6355088
588848900972347964	21.30896	1.855381	4.235655	0.07891485	-0.06982031
588848900972347980	21.29717	0.444897	3.939483	-0.1168056	-0.02649843
588848900972347983	21.93059	1.108742	4.093286	-0.04862185	-0.1276336
588848900972347986	20.23256	2.11201	7.51505	-0.09395513	0.2675995
588848900972347993	20.79	2.363109	6.602136	-3.731529	0.0412199
588848900972348006	21.68775	1.875122	3.39197	0.05104953	-0.09838495
588848900972348112	21.60459	2.615504	-9999	0.1293242	0.117365
588848900972348139	22.21136	2.363109	4.345024	-0.2308929	0.006091107
588848900972348147	21.61008	4.333502	4.045733	0.08781033	-0.05721673
588848900972348160	22.03451	1.470775	4.461075	-0.0337864	-0.01551396
588848900972348167	21.89872	0.8766955	4.665227	-0.06454846	-0.1000299
588848900972348197	21.96112	2.110315	4.965878	0.1925748	-0.05735002
588848900972348199	21.29639	0.9279841	4.772064	0.09690426	-0.06558068
588848900972348200	21.78	1.358949	-9999	-0.009696941	-0.2160884
588848900972348209	20.75194	1.550273	3.157466	0.0209092	0.07072489
588848900972348210	20.97638	2.804601	5.360776	-0.1516537	-0.1981437
588848900972348215	21.36127	1.128509	4.212729	-0.102202	0.0986632
588848900972348232	22.08065	0.8812807	3.791212	0.069786	-0.02330962
588848900972348270	21.38362	6.278047	-9999	-0.5063516	-0.3552989
588848900972348290	22.228	1.864056	-9999	0.468392	-0.5062231
588848900972348292	23.38637	0.9608719	-9999	1.030995	0.5185343
588848900972348293	23.56624	0.4947665	2.47513	0.1705194	-0.1161201
588848900972348311	22.78377	0.5815244	-9999	-0.006594928	-0.08316991
588848900972348317	22.92317	0.9080369	28.33789	0.3142332	0.1151635
588848900972348332	22.90699	1.110712	-9999	-0.08960027	-0.6860183
588848900972348392	23.05509	1.601606	-9999	0.5096545	0.50871
588848900972348406	23.82451	4.333502	-9999	-0.6747259	0.2086754
588848900972348407	25.63901	2.363109	-9999	-0.2976896	-0.07451827
588848900972412941	20.83091	2.231149	4.999932	0.05490113	0.00749051
588848900972412960	21.33981	8.205319	-9999	-0.2766583	0.008791934
588848900972412985	22.24222	1.836683	5.681005	0.08991586	-0.1345221
588848900972413009	21.24674	2.36321	4.933258	-0.09680733	-0.0826958
588848900972413060	20.33702	2.36321	9.48317	-0.1875765	-0.1469656
588848900972413081	18.70062	1.900626	10.67646	-0.1432398	0.03629581
588848900972413163	20.99347	1.51508	5.116714	-0.04217185	-0.07132778
588848900972413164	21.53776	1.545375	4.074551	0.08133414	0.08755094
588848900972413215	20.31236	1.990306	5.806319	-0.08863302	-0.04978548
588848900972413244	19.22819	2.289781	8.451608	0.0069907	0.008403548
588848900972413246	21.08899	0.5046556	4.304496	-0.1236382	-0.01622257
588848900972413267	22.22336	0.9985594	4.173934	-0.1433909	0.5143313
588848900972413342	21.76812	2.36321	3.637418	-0.4899016	-0.09178462
588848900972413349	22.35821	-0.07052522	-9999	-0.1382745	0.09940164
588848900972413363	20.83703	1.426246	4.496851	-0.05293891	-0.1180502
588848900972413386	21.81762	1.242888	4.130129	-0.06262551	0.05906492
588848900972413457	22.49595	1.042917	14.36623	-0.03086302	0.1691144
588848900972413478	21.2657	1.158584	3.522268	0.02493288	0.002817447
588848900972413499	20.44995	1.810232	5.114057	-0.01916984	0.1205511
588848900972413518	22.06373	0.7641365	6.257307	-0.2825547	0.1709752
588848900972413532	19.79596	2.434582	7.063941	0.008060804	-0.01184699
588848900972413552	21.76628	1.522036	4.080556	0.03481984	-0.05314642
588848900972413559	21.95895	0.2028741	5.037469	-0.08805216	-0.1417151
588848900972413578	21.54733	2.36321	3.170215	0.09563022	-0.06670254
588848900972413582	22.11383	0.385142	4.844612	-0.1363886	0.1378978
588848900972413614	21.53307	2.856074	5.614168	-0.5011089	-0.04682923
588848900972413619	21.97143	2.36321	5.37323	0.07702371	0.1477298
588848900972413637	22.0745	1.301589	-9999	-0.08886837	-0.1747107
588848900972413653	21.43224	1.789015	4.849755	0.03794837	0.005423971
588848900972413654	22.49808	1.662265	2.439941	-0.3637631	0.02657643
588848900972413688	22.39603	-5.309238	3.349104	-0.4039238	0.09796996
588848900972413698	22.4711	3.305734	-9999	1.741244	0.5562496
588848900972413703	22.47104	-0.05168521	32.30747	0.2021658	-0.03026833
588848900972413737	21.79818	0.9649693	4.885035	-0.0740989	-0.1273403
588848900972413739	22.31042	2.36321	-9999	0.07291841	-0.03527331
588848900972413751	22.02978	2.36321	3.414308	-0.1044192	0.01022059
588848900972413767	22.46789	1.781309	3.052093	-0.05228976	0.05945963
588848900972413775	22.35552	3.305734	1.831394	-0.2205789	0.1322916
588848900972413777	21.71838	4.333603	3.471106	0.008914147	-0.08225369
588848900972413807	23.45485	7.229162	-9999	0.04619265	0.2364635
588848900972413811	22.73993	-0.3960714	-9999	-0.1941268	0.07122012
588848900972413822	22.51149	2.36321	-9999	0.6591833	-0.599225
588848900972413843	22.81337	2.36321	3.396326	0.2968239	0.03122302
588848900972413896	21.71614	2.36321	3.836782	-0.003847524	0.1624295
588848900972413897	22.33175	5.266053	-9999	0.3469416	0.3162551
588848900972413906	23.61315	1.547632	-9999	-0.4828353	0.3015726
588848900972413908	22.4372	1.756373	-9999	-0.1960242	-0.09742996
588848900972544020	23.71278	2.424293	-9999	0.648385	0.507309
588848900972544050	22.81806	1.24058	4.177667	0.2229397	-0.2508655
588848900972544070	20.90671	1.828842	4.971119	0.0959489	0.03480559
588848900972544101	22.15128	2.674178	8.801292	0.219311	-0.009440104
588848900972544116	24.73021	2.363259	-9999	0.3880877	-0.7470553
588848900972544135	21.38358	2.33417	4.605905	-0.3111456	-0.1029924
588848900972544239	21.40226	2.166587	3.50665	0.01873692	0.002486348
588848900972544262	19.16543	1.631826	8.018705	-0.06822851	0.02107211
588848900972544315	18.69511	2.287293	11.53782	-0.03790072	-0.1249354
588848900972544380	21.23251	1.751593	4.572657	-0.004734429	0.08990385
588848900972544392	19.82986	2.618844	9.559273	0.1262848	-0.1456342
588848900972544398	18.87814	2.511406	7.923713	0.04712799	0.09859328
588848900972544445	21.05917	1.251248	3.728093	-0.1156264	-0.008744399
588848900972544446	20.37066	1.381478	7.506246	0.1040106	0.06939949
588848900972544450	21.05556	0.8798738	4.729696	-0.07537658	0.2114646
588848900972544451	21.88465	1.045667	3.335204	-0.002434765	-0.02534646
588848900972544462	20.42577	1.329392	6.015287	0.09600479	-0.1029186
588848900972544463	21.8031	1.068594	3.742775	-0.0113862	-0.08517191
588848900972544465	20.60648	1.142825	7.098939	-0.03486493	0.1079496
588848900972544480	21.47972	1.423715	4.767636	-0.04513503	-0.04176677
588848900972544519	19.49369	3.285689	10.77873	-0.009452589	0.007087917
588848900972544536	19.34458	2.670736	9.700412	-0.01601217	0.06555089
588848900972544565	22.37721	1.061877	2.874046	-0.1197382	-0.003359249
588848900972544570	22.01974	0.7381813	3.372861	-0.1348114	-0.06827159
588848900972544583	20.21568	2.703506	8.593937	-0.1867293	-0.1856787
588848900972544586	22.20248	0.7872257	3.58745	0.007645681	0.01615023
588848900972544592	21.23544	1.672815	5.729598	-0.07035003	0.073941
588848900972544602	20.4495	2.899533	9.027542	0.04402418	-0.03992159
588848900972544622	20.4994	1.1394	4.63277	-0.09433875	-0.064646
588848900972544623	21.30373	1.328713	4.420048	-0.0061082	-0.04849905
588848900972544642	21.86772	2.363259	2.903645	-0.06553458	0.06604182
588848900972544672	22.70898	1.189851	2.745882	0.0539241	-0.02759086
588848900972544692	20.42925	1.615519	6.877609	0.1133681	0.007669684
588848900972544715	22.79889	1.041952	2.290965	-0.01461261	0.4239989
588848900972544722	21.14845	2.66901	5.025924	-0.02423993	0.1153062
588848900972544736	21.69781	1.316712	-9999	-0.3011146	0.06842184
588848900972544738	22.22804	2.363259	2.225168	0.004493408	-0.4790525
588848900972544755	21.1466	7.229211	6.746288	0.1424266	-0.1818397
588848900972544766	22.06441	1.851477	4.45821	0.4068615	-0.02525233
588848900972544767	22.44271	1.0518	3.215216	-0.003000853	-0.1054224
588848900972544779	23.82991	1.789535	-9999	0.9760219	-0.9603978
588848900972544784	21.6715	5.266102	3.865835	-0.07553048	0.6529275
588848900972544800	21.72103	0.4394435	3.181679	0.1039804	-0.1329543
588848900972544814	22.5081	1.17549	4.306951	-0.4703093	0.0727428
588848900972544865	22.09128	4.333652	3.082169	-0.09525793	0.02594508
588848900972544879	21.57572	2.582633	8.762242	0.2938389	0.01753566
588848900972544881	21.90963	0.6316657	4.069057	0.005274683	-0.117466
588848900972544920	22.58727	4.333652	-9999	0.1730243	0.1613096
588848900972544938	22.38465	1.016319	2.787393	-0.1734132	-0.05168625
588848900972544953	22.26616	0.939729	-9999	-0.02436749	-0.1399232
588848900972544976	22.30884	2.762331	-9999	0.4658973	-0.002300133
588848900972545014	23.29233	1.161713	-9999	0.1799124	0.04140966
588848900972545027	22.26876	1.673148	3.474758	-0.2695342	-0.2900129
588848900972545032	23.23343	0.5097015	3.846715	0.2262193	0.432238
588848900972545037	22.28214	1.098083	6.235757	-0.07082186	-0.3160537
588848900972545039	24.3191	2.363259	-9999	-0.4326778	-0.2813706
588848900972545040	23.16067	0.7824734	-9999	0.1159736	0.2086991
588848900972545045	23.01855	1.173445	5.510318	0.04449213	0.02466985
588848900972545080	22.14376	1.672843	4.087239	-0.433733	-0.1483524
588848900972545092	22.40123	2.363259	3.224387	0.1047944	0.01223381
588848900972609550	21.06959	2.407923	5.058021	-0.005110724	0.001790964
588848900972609564	22.04482	2.243262	3.374859	0.09164298	0.0667701
588848900972609655	20.58046	2.384837	7.608982	-0.007803496	-0.2258802
588848900972609662	24.05467	2.434024	-9999	0.5732226	0.1401111
588848900972609695	21.43704	6.278379	4.12045	0.2262725	-0.00357024
588848900972609709	21.85209	1.071115	4.091441	-0.005437339	-0.1621648
588848900972609721	17.42306	3.55355	26.04978	-0.1172559	-0.0593916
588848900972609764	21.30913	1.367826	5.228452	-0.1867869	-0.06399643
588848900972609789	22.02379	0.5625792	3.591143	0.1551722	-0.1900064
588848900972609810	21.50478	1.474468	4.410814	-0.0850324	-0.12295
588848900972609820	19.20908	1.720425	8.484443	-0.1149697	-0.1639404
588848900972609829	18.68168	2.368108	11.37848	-0.07392062	-0.00543966
588848900972609841	19.83805	1.607185	6.822484	-0.07945651	-0.1019242
588848900972609848	19.15739	2.068875	8.745423	0.04297616	-0.05013379
588848900972609927	21.94129	1.530978	3.471202	-0.03162373	-0.04591698
588848900972609933	20.78222	1.314526	4.964578	0.005933193	-0.04859668
588848900972610035	20.08087	2.198269	7.768393	0.2286877	-0.1228172
588848900972610036	19.41765	2.192988	7.630967	0.03143281	0.02511721