``RSjaK[IiITUqDAugCGug[SH	2978	2198	5001	5290	1640	8177	7081	8481	1669	9862	9742	7104	8540	1643	5970	3929	9932	5806	7032	9415	9902	3447	1517	4688	2499	3386	9800	6500	2696	5444	3115
HwaL_dKboxHCiech	5833	4450	7235	3137	1813	7295	4128	1551	9881	8250	9509	59	9392	1779	697	6617	8542	2306	6687	3928	9042	3755	4035	7137	8869	9355	9753	6293	7273	969	2674
QOKQNJ`RwxrUFt]AknEaiciI	6292	6229	9856	9124	6853	4951	7045	4738	1115	9881	5952	5082	7847	4051	5750	1729	3201	7062	2340	8518	2509	8926	4100	2434	2809	1186	4072	8296	7786	6496	4555
d`BZWWsgHgZuKAqv_o	2247	6165	1286	2630	5423	4948	6298	6126	7739	8074	5388	4909	4934	1699	7035	4476	2483	467	1168	6588	7664	1162	2464	3962	584	4607	1750	4955	2506	1862	412
Amn`CSllS`mrOUWRhQc	6510	2600	5513	5050	238	5552	3045	6820	3176	9235	1829	2215	6160	2450	9328	8032	74	2351	2571	1979	7486	898	7757	4758	2708	7025	6546	6290	7321	8245	9124
T\RLw_fIHUBQFi	4447	6358	8449	8949	359	8048	7294	3980	3105	8781	9816	8894	9085	5564	1983	7858	655	2783	3768	8355	1308	6537	2233	14	1546	7440	3434	7921	7203	5003	6404
WmYQ]xtCIktSCQxFoTH	4831	7577	606	4237	8138	2001	3957	8711	798	9678	1851	2972	7345	3755	7106	9102	9187	7327	393	1558	9552	8439	7560	4441	8892	8191	2896	789	7158	7336	7053
mBoDlwwOJHliODw	6318	9313	2481	6160	8259	476	1679	1486	3512	8217	914	4088	8928	7159	2599	206	498	8472	2063	8386	7558	2622	2058	1207	5480	9375	6877	6693	2100	8562	9116
iufdcbMbbAp^`fiF_DkRV	418	3463	207	9627	7957	1761	5244	1374	4084	559	5022	710	9754	8691	2558	3499	1951	1607	4175	7979	6532	5713	4753	337	4403	544	3690	4963	418	8974	3133
bBb^^ZZICrfEXfqGj\KGX_f	9856	810	1425	2449	6182	6761	8120	412	4027	2043	8371	4466	2147	1085	1473	4853	3190	7395	1601	821	3787	6542	8133	6183	1645	5699	8720	5393	9449	122	8008
FLGH`iw[ytn^Xu	5463	58	9312	6190	8281	1846	8057	8961	7615	3952	9364	8843	2604	3091	716	8471	1189	3361	9646	1480	2544	232	1706	8286	773	3485	4946	287	6656	5877	4794
yRHA\ViYecJpcl\Kd	2682	5590	9314	3370	7596	1335	9041	7953	3956	183	6224	7917	9065	423	3217	2533	1947	246	2772	4314	9426	5624	956	1880	8740	3998	3565	5811	2557	722	4896
JoBRwcC\BDdSJkacpAxf	8724	586	1049	923	2255	3897	4825	6651	9834	7126	8112	5395	9345	6312	2096	5670	7532	2031	8053	4609	5308	4052	1383	6379	8109	8970	6580	981	3156	8449	8487
bm`DPpIYSwcwtX	5084	2296	6466	9755	7390	6521	4187	5780	3380	1973	3195	9109	242	2344	9321	6934	1365	7415	2713	7323	8611	7427	4245	959	1119	6245	5510	5931	4963	8545	6090
sTePisRdVa]ChIePX	4643	8307	2513	8198	1018	4224	5403	7072	7949	5971	4506	259	8975	3527	6045	1320	6250	6355	3621	7258	6902	2726	8995	4167	4847	5627	5196	5805	9058	1125	7848
RMYfjtsp\GxHvXr	6095	5048	8572	3673	3626	1943	2122	8572	4154	1210	5634	3063	2833	9974	2847	4574	5007	3017	4580	7035	1196	3133	7116	9093	618	9428	9153	7227	6277	5307	2099
\MKKRiyryFUqCFJIVwO	87	6696	555	928	8902	7361	2114	2290	6898	1985	795	9916	3088	5964	5291	5516	8567	1207	1867	2367	9169	5818	6612	9271	3416	9135	531	2310	6073	2784	2213
GjbeYAhudEO_H_mC	8187	4612	7484	2728	6067	9420	552	3257	616	9594	4186	511	3645	321	6861	960	6724	8519	9501	3361	2803	4309	6808	4397	5555	3989	656	2030	7835	4930	7303
au\nZhqTyk_CS\KT^ApN	1264	5298	2727	8924	841	7902	7453	2240	5164	847	9665	9122	1741	7864	3335	749	9120	5852	835	2317	7259	2511	6976	8593	1737	4219	1685	5738	3269	1752	8305
xMEUf[mIc[POlwLZY	4974	8943	5761	8739	3348	8050	4059	4694	1667	781	394	4764	8891	6145	9125	3780	4136	680	9083	6980	6524	3209	6261	400	2503	9826	7734	6274	4929	6346	684
iZQyVOn[YpK_upS[dYJ_lp	4589	3946	8142	46	7306	3926	7363	9998	4520	5122	9606	8313	8664	5407	8444	5550	9219	3352	293	3140	3151	6754	5818	7340	9657	6508	2671	3908	5690	8302	1088
tbSDEr`aKBskvidYJqejn_	3723	9989	9804	5944	3199	9769	9612	1093	5645	3527	3698	7830	5828	9613	1683	3400	6623	3384	6639	6659	3346	2139	8672	249	8843	6054	2071	1766	9028	9185	1076
ROCI^NbsdLivK^Z[\lp	2529	9302	2142	6107	699	1565	2771	8251	7534	362	771	2800	9834	2060	63	2900	9140	2134	3582	752	4655	8634	116	4993	5124	5567	8329	1126	2619	3068	5847
TrOEkK^ruNWd\AtNaw	8051	3650	2550	1776	4987	5275	786	1235	4262	2763	3567	3125	9012	776	4973	9571	7127	8268	2049	9185	5412	7952	5423	6082	6288	8146	2030	6379	7955	2895	7415
xMEUf[mIc[POlwLZY	3539	4765	4176	7363	290	5268	8073	2103	1155	199	8378	5256	1325	5492	9577	4311	1620	5059	8327	5521	2789	8229	4923	1948	6198	2533	1404	6489	7944	4152	2342
mqnUYfl``_xlsBsb`[rg^DUi\	8455	7080	3723	6210	8183	6659	1345	5865	1137	8410	6784	8433	79	1909	7733	8890	6608	7585	4828	3274	9809	4635	2726	5848	3684	8706	3334	2109	4988	2680	1599
_Eeq`cDctYFhIiigdc_	4766	7677	5594	5748	2752	506	4174	7927	4035	2324	6969	3782	5600	312	9699	9444	4826	4813	7291	828	9693	8822	1978	4198	5456	8796	9029	6977	4101	4758	4650
jtKboc[ZLScgTA\uOt[^QFnMf	8467	4499	4687	2832	3176	887	6050	5256	3702	9910	5885	6351	345	3898	3502	8601	653	6958	4626	5402	2675	5584	9481	5897	539	2240	5829	1613	3176	5103	8971
R[doeMCEx\iXgPfaH`RgqkYZ\	4838	126	2065	8723	1911	9347	2545	6521	4085	1427	5980	93	8817	9215	7912	3135	6600	8180	5174	8009	9568	10	6499	8287	7274	7410	2260	4573	5616	8213	8935
Y\RLqgmqFCNUlJlbORoh	2090	9039	1980	605	4277	7823	5091	1424	8081	9860	5900	406	7330	6511	6393	8133	3114	4814	2264	7583	9137	5957	1296	2495	3115	3510	9040	9611	5991	5723	8820
XBFuuVsfvQPYylthoeD`c	9629	7429	3517	6124	3696	4677	6363	9213	5989	6585	6745	2981	6471	3065	3396	3096	3586	3650	299	7322	9495	5745	4493	8769	5157	2982	5084	7286	2705	7426	1004
`al^ZqeLSClOWxpN`s[DGp	3339	6090	6327	5259	6328	719	3699	6116	2511	6111	1047	6924	5691	5844	4113	5719	6873	3017	7822	9753	344	5420	4862	3081	8408	8093	99	9262	8222	3693	3586
\Lxt[X\qKdyUfZk\^RtJp	5982	362	5913	4857	191	9053	5607	5748	7436	7624	9970	8504	2243	6753	3403	3657	7932	8216	5823	9716	3064	5687	884	3455	2	2674	3563	7979	7599	9589	5726
\ESvmRPGZTtsluSC	2531	1648	8389	863	4607	9746	9576	4490	9583	2095	6052	2331	1312	8001	8113	1197	6406	3866	692	1866	9123	1061	6424	8273	2671	4969	7076	8430	5182	4071	6137
`dPihpQWvbvNXGKqbBuB	5681	6899	7618	7387	7359	7460	6059	2135	5254	4194	1415	1956	361	2855	528	7371	8151	3723	8824	7470	9927	2477	1067	6316	9433	3030	3854	2041	4985	1467	1812
QBFv_XUO[uLTUZnSng[YIbYx\	7295	3066	6972	7298	5921	4687	662	7657	3015	5316	1200	6729	8872	7138	6026	7214	4173	3172	5446	6229	7780	2010	1033	5164	3752	5123	3001	9926	2762	8065	992
QsuSpZavyhdbkgcW_l_H\AeB_	8262	7887	9983	8636	9572	9980	8263	1224	1780	1543	8167	1871	7613	8235	8725	7957	7284	9057	6369	3062	7955	5818	8037	3048	4371	5185	5573	3436	7477	9595	5677
hQIwk_k_rBUK``MDufH	4306	7537	2025	9582	8876	2227	7796	841	1675	1364	7694	142	9012	4223	280	199	6642	6766	6389	7842	769	6224	5672	4943	2350	7301	2585	5869	7112	2240	7152
XBFuuVsfvQPYylthoeD`c	3825	1571	8066	7263	1641	4545	8987	4728	4120	3827	4853	7171	5368	8177	4639	9977	5902	9426	8147	9115	1256	9604	9636	9046	606	8512	5151	9407	4082	1801	6507
\LNDGatXgQLrkRHsrMOyEPp	1248	5080	133	1382	9482	6757	1494	9984	1841	2924	9547	1461	9753	7046	8954	7832	6103	1490	1225	3422	6341	5708	2226	5648	5052	663	6240	1799	9735	1188	9152
LIurIChloyf^Z[ixgjjy	2250	689	6950	4388	6559	4874	8411	2119	6485	1047	194	3015	5054	9821	9909	456	6413	5345	6801	8529	6696	6461	9796	8109	3751	474	6926	1109	8514	644	9924
OtYFkMPtAejwHCKFv	2472	2030	8508	2229	3041	2653	3207	554	7747	1792	3888	3071	8416	6124	6659	5021	34	8320	6121	3096	8623	246	339	4608	132	6880	9837	7980	316	5501	6366
^un[wiYBXZn[`ZTxZjDbO]x	7733	9733	1363	2003	4257	9827	9601	3208	8615	6154	5616	194	5711	8926	4705	3140	6162	2003	265	8773	7310	2514	6684	4126	9154	8177	1491	6791	333	1630	1383
_Eeq`cDctYFhIiigdc_	4649	5077	8393	2416	9312	2595	7674	3170	359	6048	7671	41	1716	6077	5580	180	1402	1026	8736	3433	3635	1573	4451	6024	3318	6771	1568	1933	5504	627	9114
mBoDlwwOJHliODw	8712	5810	9162	3206	4674	5091	8884	6544	8829	9893	3524	8103	7360	6111	8851	104	324	9015	9387	5493	6421	4792	3239	6432	8847	8669	8901	8525	8465	8771	5527
tpRaef`eaoVEInKtHwe^Z^Qk	69	4797	266	7692	2058	3686	9341	3641	2681	7324	4276	2214	2599	9594	8909	7981	3947	4839	4443	151	4800	2897	5726	8211	9569	5094	8395	1728	8172	3846	2409
\`o^LshCrQ^ZFHp]mSQ	6023	6875	9427	6485	9336	1757	403	2561	8456	387	6174	2320	3710	9150	1411	2562	7102	9388	1626	9680	5638	3505	7812	1963	9358	9533	8128	1810	3637	9755	3361
VREGQ[H\^s^xgM	3257	9610	9003	6842	6943	388	5323	4704	5531	1635	2027	8861	2830	3166	4429	2261	8671	1127	3313	3192	4499	6682	4943	8911	4438	5468	4297	8348	5297	6573	4299
Y\xtlyZ_^\os\^aUTT	2160	176	7981	8861	1148	4523	3414	2301	2595	8634	590	7225	7058	872	9524	6793	9724	9354	1649	5807	1119	3774	5704	8071	2212	7134	4854	1143	9006	6892	7524
Ls\Hf`fyXlJBIL_K[G[pis	7634	1216	1969	5665	9517	1372	8862	8118	2572	1653	3201	95	7322	4180	7482	3012	6667	7263	7778	984	3565	7461	684	8805	8586	6510	2086	5458	4850	9229	3351
fZWmvvIAUw`FrmropMlJaG	3140	3920	9286	836	8142	6285	3974	1550	7492	8047	5668	3669	9201	1631	3856	4480	3482	5156	5811	2656	299	9259	3025	7747	2831	4701	9542	4253	2007	2494	1002
NB`XlnFiDDvuyTsBDOt_VZ	3110	9520	3962	6104	4671	9070	349	6279	508	9369	2151	4043	2697	3339	5766	171	6600	8521	6357	6793	8233	6849	3574	7376	8276	5692	1542	7928	5211	142	2318
gXkkf^gAqsIS\DE\aC	2529	6533	2887	3808	1887	6811	1312	448	3205	4192	9333	1732	3130	2817	2368	3975	8541	8214	6071	1053	6342	3921	5191	9767	7738	2030	5514	8028	6022	3203	2816
TIGHiJXiPWXnCT	5144	6058	6486	570	9002	6843	8729	3487	2563	2863	3889	8401	5965	793	7997	8510	4589	7911	3688	9122	4771	9409	2854	3714	8200	5482	9910	1165	1839	9660	6047
b]lmmEK`TjnWmDLmPyrKWYYTd	6465	9079	5392	515	2852	9641	4444	5438	7893	2357	8564	8194	1410	1437	8817	1762	9453	3286	7230	1316	3066	5765	8151	2125	5438	9554	4555	24	2609	3336	474
wmMIkpCMfN^OKbtYrE	9453	1008	8935	9376	7531	7430	1799	1672	1975	1947	8540	4594	5048	9185	5589	2609	5	8876	2341	5911	6203	8064	4974	749	1844	9427	7174	2024	6656	5232	7301
[]SAsUNgCRyayvcn	6626	161	901	2033	1889	8462	2457	39	9336	6122	103	7939	8536	6515	3103	6412	5057	3064	3732	9834	9174	2380	5113	1047	6219	9553	7381	2609	6201	7918	7694
aLifFRfS[FMXhbt	2973	7869	2495	4740	3681	9613	5262	3215	7534	4448	2996	5727	5876	2096	9167	3845	380	3029	4053	1595	1611	7902	9911	4168	431	1142	881	9643	8734	8817	9334
au\nZhqTyk_CS\KT^ApN	1251	8417	9083	1521	5337	5202	1284	7232	4094	4321	6556	2999	6404	1621	8834	1471	3558	6682	9287	5250	7931	1482	4174	7614	8175	1061	7611	5522	2561	666	9812
TdnK[MrZaBrdrIuynd	8504	7248	116	8995	2477	8680	1215	4706	5550	4906	1183	5671	9159	1147	5050	8121	8405	2965	1016	3188	3899	2291	7889	8787	8442	8305	3650	612	2119	4512	4264
XBFuuVsfvQPYylthoeD`c	8749	9456	6613	3775	5823	698	532	8280	4460	2887	2438	7622	545	8508	6793	4729	7233	5256	8473	4717	3532	3025	489	8294	3756	1545	2265	3764	6388	508	5391
IFguQqcodwpxliTiRE	226	1519	8712	4727	8101	3755	4766	5286	380	9326	8951	7584	1661	4765	270	7131	8615	8521	3722	9732	5638	6255	1432	7378	6350	3201	8692	1047	61	3888	6095
WrKuIw`QaygxsZTy	8702	8550	7573	4787	5067	3876	9198	7670	952	2557	1570	36	5779	2929	3738	9444	9956	9116	1130	1926	1818	243	1376	4340	480	549	5251	4179	1692	8411	2950
XBFuuVsfvQPYylthoeD`c	7040	7836	7477	8181	8560	4191	7873	6974	1851	4402	5251	2924	2496	8877	9122	1161	4992	9259	6122	8402	2508	5657	1779	2901	3258	3767	4414	8321	3456	5109	4696
xMEUf[mIc[POlwLZY	203	4194	6648	1799	7440	5510	265	7170	7209	2331	1570	8452	3356	9327	5181	4632	2391	3115	2366	8754	9284	1935	803	6819	8103	9256	1430	7313	7884	3676	5383
iNHso_wVEZiaxUqymqRB	4629	5153	1540	1222	6707	1073	9013	3798	3551	7949	5727	1239	5802	5483	9185	4737	4383	3737	3362	6681	7683	6786	2036	1453	9157	8472	2546	2439	9021	7640	7635
LTpEWgTx[gRu_xmKk	5757	4060	4085	3446	1229	1063	6839	3400	2468	1478	5011	8990	6467	2200	9481	9425	4557	3824	2479	1242	7687	9424	650	774	5608	9103	738	1860	2346	1779	4611
mBoDlwwOJHliODw	7588	1216	6814	5136	8796	3408	2948	8143	1929	9578	9010	6373	6723	3921	4907	4907	4857	3489	7451	1314	5780	7456	8873	6948	3065	5343	6791	2841	7157	1320	4782
k_jMbl]\jnw\HZTJaVT	7606	9894	7697	1972	409	8408	8593	2031	4993	3722	6851	9434	2878	6550	5041	6191	261	3435	276	3757	2648	3142	7499	7525	8462	8394	8422	6120	9217	4056	375
TJmY_CKr`sR]Nm]CNq_BMc	5293	8252	5422	6726	6448	2440	4179	320	400	7836	162	128	1022	1347	7619	7124	7868	3034	5107	6664	4528	4384	3742	5470	6383	7749	7734	9111	7714	6382	8634
IFguQqcodwpxliTiRE	4393	6144	2869	4575	6161	9363	8678	1238	6064	8703	9166	7696	7334	4332	6946	2003	7643	6091	4896	5964	6803	9257	5536	182	3195	7850	5845	8274	1578	2351	6843
XBFuuVsfvQPYylthoeD`c	9589	3120	7122	1097	2640	3423	7483	3116	6490	8519	7037	1464	5651	9799	3720	9267	9227	5134	1357	7781	6341	2798	6689	4362	3416	4826	2506	4317	6936	8311	7312
XPRpW_Tgxx`FEOKdMQHWf_BM	6492	1559	9318	9483	447	1678	5154	1831	8276	2310	1934	2602	2616	2751	7297	5892	635	1771	1940	3593	4655	1037	4400	7805	9351	204	7492	5673	3769	1984	2861
Tg[nDnC\i`H_wmlgolOV	3142	2841	8667	1171	1589	1520	2465	3959	9060	1233	479	6963	6209	793	3718	7727	6046	2569	1544	834	653	2193	6153	9319	5155	2629	8606	459	3609	9419	3841
mhVdKasB^yNYMujmDI_TQdmk	21	4816	7873	4768	8400	7668	749	7041	9773	5848	25	2472	8778	4190	9485	551	1462	182	160	976	6162	1204	9374	9241	5187	2384	2994	7161	4173	2673	3323
IbBDiYpWIUUoQkCkoRV	3621	5455	4075	2506	9145	4901	1592	5750	6762	6097	3732	2394	377	4571	8708	9006	8401	1113	57	4212	5481	9623	6814	9844	5422	3582	8646	4357	6812	9903	9360
UPKXl`KXrr^FBv]Lb\	9894	7769	9234	9365	1800	7713	8753	6440	2389	990	5381	3641	7079	3308	7615	4577	919	9490	9307	2675	8643	8720	5806	6399	3735	5362	9239	3131	7815	1868	927
UMSVlyw\jrjmALsPLGumxs_VX	9063	2776	3513	397	8312	9664	65	3708	5549	7688	67	6339	2843	1822	4765	3059	5303	1683	8989	7054	555	9083	9750	7304	9041	3611	6300	9462	5670	6393	8563
Vgq`ohfloQsttIgNkGc	3122	4213	3131	1441	579	4592	3585	2030	9166	4063	6267	937	7791	8160	9308	476	1981	2200	8686	2025	2056	5913	951	5903	138	253	7223	166	4344	7242	9782
RMYfjtsp\GxHvXr	5109	2037	8550	3810	7926	8978	7899	6818	9716	3121	9486	2512	7302	9426	8296	418	3542	2131	2533	8978	2706	6441	9089	3517	3973	7702	6524	3935	1042	2291	1750
BZ\`nPpveQibjxBi`dXiRpst	4241	1063	2354	5712	2807	4239	9262	8580	2694	3452	9888	8516	8575	9481	1598	6971	7104	3984	9475	6388	8174	3006	5753	1982	4316	6611	6240	1497	6161	9823	565
dVTrBMBybwZhwKth^fcZ	6860	9870	9225	6433	5930	1931	691	9994	4228	3067	6986	6928	642	6268	5401	5082	9551	2734	6218	547	9383	7220	5131	7558	3671	7730	5002	7473	4560	1839	185
hddfmiaSKDGYch[a\gtPT	7256	7789	7934	9764	7726	4889	4869	4069	4484	2591	7801	1410	8714	6045	6558	8104	8152	733	3584	8538	4048	5154	1832	3114	4382	8023	9974	5378	9945	7812	5637
xMEUf[mIc[POlwLZY	5164	5173	7259	6079	5325	4288	3840	9697	3759	4958	917	2791	9043	5606	7676	1984	9805	8388	3226	3377	2404	3909	8839	1535	5455	4918	4282	3187	4904	3496	8944
mhVdKasB^yNYMujmDI_TQdmk	69	1733	8874	9726	7168	8746	5110	20	8286	6843	6601	1819	5666	637	8756	4909	4984	740	9918	8146	8632	7081	1006	5817	4945	723	4544	7469	7136	7665	9004
IbBDiYpWIUUoQkCkoRV	4682	1741	9883	9103	2602	3822	7768	8885	1507	2549	1960	4670	9810	8922	6752	7444	8709	6678	2233	2624	5517	4548	5084	7677	973	3200	2692	6907	3240	6587	9487
sTePisRdVa]ChIePX	7004	489	456	4236	398	1761	9330	8183	3394	3316	2788	9565	8258	1893	9294	9359	2131	8945	1115	3527	6567	1473	9518	5259	1556	7719	2374	2296	9408	1581	5323
RMYfjtsp\GxHvXr	484	2631	2302	938	8230	5902	5218	8259	3822	3584	6788	964	3719	200	8256	7585	7599	4497	9891	1740	612	6792	1629	5422	5384	3966	770	2287	653	6819	3236
DuWHWDDAA]kFbKxLD[SiqI	7251	958	362	890	6032	1113	6845	7724	1354	7896	2805	5470	2030	9669	6526	5218	7704	5338	3560	2078	39	181	1553	1592	429	1207	9483	6793	1997	8832	4892
iZQyVOn[YpK_upS[dYJ_lp	6746	981	4267	153	5877	4765	2	194	61	5286	5865	3410	107	6482	788	65	8271	7537	6756	4308	9430	9099	5503	5592	1318	5185	8218	5876	9534	7217	4241
eZn_]VaNFqXKyeSHUyguap	6401	8234	9088	6485	161	9098	2880	5545	3095	4113	1352	5772	5722	6005	9165	103	4539	7747	3950	493	9784	9716	531	4876	8501	8922	2399	9403	5346	961	7119
XBFuuVsfvQPYylthoeD`c	6003	7907	8700	1043	6509	8908	5866	4143	4627	5189	8571	7591	3859	3517	1013	5086	1981	22	4482	3013	3506	7476	5963	259	5510	766	1885	4158	237	5883	3239
cCbSyn_uQcWIZnu]JsV	5321	7048	6500	760	6061	4685	4336	9820	4208	5789	260	9557	6833	592	3636	9082	7964	5995	5058	877	391	4251	2072	2168	7504	3592	282	655	257	2068	5639
XfsqYNZOVa_`IQi	7528	5567	2747	1243	7498	6288	4976	2811	5628	6082	8086	8313	4764	5057	6683	3786	5081	4969	959	533	2613	1084	2181	9474	6881	8937	8832	1964	9747	8693	726
^GyWjF]^m\Tf]RPTNW\	5718	5857	5841	4002	6510	3734	2951	5298	7931	7217	4439	9789	3745	9402	6081	8335	5485	4706	9439	1582	6741	339	9156	7803	682	2292	6927	9583	7799	3748	6455
iZQyVOn[YpK_upS[dYJ_lp	2626	4279	5205	1775	6382	2789	4269	3165	1019	3544	1424	2223	1172	2377	6786	2107	9545	1631	5500	1789	8137	5205	839	4703	3800	3178	1150	1409	1914	6972	255
lNPA[M`wOmIgxL_KuEP\vZkKo	8552	5583	1769	2296	5606	8517	9127	7493	2266	4203	852	2008	2982	3266	2206	4627	6310	2049	5054	9189	9505	2602	8982	7156	6854	6955	1220	5874	8494	2408	2383
MKNGeDfTE\ynhNrmkwX^Y	2073	687	4458	5467	8700	9456	7525	5608	6548	9243	4387	4210	3401	1126	924	2919	1283	7545	2106	8040	2575	9996	6057	3799	5688	3851	7431	5178	4894	5973	4
sDmmNiNTy`^VJo^_\MRTUr]Q	9460	5615	4753	5608	8169	5801	2599	6866	5713	1213	2657	1089	496	9860	4878	5790	2543	3896	415	5315	2166	5541	5255	8975	4162	378	3817	7087	4880	8917	8190
u]NZigPxGyvpta	2166	3370	6970	5484	9017	1461	1800	4643	1987	7596	7589	864	7319	5415	2384	9977	1706	1244	6677	2984	5381	6039	3175	5944	6417	4850	5190	8598	6809	2813	6745
