587729149846946426	151.63062138	-2.65670158	25.3464	23.38815	21.73034	20.79726	20.1146	0.8602116	2.96956	2.96992	1.889161	1.647017	3.11212	-1000	23.74714
587729149846946431	151.63467964	-2.60794565	22.30244	23.18203	21.87818	22.29712	22.54776	0.8005416	2.96956	2.96992	1.761578	1.811976	4.583613	-1000	23.56943
588848900971299295	145.46674311	0.63192285	23.95409	22.76379	22.50071	21.73485	21.01485	1.585571	2.968804	68.29768	2.969621	1.816337	0.8167335	-1000	22.20367
588848900971299339	145.50301513	0.63852169	23.439	22.70034	21.60596	21.10172	20.88688	0.8182886	2.968804	1.289163	1.944835	2.037807	7.357388	0.2227848	23.21409
588848900971299377	145.53675221	0.65398933	22.52655	21.43119	20.20559	19.72333	19.29918	0.9955355	7.356313	2.023339	2.427963	1.916594	2.06026	0.2268728	21.48598
588848900971299435	145.42819561	0.66960458	22.16937	22.12576	20.63923	20.13736	20.60408	4.72834	1.074465	0.1007284	18.01725	43.7605	2.969238	0.04295263	21.73977
588848900971299442	145.43675878	0.80988013	25.38846	24.5292	22.19101	21.39201	20.43085	1.228616	2.968804	2.969576	2.969621	43.7605	2.212755	-1000	27.32232
588848900971299451	145.44779772	0.78733225	24.45112	23.84198	22.0672	22.71202	21.70774	0.7000547	2.968804	2.969576	2.528916	2.969343	1.933648	-1000	23.46704
588848900971299455	145.44960438	0.79331627	22.95462	22.97327	21.35241	20.38151	19.68136	1.322675	7.356313	2.969576	2.969621	3.495591	3.063235	-1000	22.31815
588848900971299470	145.46290988	0.75827818	25.60176	23.26489	21.97455	21.5974	21.69351	1.587612	2.968804	2.969576	7.358338	2.969343	0.63341	-1000	23.30184
588848900971299512	145.50572247	0.66899493	24.26821	23.24106	21.27722	20.77361	20.48853	1.22829	2.968804	2.969576	2.744084	3.579942	1.756304	-1000	22.87648
588848900971299518	145.50792625	0.69715671	22.95144	22.78126	21.57048	21.57692	21.64524	1.767604	18.01229	2.969576	2.969621	2.969343	1.510867	-1000	22.58522
588848900971299525	145.51535435	0.74580938	25.00589	23.69076	22.03765	21.56288	20.78734	0.7524182	2.968804	2.969576	1.489144	1.137287	2.018704	-1000	24.8537
588848900971299530	145.52075556	0.73770253	24.14729	22.89888	21.55476	20.88731	20.12341	0.7369105	2.968804	2.969576	1.709165	1.791834	3.858082	-1000	22.76348
588848900971299533	145.52160759	0.78778518	24.19623	23.19629	21.80399	20.73878	20.11323	0.7972086	4.58233	2.969576	2.033435	2.46422	2.909252	-1000	24.41818
588848900971299540	145.52491866	0.7710734	24.86764	23.08948	21.97354	22.33754	24.207	1.08182	4.58233	2.007393	2.969621	2.969343	2.969238	1.86542	22.55787
588848900971299564	145.54297282	0.72173423	25.57355	23.65878	21.27765	20.83428	20.82041	1.301217	2.968804	2.969576	7.358338	1.552965	1.741135	-1000	26.62403
588848900971299600	145.41271037	0.71851559	23.73249	23.35395	22.57482	21.676	21.99016	0.9765092	4.58233	2.969576	2.969621	1.477973	3.405187	-1000	22.82428
588848900971299651	145.48418681	0.76695918	24.86128	23.1701	22.8898	21.76474	21.56355	1.034274	4.58233	7.358226	2.969621	1.512194	2.969238	-1000	23.11035
588848900971299656	145.49087137	0.7019701	23.68132	24.69815	23.07804	21.30259	20.33243	2.003861	2.968804	0.07528759	4.583591	2.549478	1.592524	0.02902999	26.05683
588848900971299679	145.53162305	0.67335761	22.7124	23.13567	22.47221	21.73483	21.38024	1.070598	7.356313	1.243474	2.074179	1.71376	0.8870165	0.01920276	24.9087
588848900971299714	145.5295909	0.78436721	23.78044	24.01717	23.49361	25.52846	19.91284	3.469542	2.968804	2.969576	2.969621	4.583162	3.515733	-1000	25.24575
588848900971299722	145.47523511	0.80788952	26.01309	27.23466	22.49527	21.04229	22.40114	1.587405	2.968804	2.969576	0.08660968	2.969343	2.969238	-1000	26.96698
588848900971364359	145.55563519	0.78368052	23.13158	23.56472	23.68229	21.0857	23.8866	1.494672	2.969064	2.969459	2.970076	2.864504	2.969321	-1000	24.31862
588848900971364370	145.55559859	0.67095761	25.97182	24.55877	22.79455	21.18157	21.05417	0.8058423	2.969064	2.969459	2.970076	2.399363	2.374831	-1000	24.0969
588848900971364412	145.58176753	0.64193866	24.39982	23.8082	22.83928	21.21126	22.59561	1.403028	0.09924965	2.969459	2.970076	2.91156	7.357596	-1000	23.77801
588848900971364424	145.61055462	0.79047198	23.28247	22.88454	21.15164	20.67401	20.15764	1.692886	2.969064	2.969459	2.970076	2.96966	2.555086	-1000	24.1726
588848900971364426	145.6093326	0.78335571	23.41533	24.40199	23.417	22.19416	22.15312	0.4601943	4.582732	4.583341	2.970076	0.07711656	1.806657	-1000	23.49366
588848900971364436	145.63542941	0.66179896	24.05072	24.61556	21.46933	20.59109	20.1843	0.7949786	2.969064	4.583341	1.586887	1.674995	1.335298	-1000	23.53438
588848900971364462	145.69172947	0.74014503	23.03426	22.28608	21.04582	20.13833	20.79423	1.234589	2.969064	2.969459	2.969319	6.255765	7.357596	-1000	22.07941
588848900971364466	145.6978813	0.73024251	23.94073	23.2281	22.50193	22.00099	22.68988	0.6235293	4.582732	2.969459	1.237664	1.809943	0.0870999	-1000	23.73962
588848900971364471	145.70100418	0.74263329	25.99101	22.01625	22.21365	22.51633	21.30461	1.773174	2.969064	2.969459	2.970076	2.96966	2.969321	-1000	22.10035
588848900971364606	145.63625245	0.79659382	21.72896	20.52677	19.26559	18.6732	18.33625	1.154161	2.969064	3.052207	2.386165	2.420449	2.528173	0.3945307	20.45858
588848900971364639	145.6025506	0.68398725	25.10625	22.56175	20.47587	19.81499	19.58127	1.079672	2.969064	2.969459	2.356186	3.759161	2.653124	-1000	22.62404
588848900971364666	145.59304136	0.73486379	22.08107	21.66912	22.2565	21.21053	20.41108	0.6511201	2.969064	1.725038	2.593698	2.398586	1.939586	0.2076946	21.71507
588848900971364722	145.56156228	0.72071974	23.30909	22.57806	21.5149	21.25158	20.68995	0.8222492	0.862604	2.969459	1.595191	1.787676	1.015687	-1000	22.18831
588848900971364733	145.56722771	0.75151573	23.71189	22.34085	20.73173	20.25546	19.51259	1.664539	2.969064	2.969459	2.970076	3.090022	3.051105	-1000	22.09763
588848900971364760	145.5874101	0.67435931	25.63545	22.89361	21.79544	21.15656	20.93092	0.7104633	2.969064	11.30436	1.751131	1.466348	2.612058	-1000	22.45676
588848900971364766	145.58947351	0.76337368	24.51225	22.25431	21.30136	21.22799	21.0057	1.171585	4.582732	2.969459	2.218416	2.610502	2.586457	-1000	22.22405
588848900971364767	145.5902864	0.74380552	23.3256	22.37201	21.73068	21.5653	20.6312	0.9767647	11.30286	2.969459	2.15262	1.88763	1.569224	-1000	22.94994
588848900971364776	145.59307016	0.78918606	24.25215	21.96492	21.02869	20.49054	20.01445	0.8840982	2.969064	1.449809	1.963618	1.503052	1.514524	0.1906337	22.39684
588848900971364814	145.60768421	0.73690863	25.1636	22.41821	21.36468	21.33655	21.24306	1.164092	2.969064	2.969459	2.970076	1.741425	2.046086	-1000	23.36582
588848900971364816	145.60810581	0.80869921	21.64517	19.79079	18.90102	18.42981	18.04719	2.092935	0.1024253	4.35491	4.901467	4.550085	4.903417	0.5330594	19.88277
588848900971364825	145.61227364	0.68256266	23.31105	22.32041	20.76164	20.24167	19.70773	1.00519	2.969064	2.969459	1.983857	1.927024	2.315703	-1000	22.35256
588848900971364830	145.61334096	0.67913376	23.97654	22.62532	20.92568	20.25991	19.83708	0.9626195	2.969064	2.969459	2.0616	1.7439	3.99765	-1000	22.31362
588848900971364857	145.62539121	0.7935197	24.81371	21.50319	20.86614	20.30532	20.38126	2.192804	2.969064	2.969459	2.970076	2.96966	1.97226	-1000	21.69602
588848900971364865	145.63225102	0.76158174	22.8167	21.1963	20.24744	19.7388	19.38696	0.9777355	2.969064	1.88637	2.059895	1.824072	1.620881	0.2243225	21.28686
588848900971364871	145.63937572	0.78696859	22.98102	21.83108	20.76028	20.16974	19.92435	1.211101	2.969064	1.524123	2.830531	1.956553	1.788206	0.141516	21.50977
588848900971364894	145.65246892	0.65481638	25.56963	22.22378	20.82354	20.19236	19.80673	1.174829	4.582732	2.969459	2.579673	2.031466	1.751398	-1000	22.07047
588848900971364915	145.66047357	0.7791083	22.32485	21.55158	20.74372	20.52927	20.03045	1.03258	1.417709	2.969459	2.187752	1.960939	2.429512	-1000	21.41951
588848900971364959	145.6838381	0.65885033	23.39642	21.90283	20.33912	19.75833	19.24566	0.8538252	11.30286	2.244326	1.698715	1.796788	1.666846	0.2617707	21.76563
588848900971364963	145.68708822	0.83755707	22.68304	22.42429	22.03807	21.61261	20.80476	0.6576487	1.428173	2.969459	1.331716	1.875207	1.320848	-1000	22.649
588848900971364967	145.68895093	0.64140352	22.42592	22.55214	22.2133	21.9595	21.6266	1.188877	2.969064	2.969459	2.970076	1.140393	2.969321	-1000	25.16047
588848900971364970	145.69097389	0.67681765	23.88206	22.88147	22.85309	22.11695	21.32974	0.7253448	4.582732	2.969459	2.970076	2.96966	2.52706	-1000	23.35549
588848900971364971	145.6914664	0.75940255	23.70205	22.15289	21.06758	20.73717	20.26433	0.8850126	0.1041279	2.15672	1.898604	1.804862	1.579724	0.3177833	22.24627
588848900971364983	145.69876684	0.78926426	22.88851	22.1672	21.02593	20.71387	20.33491	0.9989359	1.655048	2.061285	2.067941	1.949564	5.056507	0.3242984	22.62395
588848900971365005	145.55677364	0.73856723	23.45528	23.33208	21.84106	20.98801	20.55312	1.913293	2.969064	2.969459	7.359465	3.331751	3.374979	-1000	25.89452
588848900971365016	145.56280774	0.74197624	24.71107	23.31752	22.10392	21.68372	20.63922	1.041013	2.969064	2.969459	1.901558	7.358435	11.30384	-1000	23.54082
588848900971365043	145.57753917	0.74180599	23.80726	23.47092	22.17581	21.85603	22.18051	1.462724	2.969064	2.969459	2.970076	1.629099	1.153711	-1000	23.16112
588848900971365084	145.60368051	0.82348824	25.10322	22.81423	21.70552	21.77108	21.61978	1.240245	2.969064	2.969459	2.970076	2.96966	0.9820794	-1000	23.72005
588848900971365089	145.60822311	0.75484533	24.0871	23.09326	21.70436	21.80772	21.93569	3.055297	2.969064	2.969459	2.970076	1.1535	0.05078922	-1000	23.95306
588848900971365095	145.60871788	0.69690189	25.88641	23.24486	21.54984	20.97301	20.68616	1.1803	2.969064	2.969459	2.545483	1.291779	1.18924	-1000	22.739
588848900971365145	145.64024946	0.7622582	23.84381	22.3823	20.90929	20.03988	19.64721	1.81334	2.969064	18.01626	2.970076	2.4075	2.282408	-1000	22.26183
588848900971365153	145.64340514	0.81634071	24.2042	23.21638	22.26317	21.73102	21.73282	0.9277368	0.6946476	2.969459	2.970076	1.636901	2.969321	-1000	23.40391
588848900971365155	145.64433678	0.67383234	23.30287	23.31432	22.47168	21.91714	21.765	0.5664978	2.969064	2.969459	1.522346	2.460259	0.08590284	-1000	23.34032
588848900971365171	145.65982506	0.65835743	23.65381	23.28251	21.38134	20.80188	19.93998	0.9716961	2.969064	2.969459	2.155129	2.823098	3.347396	-1000	23.54776
588848900971365226	145.70049532	0.65367897	23.60907	24.16056	22.61917	23.27381	22.53312	0.6134943	2.969064	4.583341	1.160878	7.358435	2.969321	-1000	23.76873
588848900971365245	145.562094	0.69158721	24.29245	23.38803	22.96662	21.23237	21.05087	-9999	2.969064	7.357935	2.970076	1.904585	7.357596	-1000	23.41955
588848900971365249	145.56795887	0.81972275	24.31866	25.50203	23.02051	21.89486	20.66696	0.5155914	4.582732	4.583341	2.970076	1.099473	1.594067	-1000	25.10778
588848900971365252	145.5697236	0.78759863	25.66796	24.79675	22.61049	21.37156	20.81468	1.017478	2.969064	7.357935	2.970076	1.575196	1.213408	-1000	24.88908
588848900971365255	145.57513881	0.67009361	24.65445	23.94285	22.82635	21.60253	21.60246	1.25017	4.582732	2.969459	2.970076	1.637576	1.376161	-1000	23.93233
588848900971365271	145.60662271	0.67226253	24.01325	24.11642	23.97351	21.9203	21.15793	1.937876	2.969064	7.357935	2.970076	1.459731	2.302135	-1000	23.44396
588848900971365291	145.63941957	0.66808408	23.87291	23.65228	23.00852	21.23833	20.89009	4.739487	11.30286	2.969459	2.970076	2.99683	1.502648	-1000	23.32749
588848900971365309	145.67268865	0.64928398	23.83729	24.25872	23.18257	21.8176	20.99775	0.9237753	7.356958	2.969459	2.970076	1.460913	3.277748	-1000	23.22008
588848900971365350	145.69733398	0.70631812	25.16328	26.10123	24.56034	25.59702	19.79681	-9999	2.969064	4.583341	2.970076	2.96966	3.412802	-1000	26.86547
588848900971429895	145.71978474	0.80053378	22.24022	21.70292	21.21109	21.0792	20.69988	0.857061	1.298695	2.203183	2.017979	2.030811	1.480234	4.115286	21.63235
588848900971429939	145.74759303	0.83370311	25.09507	22.54338	21.90054	21.2085	20.71682	1.212679	0.290803	2.968944	1.950444	3.32897	2.914346	-1000	22.43531
588848900971430015	145.72547966	0.73065836	21.61929	19.32508	17.98836	17.40523	16.99121	1.350418	2.969262	2.962806	2.943259	2.839366	2.861727	0.2403242	19.37798
588848900971430070	145.80425482	0.78651377	21.31232	20.00661	19.00289	18.54743	18.08891	1.274855	2.769984	2.906417	2.546095	2.430199	2.54641	0.1771638	19.95131
588848900971430125	145.76413641	0.66169481	20.99073	19.46177	18.54667	18.06562	17.66868	1.984459	18.01507	4.08803	4.39966	3.896573	3.65435	0.1787372	19.49071
588848900971430207	145.80096223	0.65367376	23.65396	21.52907	19.94491	19.33544	19.01026	0.9862735	2.969262	2.968944	1.948055	1.732213	1.683815	-1000	21.48855
588848900971430310	145.7170039	0.74788404	23.87794	25.98194	24.69021	25.31972	20.61313	-9999	2.969262	2.968944	4.584076	4.583251	1.253873	-1000	25.06244
588848900971430366	145.76441354	0.70315984	24.78942	21.91472	20.54426	20.06212	19.85384	0.936599	11.30361	1.599655	1.699547	3.27798	2.335325	0.2559824	22.08972
588848900971430390	145.79024909	0.71571063	23.17422	22.21867	21.67293	21.47991	21.82568	1.260009	0.8476269	1.499225	2.969935	2.607272	0.1015585	0.2405588	22.54969
588848900971430433	145.81312046	0.64192396	23.16136	21.84272	21.51971	21.06203	21.22708	1.282658	2.969262	2.968944	2.19389	2.168824	3.11404	-1000	21.84744
588848900971430438	145.81740077	0.63906372	22.09348	21.30039	20.82353	20.77901	20.55534	1.203501	2.969262	2.345215	2.416979	2.570913	2.074676	0.2677145	21.28754
588848900971430468	145.83574376	0.75968214	22.47169	22.32177	21.82944	21.34185	20.54671	1.456538	2.969262	2.968944	2.969935	1.764263	2.032171	-1000	23.58284
588848900971430478	145.84374452	0.75955652	23.36158	22.48596	21.45272	20.73303	20.43068	0.8650971	4.583037	2.968944	2.138949	1.450614	1.387065	-1000	23.03208
588848900971430523	145.71937901	0.78919496	25.88282	23.19487	22.26626	21.8079	21.3718	0.79651	4.583037	2.968944	2.969935	1.865714	0.9998194	-1000	23.11086
588848900971430524	145.7198715	0.67439589	25.20639	24.07326	21.85174	20.95073	20.14369	1.795236	2.969262	2.968944	7.359116	3.657192	4.550062	-1000	27.09783
588848900971430531	145.72457334	0.77732143	22.53325	22.32243	21.05721	20.14779	19.49859	1.464891	2.969262	2.968944	3.167035	2.61765	3.737054	-1000	22.88441
588848900971430541	145.73469848	0.74239182	23.77462	22.86039	21.95088	21.69842	21.29695	0.8015305	2.969262	2.968944	1.625705	2.051101	2.549128	-1000	22.27459
588848900971430565	145.75493815	0.75218574	23.94604	22.7412	21.37216	22.02569	22.02687	2.399156	7.357448	2.968944	7.359116	1.205941	1.018499	-1000	26.29184
588848900971430571	145.75862188	0.70842912	23.46266	23.2596	22.11104	22.40827	21.35631	1.006867	4.583037	2.968944	2.969935	1.019699	1.38268	-1000	22.38281
588848900971430610	145.78435645	0.71918568	24.7433	23.58168	22.5032	21.1828	20.48107	0.7428246	2.969262	1.166111	1.645147	1.642376	11.30591	1.024795	25.49694
588848900971430626	145.7989327	0.81672501	24.58072	23.19005	22.08068	21.35364	20.8295	0.9039851	2.969262	2.968944	2.969935	1.993529	1.358001	-1000	22.67458
588848900971430640	145.80650911	0.68141621	24.73599	23.22904	22.17177	21.7778	22.4407	0.6617531	4.583037	2.968944	1.303619	1.140546	2.969867	-1000	23.22783
588848900971430679	145.82791832	0.77244262	24.71022	23.96521	21.7971	20.96709	20.3093	1.267294	7.357448	7.356659	2.969935	2.350308	4.567741	-1000	24.77197
588848900971430694	145.83740117	0.63403531	24.21782	22.95962	21.66232	21.18886	20.94857	0.8694249	2.969262	2.968944	2.007928	2.073078	2.32821	-1000	22.25022
588848900971430784	145.75452554	0.63936038	23.061	24.68822	23.27865	21.8068	21.53501	0.3435349	11.30361	2.968944	0.8071193	1.166803	2.969867	-1000	24.59214
588848900971430788	145.76067061	0.83285922	27.88849	21.86805	20.73472	18.9423	26.86376	3.096006	2.969262	2.968944	2.969935	2.969401	0.7060303	-1000	22.50345
588848900971430795	145.76748204	0.81944269	24.71337	24.11145	23.04759	21.78708	21.09358	0.6784539	2.969262	2.968944	1.214978	1.55773	7.358947	-1000	23.6108
588848900971430803	145.77862053	0.63029357	22.82444	23.53596	22.26947	20.77977	20.406	0.9267602	1.854659	2.968944	2.969935	2.048502	2.323247	-1000	25.13434
588848900971430809	145.78622696	0.83906573	23.76572	23.85194	23.29696	21.43612	20.88333	2.370234	2.969262	2.968944	4.584076	1.781357	1.480903	-1000	24.43791
588848900971430815	145.79042713	0.73352838	23.86357	23.34955	24.05731	21.39278	23.51275	-9999	2.969262	2.968944	2.969935	2.969401	2.969867	-1000	25.12864
588848900971430868	145.76351522	0.78834649	23.44957	25.55883	24.30097	25.70699	20.62325	0.3988845	3.086982	2.968944	2.969935	4.583251	1.21452	-1000	25.12334
588848900971430888	145.74075829	0.75300481	23.14827	25.28133	22.01915	26.44433	22.03297	0.9457565	2.969262	2.968944	2.969935	4.583251	4.583971	-1000	24.89699
588848900971430899	145.77505023	0.7190951	23.883	22.94149	22.25863	21.46019	21.05697	1.044698	2.969262	2.968944	2.969935	2.969401	2.969867	-1000	22.73013
588848900971430901	145.79926752	0.73437104	25.6814	25.69641	24.83018	22.0617	21.7343	-9999	2.969262	2.968944	2.969935	1.415241	3.620618	-1000	25.33261
588848900971495449	145.87933231	0.64385975	27.55896	21.70109	20.45607	19.16884	23.60363	14.243	2.968739	27.90938	2.969973	27.91294	0.6631491	-1000	20.70999
588848900971495473	145.92021186	0.82399526	23.16267	21.40924	20.57641	20.03781	19.72119	1.70101	2.968739	2.968655	2.969973	3.075493	3.591004	-1000	21.96573
588848900971495496	145.93869626	0.69528376	24.49331	24.21218	22.1922	21.57814	21.8065	1.293398	2.968739	2.968655	2.969973	2.969034	18.01452	-1000	23.95889
588848900971495529	145.97821475	0.70142901	21.74283	20.41751	21.7569	18.83266	25.227	1.321894	2.968739	2.968655	2.969973	2.87696	2.969172	-1000	22.6715
588848900971495561	145.8702834	0.81768255	23.32836	23.40054	21.66276	21.05362	20.42395	0.6161666	2.968739	2.968655	1.246054	1.409098	2.63299	-1000	23.05313
588848900971495581	145.91872659	0.83364529	23.21601	22.29819	20.32356	19.70986	18.98157	1.213017	0.4296453	2.968655	2.78216	3.274209	3.309133	-1000	22.34025
588848900971495604	145.93994363	0.67774959	24.10706	23.1859	22.43578	22.71216	23.76896	0.6707811	2.968739	2.968655	1.40942	1.182788	2.969172	-1000	23.23133
588848900971495626	145.97107663	0.83474474	23.17756	22.36972	21.75294	21.33875	21.68551	1.698697	43.7516	2.968655	2.969973	2.39638	43.75798	-1000	22.83507
588848900971495690	145.95696554	0.71885005	24.01996	22.76321	21.0189	20.46898	19.83348	1.434232	2.968739	2.968655	7.35921	3.58459	2.047182	-1000	22.38757
588848900971495710	145.88168994	0.68608117	24.24267	23.18806	21.96471	21.73504	22.42072	0.8199072	2.968739	2.968655	1.672448	2.672991	2.969172	-1000	23.24812
588848900971495756	145.91267401	0.8068142	21.12366	20.63925	19.90494	19.63652	19.20418	1.169482	2.553632	1.939034	2.394435	2.156886	2.412055	0.2367079	20.65999
588848900971495761	145.91629946	0.74090943	23.81672	23.46999	22.0538	21.26109	20.686	0.7022887	2.968739	2.968655	1.517858	1.63694	7.357225	-1000	23.34914
588848900971495774	145.94868011	0.67001886	21.5735	21.22774	20.78568	20.61785	20.70391	1.283559	7.356152	2.580364	2.670383	2.187238	2.842258	0.3192365	21.22788
588848900971495807	145.85496016	0.74462954	22.03092	21.17138	20.68439	20.48652	20.63832	1.474591	2.968739	2.968655	7.35921	3.055747	2.969172	-1000	20.99127
588848900971495817	145.85926921	0.75887216	23.26775	22.72245	21.70062	21.14267	21.06425	0.7773334	2.968739	11.3013	1.566165	2.362506	2.408638	-1000	22.53178
588848900971495833	145.86862696	0.71494912	24.11568	23.56256	22.95319	22.13281	21.6379	0.9779332	2.968739	7.355945	2.969973	1.570688	7.357225	-1000	23.29531
588848900971495859	145.88307196	0.76947177	24.20273	22.60855	22.82822	22.74128	20.9473	0.4748187	2.968739	2.968655	2.969973	2.969034	1.095631	-1000	22.58019
588848900971495928	145.92305369	0.74773904	25.66842	22.66866	21.36052	20.30257	19.64528	1.095247	2.968739	1.804675	2.290215	1.652467	1.682167	0.2077568	22.44224
588848900971495946	145.93414902	0.6300274	23.68703	21.82786	20.82866	20.51054	23.83014	1.487355	2.968739	2.968655	2.969973	2.969034	0.7289804	-1000	22.16694
588848900971495963	145.94125659	0.75334331	23.76014	22.92025	22.12689	21.73868	21.45081	0.9097671	4.58223	2.968655	2.969973	2.10625	2.205138	-1000	22.75309
588848900971495968	145.94510145	0.77754041	24.72984	22.75759	21.92674	21.20038	20.97258	0.981545	2.968739	2.968655	2.969973	2.117501	3.510679	-1000	22.63577
588848900971495999	145.96433186	0.67214659	26.03273	24.33526	23.45479	22.08668	22.26583	0.728031	2.968739	1.042749	0.7706146	1.583366	0.6741846	-1000	25.33039
588848900971496044	145.98791415	0.79684452	23.54972	22.39413	20.81491	20.23383	19.6778	0.9968731	0.5066759	7.303339	2.135079	2.217069	1.668167	5.274858	22.12437
588848900971496045	145.98807278	0.8386462	24.21764	22.76525	21.02882	20.44478	19.9463	0.864778	2.968739	2.968655	1.599293	1.504776	1.795452	-1000	22.91586
588848900971496062	145.99993255	0.73039135	22.68902	21.67165	20.45394	20.05989	19.43986	1.084496	7.356152	2.968655	2.256308	2.287934	1.781673	-1000	21.4782
588848900971496126	145.87668609	0.81689544	24.7137	22.80042	22.05813	22.45503	22.66931	0.6243938	4.58223	2.968655	2.969973	0.08866538	4.582898	-1000	22.60569
588848900971496170	145.90270132	0.73487422	24.83573	25.66005	22.47519	25.09822	22.32262	0.4973847	0.08458248	2.968655	0.9670792	2.969034	0.6784801	-1000	25.56761
588848900971496177	145.90632146	0.82148139	26.52312	23.36587	21.5332	20.66649	20.1102	0.8808219	4.58223	7.355945	2.156785	1.462297	3.426248	-1000	22.88479
588848900971496180	145.90755586	0.63939897	23.78605	23.33642	21.38909	20.67085	20.08554	1.147129	2.968739	1.175603	2.67049	1.296509	1.737016	1.046969	24.93138
588848900971496193	145.91478376	0.73613183	25.37639	23.56842	22.29569	21.92795	21.60549	0.8413006	0.2501295	2.968655	1.636957	0.9855233	4.582898	-1000	23.83371
588848900971496194	145.91490515	0.66977695	23.95164	23.07381	22.41738	22.34319	22.33812	0.9085574	4.58223	7.355945	2.969973	2.785212	0.7549525	-1000	22.40967
588848900971496200	145.91661492	0.81678155	25.74931	23.28169	21.5533	21.4532	20.05765	0.868138	2.968739	2.968655	2.969973	2.969034	7.357225	-1000	23.58323
588848900971496216	145.92344898	0.79182898	25.86857	22.36845	21.56598	21.68857	21.87824	1.396953	2.968739	2.968655	2.969973	1.508655	0.8052043	-1000	22.82512
588848900971496229	145.9295103	0.71006194	22.76726	22.82958	21.64534	21.45509	20.6296	1.262746	2.968739	2.968655	2.969973	2.969034	1.691621	-1000	21.99775
588848900971496264	145.95105601	0.81530633	23.00709	23.19744	22.21544	22.12005	23.04927	0.8995626	1.220658	18.01139	2.969973	7.356884	4.582898	-1000	22.18587
588848900971496300	145.97160563	0.72144525	23.91559	22.8836	21.79872	20.95409	20.09923	1.189739	2.968739	7.355945	2.969973	2.542357	1.593577	-1000	22.4903
588848900971496301	145.97296039	0.72136547	23.8377	24.29726	22.21773	21.92009	20.90003	0.6416175	0.09605561	2.968655	1.420706	2.31392	1.335542	-1000	24.51985
588848900971496325	145.98251133	0.79021494	23.40343	22.96096	21.74434	21.12396	20.38539	0.8753037	2.968739	2.968655	1.609955	1.831597	1.776622	-1000	22.96455
588848900971496335	145.98908657	0.64581865	22.94322	24.03744	22.59436	22.23354	21.50002	0.7406377	2.968739	2.968655	2.969973	1.516338	1.734547	-1000	28.48163
588848900971496336	145.98938102	0.70387662	22.6899	23.89984	21.99621	22.44819	21.47045	0.6822404	1.925712	2.968655	1.768738	2.969034	0.06581809	-1000	24.34247
588848900971496358	145.9965408	0.71616627	24.5215	23.02	21.0371	19.87177	19.39612	1.74406	11.30162	11.3013	2.969973	3.686979	3.980971	-1000	22.01499
588848900971496418	145.90197373	0.83067969	25.09946	24.6729	23.0939	21.60751	20.97366	2.794842	0.08778907	2.968655	0.9789411	2.015774	1.17516	-1000	26.70713
588848900971496427	145.91231485	0.67093842	23.90892	24.16455	23.52097	22.15498	23.30212	1.219102	4.58223	43.75037	2.969973	1.030051	2.969172	-1000	23.67543
588848900971496441	145.93268139	0.69514199	21.54901	23.67682	20.3318	19.28001	20.56421	-9999	2.968739	2.968655	2.969973	43.75595	2.969172	-1000	28.27507
588848900971496457	145.96392463	0.66525864	22.86939	23.50588	22.88781	21.86251	21.87635	0.8100381	27.91017	2.968655	1.211717	1.686788	4.582898	-1000	23.11738
588848900971496470	145.98887025	0.66552049	25.24541	24.56952	23.30552	21.50551	20.80368	3.906263	2.968739	27.90938	2.969973	2.969034	3.129415	-1000	22.67807
588848900971496478	145.99808505	0.79342301	25.60752	25.40988	22.53053	21.18077	20.58661	0.7457607	2.968739	2.968655	1.043049	2.595535	0.8155779	-1000	23.44203
588848900971496509	145.9679219	0.63578231	23.55795	22.46783	22.2009	22.49753	22.43896	3.379896	2.968739	18.01139	18.01938	2.969034	18.01452	-1000	21.46685
588848900971496523	145.9483853	0.7094753	22.54443	22.63295	22.41292	21.45062	21.27644	0.7741916	2.968739	27.90938	1.208138	2.417276	7.357225	-1000	22.31845
588848900971496526	145.99811978	0.63758507	24.10617	24.987	23.10694	21.64069	21.24189	2.592016	2.968739	0.7489983	7.35921	2.211794	2.310048	0.3232995	27.00741
588848900971560964	146.00456243	0.74733009	22.86497	22.32749	20.86436	20.09462	19.86902	1.318913	1.00003	2.968987	2.950369	3.45976	3.556924	-1000	22.03675
588848900971561011	146.01679513	0.65876779	23.10107	23.16465	22.25389	21.19158	20.71206	0.9686966	1.067753	2.968987	2.969686	7.357783	1.662679	-1000	23.20329
588848900971561080	146.12379275	0.69895728	24.35123	24.95249	23.00192	21.33744	23.97955	2.293391	2.969659	2.968987	2.969686	2.588673	0.7214063	-1000	24.16214
588848900971561081	146.12076159	0.69070111	24.96834	22.94672	21.88326	19.93351	24.74346	2.3319	2.969659	2.968987	2.969686	2.969397	0.2756526	-1000	23.8461
588848900971561138	146.13658204	0.69947272	25.80976	24.16928	23.21576	21.19213	22.12817	1.640299	2.969659	2.968987	2.969686	2.585322	0.8166521	-1000	24.16611
588848900971561195	146.07093675	0.69086492	24.28806	23.2104	22.05462	21.30163	21.298	0.9333568	7.358431	2.968987	2.049949	1.851148	1.742337	-1000	22.50257
588848900971561253	146.15044425	0.82010023	18.66438	17.42833	16.69274	16.23591	15.96177	2.311547	3.810361	5.551715	5.951676	5.451882	4.69416	0.2207465	17.49751
588848900971561282	146.04939906	0.64930718	25.3959	22.09858	21.49554	21.30547	20.79214	1.277981	2.969659	2.968987	2.507277	1.289306	7.356129	-1000	22.21662
588848900971561380	146.03802295	0.71152992	23.34342	22.19798	20.53182	19.89823	19.46254	1.119223	0.057344	1.834229	2.345819	2.421643	2.2421	0.3068639	23.326
588848900971561449	146.0112784	0.65424545	22.9077	22.86534	21.73761	21.50518	21.51808	0.6640432	1.64477	2.968987	1.516911	1.110229	1.201905	-1000	22.72235
588848900971561475	146.0345952	0.76387094	23.63638	23.70537	22.3329	21.18645	20.60336	0.8645423	4.58365	2.968987	2.969686	2.379637	1.143585	-1000	22.84827
588848900971561481	146.0380308	0.80845514	23.10042	22.52606	22.12475	22.28789	22.1874	0.6543875	2.969659	1.455058	1.528469	2.969397	1.105453	0.1943055	22.65456
588848900971561522	146.05870169	0.78111047	22.5649	21.042	20.52682	20.19842	19.72266	0.9878852	3.689059	2.754915	2.197515	1.741465	2.547981	0.4692962	20.96573
588848900971561524	146.05948618	0.65555494	23.62394	22.42952	21.32878	20.94932	20.59915	1.276366	7.358431	7.356766	2.723463	2.268697	3.962034	-1000	22.29522
588848900971561528	146.06324777	0.78357243	22.37436	21.34418	19.70188	18.96547	18.43183	1.297023	18.01748	2.968987	2.596162	3.264796	7.951127	-1000	21.35619
588848900971561554	146.06915168	0.6931322	22.85911	22.12411	21.05877	20.67373	20.08529	0.921801	2.969659	1.877077	1.813644	1.433485	1.879157	0.4053388	22.20592
588848900971561565	146.0744281	0.83889136	23.14523	22.03107	21.15871	20.96013	20.30252	1.020547	2.969659	18.0134	1.868028	1.993214	2.968729	-1000	21.64461
588848900971561588	146.08679612	0.81151134	24.1982	22.68644	22.1889	22.68589	21.77797	0.6409278	2.969659	2.968987	1.501745	1.020602	2.968729	-1000	22.24987
588848900971561594	146.09104325	0.74977754	22.95753	22.62666	21.88002	21.44887	21.69204	0.7888749	4.58365	2.968987	1.673974	2.969397	0.7180808	-1000	22.1745
588848900971561605	146.0982434	0.64156203	24.7441	22.8851	21.23987	20.40336	19.93538	0.8055002	0.2384668	2.968987	1.84236	1.644249	3.460691	-1000	22.69361
588848900971561621	146.10930583	0.75524027	25.10402	22.44658	20.81093	20.17388	19.68213	0.9588363	0.2833575	2.968987	1.939342	2.032431	1.585579	-1000	22.241
588848900971561629	146.11403928	0.75731771	22.64949	21.78625	20.29453	19.80333	19.21006	1.073919	2.969659	2.968987	1.956133	2.387006	2.938272	-1000	21.65525
588848900971561642	146.11890004	0.83300179	25.04502	22.90288	22.10247	21.0094	20.36919	0.7930176	2.969659	1.007931	2.969686	1.903356	1.959417	0.1148713	23.30943
588848900971561650	146.12406551	0.78464148	22.63575	22.04396	20.79819	20.41537	20.02914	1.215846	0.08810755	2.968987	2.738724	2.345317	3.497525	-1000	22.55263
588848900971561651	146.12491205	0.79600427	25.48497	22.63807	22.06317	21.66664	20.8047	0.5885369	2.969659	2.968987	2.969686	1.72666	3.679723	-1000	24.00724
588848900971561681	146.13512981	0.63929268	23.69269	23.02633	22.06453	22.02137	22.90725	0.6660388	2.969659	1.005922	1.328012	2.597392	2.968729	0.2099721	23.14811
588848900971561689	146.14242356	0.68222713	22.90637	21.78541	21.12045	20.84042	20.3986	1.0205	0.7519845	2.968987	2.126959	1.651746	2.850032	-1000	21.70446
588848900971561705	146.14843967	0.77540513	22.7266	23.2028	22.40873	21.8431	22.14643	0.7810805	2.969659	2.968987	2.969686	2.969397	0.03099231	-1000	22.91773
588848900971561760	146.02260911	0.76145457	24.43881	22.74445	22.04428	21.40202	20.69276	0.7106368	0.7471941	2.968987	2.969686	1.420805	1.02134	-1000	23.57648
588848900971561765	146.02615503	0.7976269	24.60333	22.83519	21.90877	21.9354	21.71576	0.8441455	2.969659	2.968987	1.828428	2.969397	11.30158	-1000	22.79347
588848900971561780	146.03302912	0.82543763	23.59295	22.45919	21.43751	21.07149	20.96126	1.422399	7.358431	2.968987	2.969686	2.680429	1.98212	-1000	22.23351
588848900971561789	146.03838364	0.77041118	23.21386	22.94629	21.79291	21.55692	20.91658	0.8625879	2.969659	2.968987	1.81732	2.057476	2.968729	-1000	22.94898
588848900971561790	146.03907002	0.76448496	23.37203	23.2843	21.60311	20.78205	20.38252	0.9547004	2.969659	2.968987	2.969686	2.346845	1.281435	-1000	25.10213
588848900971561796	146.04344294	0.82958393	21.63291	21.8018	20.80957	20.67061	20.52907	7.685079	3.259857	2.968987	27.91907	1.835181	3.410773	-1000	21.37546
588848900971561814	146.0527979	0.71976217	24.89433	24.85608	22.27471	21.76299	20.62394	0.5478807	4.58365	4.582613	1.423955	1.312239	2.108893	-1000	26.39412
588848900971561815	146.05233959	0.69625831	23.14307	23.37995	21.29504	20.59404	19.642	1.10541	7.358431	7.356766	2.969686	1.887592	18.01184	-1000	22.67962
588848900971561823	146.05636869	0.68918874	26.50797	23.2979	21.73249	20.54797	19.89977	1.108727	4.58365	2.968987	2.969686	2.775163	2.968729	-1000	23.24216
588848900971561850	146.07033328	0.75455867	24.78963	22.72941	20.84478	20.04378	19.44503	1.053892	2.969659	2.968987	2.535069	1.784308	3.136745	-1000	23.24847
588848900971561862	146.07713117	0.78423	24.07103	22.44791	20.64969	20.00704	19.56191	1.181328	2.969659	2.968987	2.749327	2.593985	1.806816	-1000	22.39921
588848900971561874	146.08220812	0.65616495	23.53478	23.46915	22.20087	22.49793	22.72223	0.6125124	4.58365	2.968987	1.382317	2.969397	0.2945863	-1000	23.58512
588848900971561881	146.08690435	0.78326575	24.19753	23.54133	21.63332	21.00726	20.33515	0.7867936	4.58365	2.968987	2.098617	1.434587	1.110119	-1000	23.1779
588848900971561900	146.09279426	0.66749669	22.45988	22.68083	21.50687	20.79943	20.23163	0.9273598	27.91881	18.0134	1.736081	1.713305	2.078165	-1000	22.15531
588848900971561920	146.10128241	0.67390484	24.91699	22.99112	22.09747	21.26165	22.12234	0.6792455	2.969659	11.30256	2.014182	2.110892	0.07682368	-1000	22.14637
588848900971561932	146.10573405	0.68677141	25.48207	23.66434	21.77886	21.5263	21.66818	0.7647731	0.2872783	2.968987	1.734862	1.757024	0.3290986	-1000	24.51217
588848900971561940	146.1090988	0.82969682	23.82009	23.92657	22.03281	21.29806	20.69885	0.5558569	2.969659	2.968987	2.969686	1.829604	2.791794	-1000	26.71988
588848900971561947	146.11205859	0.65136095	23.63173	22.53543	20.62868	19.89719	19.44787	1.057033	2.969659	2.968987	2.228746	3.90261	2.40556	-1000	23.33001
588848900971561956	146.11621835	0.64947766	23.31264	23.33438	22.39777	21.54403	21.46583	0.9893196	4.58365	2.968987	2.969686	7.357783	2.365798	-1000	22.57648
588848900971561958	146.11948124	0.74904227	23.86123	23.75993	21.10325	20.0759	19.39784	1.06889	2.969659	2.968987	2.472316	2.819294	2.82076	-1000	22.61825
588848900971562042	146.01483497	0.77135382	23.41308	24.65717	22.84658	21.58669	21.34187	0.7947962	2.969659	4.582613	2.969686	1.780718	3.841441	-1000	23.82673
588848900971562059	146.03559388	0.73387848	25.30062	23.81326	22.79877	21.57781	21.57401	0.9177106	2.969659	4.582613	2.969686	1.66003	1.044948	-1000	23.70417
588848900971562065	146.04436533	0.77537702	26.16464	23.63683	23.33802	21.37996	20.96004	2.601777	2.969659	2.968987	2.969686	2.277448	2.815258	-1000	22.67441
588848900971562069	146.04808203	0.71282952	23.89654	22.89161	22.56347	21.21751	20.94872	1.321528	2.969659	2.968987	2.969686	2.307466	7.356129	-1000	22.87486
588848900971562085	146.0600395	0.83340238	25.57821	23.65959	23.07995	21.26909	19.95108	1.110762	2.969659	2.968987	4.583692	1.786777	7.356129	-1000	23.74008
588848900971562114	146.09808635	0.78346677	26.55021	22.36146	22.03944	21.40662	21.78998	0.9361643	2.969659	2.968987	2.969686	7.357783	2.968729	-1000	22.01215
588848900971562125	146.11098964	0.80086595	25.19607	24.35373	22.49738	21.81494	21.18836	1.829557	2.969659	4.582613	11.30522	2.969397	1.165846	-1000	24.74624
588848900971562139	146.12047371	0.7409834	23.52373	24.64223	23.71204	21.93691	21.63032	2.111211	2.969659	2.968987	2.969686	1.713781	1.042314	-1000	23.9731
588848900971562141	146.12377455	0.67172718	24.33413	24.86796	24.70975	21.82934	20.67578	0.5231522	0.314841	2.968987	2.969686	1.42324	1.747129	-1000	23.51213
588848900971562177	146.10478543	0.7782331	24.34608	24.27128	23.59905	23.21964	20.35219	-9999	2.969659	2.968987	1.070339	1.114095	1.585419	-1000	24.92919
588848900971562182	146.12021744	0.73071118	21.50517	21.23811	26.41699	26.30359	24.5125	-9999	0.1128243	7.356766	2.969686	2.969397	7.356129	-1000	21.91441
588848900971562186	146.04841987	0.63536291	22.76361	23.83178	22.05393	22.97172	20.71683	0.9779375	7.358431	2.968987	2.969686	2.969397	1.314177	-1000	23.41669
588848900971562195	146.12310014	0.80997183	23.58901	23.52232	22.27693	22.93484	23.07472	1.044175	2.969659	4.582613	2.969686	1.030851	0.2681479	-1000	22.9223
588848900971626514	146.15849519	0.67568176	24.19439	25.37589	25.41432	21.52324	21.4295	1.848311	4.583613	4.583377	2.969968	2.969421	2.969111	-1000	24.88324
588848900971626531	146.16203763	0.79575719	25.48456	22.40344	21.82301	21.3325	20.80376	0.8309196	2.969635	2.969482	1.605098	1.340998	3.052042	-1000	21.78936
588848900971626535	146.15876766	0.78543827	24.82048	23.43449	24.79763	22.25653	22.49894	-9999	2.969635	2.969482	2.969968	3.093174	0.09539551	-1000	24.44959
588848900971626543	146.15857686	0.79878622	23.91182	22.85627	23.36674	20.94732	24.23301	-9999	2.969635	2.969482	2.969968	2.969421	18.01415	-1000	22.96774
588848900971626582	146.23412365	0.78761367	23.36302	24.7519	21.66231	20.57828	20.2749	0.7946234	2.969635	2.969482	1.513259	1.870036	2.499609	-1000	24.01157
588848900971626587	146.23506925	0.75586582	22.64908	23.37964	22.05473	21.36497	20.75101	1.071198	2.969635	2.969482	2.969968	1.924418	1.520624	-1000	22.56778
588848900971626629	146.29500066	0.75130805	23.76745	23.58974	21.46307	20.36371	19.66869	0.9348398	2.969635	18.01641	1.871203	3.642569	1.693544	-1000	23.10779
588848900971626668	146.15711979	0.83763317	22.4561	21.99323	21.10333	20.40574	20.15647	1.639914	2.969635	2.969482	2.969968	2.463149	3.198445	-1000	21.81075
588848900971626677	146.18382755	0.82663829	21.21614	19.58611	18.67597	18.20844	17.84792	1.605216	2.969635	2.857336	3.389695	3.018772	3.21191	0.1631362	19.53859
588848900971626742	146.18422157	0.70225742	21.6167	20.41446	19.22353	18.70832	18.34588	1.802525	11.30503	2.969482	5.826525	3.841062	3.807589	-1000	20.01863
588848900971626757	146.21306029	0.66089869	22.19725	22.04188	21.15403	20.63628	20.43965	1.444737	7.358374	2.969482	2.822912	2.922181	2.787847	-1000	22.00724
588848900971626776	146.2898804	0.73345197	21.36195	19.58115	18.71875	18.25198	17.91326	1.979855	11.30503	4.895392	4.595181	4.302928	4.724565	0.4726488	19.54565
588848900971626809	146.17683604	0.70155422	23.06074	22.31313	21.0028	20.46505	19.92396	0.7440976	0.6552723	1.411916	1.477791	1.36293	3.684717	0.3809093	22.29822
588848900971626810	146.17892062	0.65858807	24.93782	24.93597	22.69694	21.21592	20.80002	0.9149007	4.583613	2.969482	2.969968	1.576379	1.745823	-1000	23.77097
588848900971626812	146.18213018	0.65789756	21.82406	24.79096	24.80917	24.38434	23.48863	-9999	1.644201	2.969482	2.969968	0.6729772	2.969111	-1000	25.10898
588848900971626893	146.17532474	0.65644193	24.34891	22.4861	20.99888	20.57245	20.05485	0.7478507	2.969635	2.969482	1.5284	2.605947	1.830175	-1000	22.43493
588848900971626943	146.19268886	0.70239433	24.59277	23.96217	22.46064	22.74906	21.71068	0.7505993	2.969635	2.969482	1.419042	2.969421	2.969111	-1000	24.06218
588848900971626950	146.19564729	0.72749763	23.48281	22.85452	22.72804	21.85332	21.65457	0.4953577	0.8102795	2.969482	1.45367	1.565578	3.15279	-1000	22.55546
588848900971626968	146.2033945	0.64065426	24.04092	22.65948	22.02215	21.94181	22.41088	0.5886128	2.969635	2.969482	1.102589	1.520345	4.582804	-1000	22.61786
588848900971626970	146.2044904	0.73516315	23.77162	22.63798	26.168	21.34868	21.34713	2.844097	1.042507	1.708711	2.969968	1.461063	2.777227	0.33008	22.45444
588848900971626996	146.21997917	0.67639709	22.85054	22.26647	21.35305	21.05774	20.59647	0.8851917	4.583613	2.969482	1.693228	1.590566	1.940657	-1000	22.02622
588848900971627003	146.22227048	0.66054271	24.17622	22.75729	22.12884	22.12147	21.32017	0.4950188	2.969635	2.969482	1.056514	1.135624	2.969111	-1000	22.74959
588848900971627008	146.2266073	0.78114662	23.22077	23.6102	21.92071	21.30189	21.11731	1.109789	0.8142989	18.01641	2.969968	2.230043	3.838617	-1000	23.1203
588848900971627014	146.22637881	0.63773776	23.39812	22.416	21.42025	21.21457	20.91799	1.054018	2.969635	2.969482	1.893785	2.411902	2.091415	-1000	22.2765
588848900971627028	146.2415315	0.76611754	23.84876	24.09303	21.98035	22.4864	22.60784	1.324533	2.969635	4.583377	2.969968	0.05095449	4.582804	-1000	24.42014
588848900971627052	146.26459816	0.73057064	22.44272	21.76817	20.85851	20.48672	20.07172	1.02025	2.969635	2.200304	1.842766	2.110091	2.138838	0.5260004	21.77848
588848900971627064	146.27445162	0.64650789	23.67883	22.07214	20.50885	19.95282	19.63535	0.8657607	2.969635	1.850066	1.682499	1.829368	2.840902	0.3733827	22.04595
588848900971627120	146.15588019	0.81960003	25.38903	23.25522	21.95564	21.73082	20.92742	0.7321964	2.969635	7.357994	1.477866	1.526985	7.357073	-1000	22.72715
588848900971627136	146.16593243	0.6303052	23.34531	22.98059	22.2215	21.5405	21.89975	0.5921885	4.583613	2.969482	2.969968	1.304537	2.969111	-1000	22.57321
588848900971627145	146.17260673	0.73099895	24.45252	23.72232	22.66792	22.31504	22.04779	0.4513133	4.583613	7.357994	1.197831	1.711864	2.969111	-1000	23.65773
588848900971627169	146.18439012	0.6907849	24.41251	23.35925	22.45422	21.82351	21.51347	0.7168432	0.318897	2.969482	2.969968	2.969421	3.577501	-1000	22.8126
588848900971627182	146.18910105	0.69666288	24.19306	23.84122	22.39146	22.84169	21.57125	0.3043378	4.583613	2.969482	2.969968	1.052239	2.465975	-1000	24.38066
588848900971627184	146.18981151	0.66556528	24.48671	23.04555	21.76947	21.47296	20.67275	0.8301823	2.969635	2.969482	2.969968	1.552795	1.186774	-1000	23.1324
588848900971627207	146.20116364	0.65577389	24.44943	24.32762	22.62604	21.44256	20.98992	0.4208603	0.7365583	2.969482	2.969968	1.868005	2.702716	-1000	25.7239
588848900971627256	146.23119652	0.82150832	23.41012	23.58622	22.06528	21.51188	20.44455	0.8321971	1.19016	2.969482	1.676037	1.786816	3.029822	-1000	24.97791
588848900971627259	146.2340734	0.73534243	24.89257	25.28627	22.40338	24.74448	22.04481	3.372576	11.30503	11.30445	2.969968	2.969421	11.30303	-1000	23.81872
588848900971627263	146.23743383	0.63524786	22.13881	22.41832	21.63609	21.10518	21.21465	1.485453	2.969635	2.969482	2.969968	2.012612	4.582804	-1000	22.619
588848900971627297	146.26497136	0.76125823	23.57565	23.15945	21.85674	21.15037	20.87077	0.625596	4.583613	2.969482	2.969968	1.672358	7.357073	-1000	23.04979
588848900971627316	146.27178146	0.66632405	27.54497	27.91621	20.58078	22.71866	21.03544	0.4676344	43.76481	2.969482	0.9408382	2.969421	2.969111	-1000	25.37624
588848900971627331	146.27998742	0.64316329	23.66712	24.24978	22.28691	21.12957	20.45039	0.5239643	2.969635	2.969482	1.027024	2.583935	1.864917	-1000	24.41181
588848900971627351	146.29040408	0.67177191	22.93398	22.96868	21.45812	20.49824	20.26829	1.48699	2.969635	2.969482	7.359198	1.844055	1.168249	-1000	22.29316
588848900971627357	146.29342784	0.7531895	23.64058	21.94557	20.52852	19.78662	21.43766	8.120317	27.91859	2.969482	27.92172	2.969421	27.91366	-1000	26.6764
588848900971627394	146.16943158	0.67285762	26.16533	23.48327	22.17998	20.49471	19.83013	1.691169	0.2601302	2.969482	7.359198	3.216049	2.696131	-1000	23.56677
588848900971627401	146.17956699	0.6434131	24.32247	24.07988	22.85856	21.58364	21.41213	0.5275418	4.583613	4.583377	1.038241	1.290678	11.30303	-1000	23.05809
588848900971627457	146.26798777	0.66125506	24.44522	23.711	22.85633	21.45967	20.76023	1.778666	2.969635	0.09541511	68.3067	2.246666	1.723363	0.04955583	25.19135
588848900971627498	146.25456856	0.66979147	24.44635	24.85913	24.50751	24.84707	20.52218	-9999	4.583613	2.969482	2.969968	2.969421	1.334141	-1000	25.49391
588848900971627507	146.28659414	0.65410097	20.38221	27.22009	27.4532	26.31969	23.02604	-9999	18.01734	18.01641	2.969968	2.969421	1.802256	-1000	28.17344
588848900971627513	146.28799173	0.70181976	24.36202	22.87298	25.03709	24.33156	23.03951	-9999	2.969635	2.969482	2.969968	0.294919	2.969111	-1000	23.37335
588848900971627517	146.19596198	0.74151267	23.91177	22.83901	21.92949	22.4495	20.93503	1.457311	2.969635	7.357994	2.969968	2.969421	4.582804	-1000	22.699
588848900971627531	146.19339881	0.68250321	23.64363	24.07578	22.09333	21.23289	19.91985	1.170239	2.969635	2.969482	2.969968	7.357843	3.498728	-1000	23.64723
588848900971627540	146.17255772	0.7702695	25.69349	26.108	27.57698	26.98584	18.7989	-9999	2.969635	2.969482	2.969968	2.969421	4.582804	-1000	24.97087
588848900971692057	146.33540615	0.65607055	21.5729	20.52585	19.83734	19.67166	19.89507	2.125798	1.158736	2.969244	4.515245	8.732112	0.98826	-1000	20.20218
588848900971692062	146.33094998	0.65405783	23.22469	24.09592	23.33809	21.85052	24.01633	3.068585	2.96928	2.969244	2.969987	16.69249	2.969163	-1000	23.6443
588848900971692174	146.35403301	0.69574385	21.33465	19.87941	18.63852	18.03296	17.69882	1.299763	1.262194	2.810036	2.873165	2.599984	3.339332	0.2891141	19.98448
588848900971692221	146.41648711	0.671702	21.5444	20.56056	19.70451	19.21281	18.98722	1.569987	2.96928	4.148837	3.38552	3.625181	2.905583	0.5097359	20.4164
588848900971692257	146.32707035	0.80771823	21.15583	20.05005	19.51094	19.16506	18.95097	1.183172	2.96928	2.211992	2.494897	2.738295	4.335972	0.2012061	20.28377
588848900971692258	146.32612415	0.80620975	25.84259	24.07992	22.61269	21.77119	21.19194	0.865083	2.96928	11.30354	27.9219	1.299193	1.794298	-1000	23.51958
588848900971692279	146.38099182	0.63527809	22.06974	20.7774	19.69213	19.20304	18.83985	1.031446	43.75957	2.352257	2.112888	2.196674	3.262167	0.3231396	20.82177
588848900971692404	146.3294648	0.76275068	23.2421	22.34366	24.32181	23.16101	23.67659	-9999	2.96928	2.969244	2.969987	2.969802	2.969163	-1000	22.76817
588848900971692426	146.34420793	0.7206821	24.13922	22.48191	21.84059	22.26316	21.33413	1.323183	2.96928	2.969244	2.969987	2.131321	1.011201	-1000	22.87293
588848900971692441	146.36208493	0.67988087	22.99327	22.8687	22.14218	21.59182	21.24491	0.6459302	2.96928	2.969244	1.492686	1.665396	1.015815	-1000	23.38741
588848900971692514	146.41731999	0.64714127	24.6142	22.62209	21.20077	20.39184	19.95291	0.9954612	7.357492	2.969244	2.337042	1.497087	1.332176	-1000	22.54046
588848900971692584	146.32249131	0.72323831	22.09902	22.78467	21.62785	20.78509	20.70986	1.858983	7.357492	2.969244	2.969987	2.450884	2.001509	-1000	21.5279
588848900971692587	146.32441718	0.64212287	22.95251	23.28575	22.38357	22.07831	22.4814	0.7665266	0.6479211	2.969244	1.545547	1.738124	4.582884	-1000	23.37589
588848900971692605	146.33352169	0.80214662	24.06476	22.97588	21.87339	21.87345	21.70516	1.047171	2.96928	7.357404	2.969987	1.20733	2.361816	-1000	22.09672
588848900971692617	146.34390193	0.82119276	23.27559	23.65002	21.95618	21.50653	20.87158	1.294228	0.4335014	2.969244	2.969987	1.664796	4.582884	-1000	24.08149
588848900971692678	146.3846676	0.72818195	22.72475	23.21793	21.86507	21.45669	20.98398	0.8363119	2.96928	2.969244	1.766503	1.820241	18.01447	-1000	22.90678
588848900971692679	146.38477908	0.6645019	22.50751	23.50038	22.42463	22.05805	22.21938	0.6085255	1.133739	2.969244	1.31037	0.9806702	1.037779	-1000	24.03485
588848900971692690	146.38918861	0.66143495	22.97821	23.51108	21.93349	21.49468	21.28342	0.5995623	2.96928	2.969244	1.250737	3.486784	0.8943676	-1000	23.60227
588848900971692702	146.39744388	0.72645648	22.82747	23.35455	21.79923	21.51428	21.26074	0.7665505	2.96928	2.969244	1.578426	1.736993	4.582884	-1000	23.75109
588848900971692720	146.40502148	0.78277122	24.94048	23.29508	22.24594	21.67464	22.39558	0.7058144	0.2991672	2.969244	2.969987	1.593584	2.969163	-1000	23.80135
588848900971692727	146.41020936	0.67404603	24.67608	23.22215	22.03572	20.8366	20.30654	0.654136	0.7027805	2.969244	1.544314	3.498043	2.806966	-1000	23.43443
588848900971692761	146.42530666	0.79378171	24.33496	23.43167	21.78438	21.34792	20.36736	1.223308	2.96928	2.969244	2.42759	2.323931	2.758492	-1000	23.91649
588848900971692790	146.4388665	0.72874305	22.83195	23.88144	22.21069	21.79027	20.9438	1.223589	43.75957	4.58301	2.969987	1.63662	3.781872	-1000	23.41336
588848900971692813	146.44991932	0.74645228	23.82507	23.26174	21.94085	21.27587	20.96756	0.7606598	0.08854638	2.969244	1.891529	2.402435	1.406109	-1000	23.22728
588848900971692845	146.31898905	0.6335096	23.72392	23.81426	22.52513	21.52028	21.04631	0.6615266	7.357492	4.58301	2.969987	1.678989	2.374518	-1000	22.98115
588848900971692855	146.32574258	0.66371942	26.34131	24.56453	23.5612	21.71524	20.7998	-9999	2.96928	7.357404	2.969987	1.558517	1.300236	-1000	24.19475
588848900971692879	146.37669088	0.69924185	23.29702	24.82628	22.73408	21.61181	20.63822	-9999	2.96928	7.357404	1.102402	2.969802	2.726566	-1000	24.53682
588848900971692896	146.40334465	0.81892697	24.43544	24.31711	22.56741	21.46125	20.5304	0.7206579	2.96928	2.969244	1.569941	1.233	0.9480234	-1000	24.03163
588848900971692915	146.43217663	0.76495782	26.26195	23.37441	22.8692	21.48503	20.71445	0.4574676	2.96928	1.156528	0.9812546	1.53882	27.91415	1.06667	23.70824