587729149846946417	151.62364969	-2.55149417	22.57935	23.04046	21.84181	21.5057	21.32171	0.8456959	1.241616	7.359079	2.013697	1.278557	1.891172	-1000	22.71375
588848900971299286	145.46026308	0.71590493	23.54765	22.56668	21.82518	21.36222	20.92632	1.359369	0.09978194	2.969576	7.358338	2.031301	2.37015	-1000	22.47549
588848900971299300	145.47396353	0.81066028	23.6384	22.40554	21.16771	21.13859	20.37821	0.8738989	2.968804	2.969576	2.042646	1.916619	4.011299	-1000	22.3641
588848900971299318	145.49148089	0.81142239	24.0182	22.6754	21.8848	22.13977	21.10087	0.9191305	4.58233	2.969576	2.969621	2.969343	1.731193	-1000	22.52478
588848900971299328	145.49745098	0.66236707	22.53903	22.23139	21.33428	20.89223	20.49659	1.11918	11.30187	11.3048	2.706614	2.501734	1.53223	-1000	22.1531
588848900971299336	145.50273895	0.67556376	22.21518	21.03337	20.39481	20.07448	19.93913	1.642314	7.356313	2.590113	7.358338	4.139858	4.177183	0.2025354	21.20942
588848900971299342	145.50483128	0.744911	24.33281	22.2664	20.50923	19.80633	19.26615	1.113954	2.968804	2.969576	2.362977	2.874777	1.789402	-1000	22.22692
588848900971299349	145.51237728	0.75650715	24.37643	21.80083	21.03934	20.93127	20.95691	1.007723	0.6530089	2.969576	2.223655	2.226439	2.969238	-1000	21.93731
588848900971299358	145.51990112	0.68399517	23.97656	23.0369	22.79383	22.34911	23.08159	0.4315477	2.968804	18.01698	0.9968943	1.400395	2.969238	-1000	23.04841
588848900971299373	145.53478949	0.73901719	23.63534	22.66362	21.42517	20.73208	20.1628	0.899936	2.968804	2.969576	2.301842	1.681661	2.20249	-1000	22.34738
588848900971299383	145.54318763	0.7440096	23.88495	21.15516	19.5674	19.01792	18.61825	1.48185	0.7528107	2.969576	3.374798	2.138901	3.142872	-1000	21.58398
588848900971299387	145.54922361	0.66317347	22.54039	21.64163	20.54163	20.219	19.76741	1.293309	2.968804	2.969576	2.833007	1.837932	1.591196	-1000	21.39459
588848900971299424	145.41550991	0.6462642	23.29145	23.83289	22.17	21.59596	20.56761	1.079806	18.01229	2.969576	1.691874	1.826503	18.01493	-1000	23.40594
588848900971299438	145.43358031	0.80337506	22.93598	22.4724	21.40861	22.00551	21.13297	2.136418	2.968804	2.969576	7.358338	2.969343	0.6630611	-1000	22.37182
588848900971299456	145.44963436	0.83204597	23.80326	23.71818	21.74326	21.23954	20.73807	0.8943661	2.968804	0.6706749	2.158126	1.116306	1.104367	0.3301461	22.37257
588848900971299528	145.51803329	0.72144026	25.72865	23.7726	22.28	21.71764	21.14114	0.7455264	4.58233	0.1014784	1.926676	1.401987	1.627025	0.03643803	22.46846
588848900971299530	145.52075556	0.73770253	24.14729	22.89888	21.55476	20.88731	20.12341	0.7369105	2.968804	2.969576	1.709165	1.791834	3.858082	-1000	22.76348
588848900971299548	145.5297098	0.72470712	25.03413	23.62498	22.0309	21.00959	20.53089	1.069451	0.7404343	0.2918647	2.01519	2.131375	0.7107711	0.1417655	24.09938
588848900971299556	145.53571363	0.7161012	23.87619	24.25732	22.07078	20.99093	20.517	0.8889138	2.968804	2.969576	1.767727	1.84622	1.465108	-1000	26.06859
588848900971299561	145.53933818	0.77212051	26.22233	22.60443	21.88263	21.94792	22.44409	1.270181	2.968804	2.969576	4.583591	4.583162	2.969238	-1000	22.5699
588848900971299601	145.41480544	0.77628213	27.99274	22.25666	20.35145	20.31045	19.12175	3.793854	2.968804	2.969576	11.30498	1.287476	1.84418	-1000	22.46414
588848900971299621	145.43469506	0.75789562	27.66685	21.66962	22.06435	19.58289	24.81353	5.07834	27.91078	27.91804	27.91846	2.969343	27.91486	-1000	22.53455
588848900971299680	145.53201631	0.81672704	24.57616	23.29006	23.1687	21.60308	20.86428	0.5870591	2.968804	43.76394	2.969621	1.834718	1.584244	-1000	23.27269
588848900971299688	145.54510844	0.73958803	25.81828	25.35447	23.10426	21.85695	22.22138	0.7730137	2.968804	2.969576	2.969621	1.915854	4.583	-1000	26.42389
588848900971299714	145.5295909	0.78436721	23.78044	24.01717	23.49361	25.52846	19.91284	3.469542	2.968804	2.969576	2.969621	4.583162	3.515733	-1000	25.24575
588848900971364359	145.55563519	0.78368052	23.13158	23.56472	23.68229	21.0857	23.8866	1.494672	2.969064	2.969459	2.970076	2.864504	2.969321	-1000	24.31862
588848900971364373	145.55468086	0.68216271	24.54276	23.44143	21.58336	24.35897	22.66601	1.669461	4.582732	2.969459	3.355033	2.96966	0.7471012	-1000	22.92042
588848900971364394	145.57337388	0.80214628	23.94492	23.42139	21.62559	20.36131	20.05558	1.257854	7.356958	2.969459	2.970076	4.712948	2.79011	-1000	22.66218
588848900971364437	145.64334704	0.65759185	23.56295	22.44946	21.21685	20.78285	20.26509	0.986697	2.969064	2.969459	2.185931	1.952294	1.750138	-1000	22.54439
588848900971364439	145.63826997	0.65947413	26.68868	22.49428	22.21078	19.82014	25.52523	3.046603	2.969064	2.969459	2.970076	43.76518	2.969321	-1000	21.23564
588848900971364470	145.69269849	0.7457748	25.97525	23.42711	22.07155	21.31724	21.51217	1.575582	2.969064	2.969459	2.970076	3.214091	2.969321	-1000	23.05847
588848900971364493	145.56329399	0.80261605	23.04446	20.52044	19.47627	19.04267	18.64659	1.632664	0.7790153	3.621742	3.403719	3.407566	3.682686	0.2678038	20.57559
588848900971364595	145.58876256	0.7776066	21.73252	20.77204	19.29259	18.77561	18.56436	1.389084	2.969064	2.969459	2.818326	3.662072	4.807558	-1000	20.72655
588848900971364638	145.6032673	0.68384334	22.27321	21.24031	19.38774	18.63601	18.20813	1.565998	11.30286	2.969459	3.638883	3.665709	3.717205	-1000	21.31097
588848900971364680	145.63159652	0.77226808	22.10562	21.33609	20.39526	20.11269	19.70702	1.04602	1.341588	2.969459	1.992058	1.906423	3.272094	-1000	21.13457
588848900971364681	145.63305891	0.77295669	26.1076	21.13051	20.43662	20.84606	19.95029	1.315819	2.969064	2.969459	2.970076	2.96966	68.29183	-1000	22.43915
588848900971364717	145.56025239	0.81549053	23.69079	23.01864	22.00236	21.47051	21.63566	0.5814043	2.969064	7.357935	1.844567	1.387005	7.357596	-1000	22.70693
588848900971364729	145.56703709	0.82935616	24.27196	22.27761	20.7698	20.33957	19.83204	0.8212177	4.582732	2.284543	1.614518	1.651076	1.541161	0.4676352	22.01384
588848900971364732	145.56977272	0.75367854	21.81513	21.17649	19.99948	19.71426	19.14798	1.486089	7.356958	2.975732	7.359465	3.763124	6.19521	0.440163	20.8849
588848900971364750	145.57957672	0.76804567	22.42334	22.34858	21.08893	20.96207	21.4156	1.29979	2.969064	2.969459	2.806707	2.243158	1.418648	-1000	23.07653
588848900971364778	145.59318416	0.71596924	23.80755	22.33887	21.32473	21.00634	21.04259	1.101465	2.969064	2.969459	2.106162	3.969732	1.694027	-1000	21.82286
588848900971364876	145.64315056	0.64914746	23.56902	22.5104	21.59746	21.40285	21.20448	0.7740351	2.969064	1.315824	1.488364	1.866619	1.195217	0.1529469	23.5287
588848900971364894	145.65246892	0.65481638	25.56963	22.22378	20.82354	20.19236	19.80673	1.174829	4.582732	2.969459	2.579673	2.031466	1.751398	-1000	22.07047
588848900971364915	145.66047357	0.7791083	22.32485	21.55158	20.74372	20.52927	20.03045	1.03258	1.417709	2.969459	2.187752	1.960939	2.429512	-1000	21.41951
588848900971364921	145.66279629	0.63226749	23.00893	22.73888	22.48354	22.565	22.48854	0.6475043	7.356958	2.969459	1.057119	1.915953	1.751834	-1000	22.53166
588848900971364929	145.66682139	0.81226135	23.5124	22.36388	20.60839	20.0195	19.65033	2.537783	2.969064	11.30436	11.30671	2.613189	3.336668	-1000	21.14981
588848900971364937	145.66786437	0.79227644	22.81905	22.73668	21.3883	21.00524	20.72595	1.338827	2.969064	1.119958	2.970076	1.942411	1.342654	0.1521334	22.24326
588848900971364942	145.66929431	0.78794268	24.41883	22.86127	21.79731	21.39381	22.07473	1.029915	2.969064	18.01626	2.221924	1.397863	1.009123	-1000	22.2488
588848900971364954	145.67803133	0.64799538	20.68792	19.80076	19.24146	19.09276	18.89629	2.259968	2.969064	2.969459	2.970076	5.221078	3.703243	-1000	20.22504
588848900971364967	145.68895093	0.64140352	22.42592	22.55214	22.2133	21.9595	21.6266	1.188877	2.969064	2.969459	2.970076	1.140393	2.969321	-1000	25.16047
588848900971364970	145.69097389	0.67681765	23.88206	22.88147	22.85309	22.11695	21.32974	0.7253448	4.582732	2.969459	2.970076	2.96966	2.52706	-1000	23.35549
588848900971365007	145.55913314	0.83782158	23.34118	22.63174	21.0042	20.37102	19.88124	1.31785	11.30286	11.30436	2.225682	1.904526	2.016158	-1000	21.94732
588848900971365031	145.56877752	0.6900763	26.2773	24.81679	22.29677	21.55009	20.51386	0.8284044	2.969064	2.969459	2.970076	1.948153	2.012402	-1000	26.42257
588848900971365041	145.57665645	0.72946388	24.67431	23.19123	21.61759	21.1535	20.70883	1.038165	0.09752565	2.969459	2.261953	1.448586	2.150229	-1000	22.74433
588848900971365063	145.59056331	0.787701	24.02075	22.82255	21.90317	21.7401	21.2825	0.6276196	1.07416	2.969459	2.027456	2.96966	11.30384	-1000	23.44162
588848900971365099	145.60979513	0.75664178	25.05695	23.55777	21.58134	20.98129	20.71183	4.182412	18.01387	2.969459	18.02001	3.088001	2.041497	-1000	21.23784
588848900971365107	145.61276873	0.74123326	23.20248	24.91579	21.90211	20.74648	19.77183	3.406876	11.30286	2.969459	11.30671	2.266327	1.599728	-1000	22.09406
588848900971365113	145.61690618	0.73537014	25.85299	22.95663	21.24682	24.50347	24.99507	1.852457	2.969064	2.969459	2.970076	2.96966	2.969321	-1000	24.12545
588848900971365155	145.64433678	0.67383234	23.30287	23.31432	22.47168	21.91714	21.765	0.5664978	2.969064	2.969459	1.522346	2.460259	0.08590284	-1000	23.34032
588848900971365159	145.64577799	0.75697139	23.3227	23.69267	22.34154	22.3476	22.85584	1.2854	0.7498635	2.969459	2.970076	1.291337	0.2567709	-1000	24.28839
588848900971365160	145.64607875	0.78624679	23.73063	24.29836	22.49303	24.29477	22.01173	0.1759852	2.969064	2.969459	2.970076	2.96966	0.083639	-1000	26.00722
588848900971365162	145.64990172	0.77437804	23.69607	24.58726	22.09432	22.5386	22.96278	0.8114166	2.969064	2.969459	2.970076	1.027691	2.969321	-1000	21.97437
588848900971365171	145.65982506	0.65835743	23.65381	23.28251	21.38134	20.80188	19.93998	0.9716961	2.969064	2.969459	2.155129	2.823098	3.347396	-1000	23.54776
588848900971365180	145.66532212	0.66469002	24.45595	23.90793	22.20482	21.35965	21.20045	0.956819	4.582732	2.969459	2.970076	1.785158	2.949843	-1000	22.73673
588848900971365197	145.67455981	0.82073475	24.93949	23.25821	22.027	21.42843	20.52574	0.8051391	2.969064	7.357935	1.56332	1.544578	3.782448	-1000	22.71282
588848900971365261	145.59191285	0.7503502	24.51121	24.55111	23.02645	21.87268	21.63214	0.7570326	2.969064	2.969459	2.970076	1.397442	4.583129	-1000	24.46587
588848900971365317	145.69136626	0.78591379	23.14213	23.39478	22.65862	21.69763	21.9593	2.232993	2.969064	2.969459	7.359465	2.426891	1.804265	-1000	23.6319
588848900971365343	145.657704	0.76532847	23.59345	24.49804	24.04383	23.19196	19.78261	1.186145	0.9975299	2.969459	2.970076	2.96966	1.590899	-1000	23.06216
588848900971365355	145.56505293	0.73728294	25.60427	24.17422	22.32984	22.42391	21.31555	0.709214	2.969064	2.969459	1.898268	2.095587	2.992926	-1000	28.28028
588848900971365358	145.66426892	0.76347289	25.04267	23.34827	21.97896	23.7703	20.7529	1.552238	7.356958	2.969459	7.359465	2.96966	7.357596	-1000	23.38359
588848900971429896	145.72732429	0.80923565	22.28725	21.9539	21.18623	20.02587	19.84585	1.518425	2.969262	2.968944	3.308687	4.028346	3.394288	-1000	21.99727
588848900971429899	145.7192778	0.79913731	22.65806	22.3131	21.85442	21.67577	21.03417	1.070549	2.969262	2.968944	2.969935	3.62229	3.950449	-1000	21.83588
588848900971429906	145.71942954	0.80192357	24.55315	22.35848	21.69403	21.88594	22.82526	1.390409	2.969262	2.968944	2.969935	2.969401	0.1016522	-1000	24.61194
588848900971429913	145.7268996	0.79583935	26.75185	22.71046	23.40014	20.98549	24.44284	0.4712744	2.969262	2.968944	2.969935	2.969401	2.969867	-1000	23.20715
588848900971429935	145.74826188	0.8284333	23.23016	22.79692	21.19212	20.97527	21.10296	1.339447	2.969262	2.968944	2.108231	2.969401	2.969867	-1000	23.51993
588848900971429939	145.74759303	0.83370311	25.09507	22.54338	21.90054	21.2085	20.71682	1.212679	0.290803	2.968944	1.950444	3.32897	2.914346	-1000	22.43531
588848900971429992	145.84958106	0.80941326	21.89947	21.01554	20.10183	19.71513	19.5162	1.668251	2.969262	3.188633	7.359116	4.45883	7.358947	0.5964399	21.19526
588848900971429993	145.84801261	0.81013333	23.36267	24.45969	23.48737	22.12832	21.12897	0.7346941	0.4616276	2.968944	2.969935	1.26282	7.358947	-1000	24.60171
588848900971430070	145.80425482	0.78651377	21.31232	20.00661	19.00289	18.54743	18.08891	1.274855	2.769984	2.906417	2.546095	2.430199	2.54641	0.1771638	19.95131
588848900971430093	145.8373404	0.74676143	21.05812	19.5285	18.5348	18.05317	17.72011	1.414382	3.364487	3.015772	3.027781	2.739612	2.548342	0.1241916	19.54138
588848900971430099	145.84749763	0.6757352	18.81183	16.96462	16.05597	15.59025	15.24195	2.709488	5.808163	6.347333	6.431937	6.105891	5.953269	1.109757	17.13738
588848900971430127	145.76279314	0.66610089	21.31092	19.70991	18.99327	18.68471	18.42838	2.219833	2.969262	18.01314	11.30617	7.088571	2.822568	-1000	19.54634
588848900971430169	145.82139566	0.7679945	22.77556	22.84139	20.9967	20.70545	20.45338	0.9864095	18.01507	18.01314	2.056923	2.900295	3.105621	-1000	22.36163
588848900971430199	145.76978367	0.7374231	24.33569	21.17596	19.98687	19.43426	19.056	1.900165	2.969262	2.968944	2.969935	4.174875	3.257912	-1000	20.99277
588848900971430263	145.82625058	0.65831377	24.03439	23.08784	21.74817	21.31477	20.84149	0.9987191	4.583037	2.968944	2.969935	2.177143	4.583971	-1000	22.98824
588848900971430289	145.70744027	0.72850962	23.19049	22.73494	22.22128	22.05241	22.40084	0.7784127	2.969262	2.968944	1.578062	1.209127	2.198949	-1000	22.51114
588848900971430291	145.70894145	0.77922273	21.4618	21.29037	20.37989	20.04246	19.39856	2.037335	2.969262	2.968944	2.969935	3.046559	2.58752	-1000	21.49681
588848900971430316	145.72374933	0.67606802	24.86208	22.67978	22.23875	21.81941	22.66328	0.7931256	4.583037	2.968944	2.969935	1.387377	2.969867	-1000	23.07475
588848900971430318	145.72669909	0.66655072	22.67077	22.16019	21.66282	21.62881	21.50313	1.133953	2.969262	2.968944	1.988744	1.239101	2.969867	-1000	22.03288
588848900971430371	145.77596149	0.72738434	22.21447	20.82336	19.90399	19.49453	19.18903	1.220854	0.09605069	2.968944	2.501808	2.503669	2.239046	-1000	20.58647
588848900971430383	145.78659172	0.79674261	23.01088	22.52187	21.78843	21.06269	20.72017	1.061518	2.969262	2.968944	2.055528	2.969401	2.070137	-1000	22.63764
588848900971430389	145.78904766	0.63069764	23.17655	22.11397	20.65471	20.43697	19.88724	1.189392	7.357448	2.968944	2.283374	2.457481	1.704378	-1000	22.16972
588848900971430397	145.79604819	0.68878418	24.42685	22.58177	22.85735	22.55534	22.43486	1.232731	2.969262	2.968944	1.208816	7.357791	0.6999284	-1000	22.83657
588848900971430409	145.80119718	0.77603027	22.81904	22.64645	22.05999	21.5983	21.45553	0.6941077	1.181897	2.968944	1.416523	1.714509	1.087501	-1000	22.76987
588848900971430452	145.82647733	0.70946256	22.47332	22.27321	23.53726	22.99674	23.20745	1.943504	3.074611	2.968944	11.30617	2.969401	11.30591	-1000	22.11198
588848900971430468	145.83574376	0.75968214	22.47169	22.32177	21.82944	21.34185	20.54671	1.456538	2.969262	2.968944	2.969935	1.764263	2.032171	-1000	23.58284
588848900971430527	145.72183555	0.6664122	24.57075	25.43829	22.52887	23.40718	21.66178	0.4714264	2.969262	0.289757	1.274723	2.969401	1.119914	0.2660253	25.12555
588848900971430540	145.73326995	0.68508158	23.07884	22.6132	21.60256	21.22367	21.19403	1.258025	7.357448	43.75462	2.969935	2.410052	2.969867	-1000	22.10774
588848900971430541	145.73469848	0.74239182	23.77462	22.86039	21.95088	21.69842	21.29695	0.8015305	2.969262	2.968944	1.625705	2.051101	2.549128	-1000	22.27459
588848900971430575	145.7614292	0.67440636	23.2386	22.89971	21.61175	21.50373	20.87768	0.968908	2.969262	7.356659	2.193585	1.705919	27.92077	-1000	22.7331
588848900971430595	145.77384957	0.75263919	23.66541	24.09506	22.46729	21.52816	22.67867	2.256469	2.969262	2.968944	2.969935	1.552959	2.969867	-1000	23.81486
588848900971430610	145.78435645	0.71918568	24.7433	23.58168	22.5032	21.1828	20.48107	0.7428246	2.969262	1.166111	1.645147	1.642376	11.30591	1.024795	25.49694
588848900971430622	145.79588791	0.67021325	23.06631	23.23069	21.7345	21.01215	21.00621	0.792715	4.583037	2.968944	1.658107	1.668177	0.08658916	-1000	23.41782
588848900971430629	145.8004644	0.69861287	24.89553	23.55497	22.34539	22.79934	22.0042	0.6484947	2.969262	2.968944	2.969935	2.969401	0.03423205	-1000	23.5114
588848900971430639	145.80610887	0.66895936	23.63527	22.89711	21.0388	20.25296	19.77158	1.474953	2.969262	2.968944	2.969935	3.511366	2.044652	-1000	23.39095
588848900971430640	145.80650911	0.68141621	24.73599	23.22904	22.17177	21.7778	22.4407	0.6617531	4.583037	2.968944	1.303619	1.140546	2.969867	-1000	23.22783
588848900971430648	145.81188746	0.67249303	24.97494	22.73151	21.90309	21.89509	22.36898	0.8586206	4.583037	7.356659	1.735727	1.748806	2.969867	-1000	22.68069
588848900971430692	145.83551993	0.68782181	24.3971	23.42403	21.8941	22.33466	22.05489	1.500972	2.969262	2.968944	2.969935	2.969401	2.969867	-1000	24.97152
588848900971430725	145.85079498	0.77307475	26.02597	22.39146	21.50787	21.08077	20.87802	8.08819	2.969262	2.968944	27.92141	2.969401	1.712459	-1000	22.27967
588848900971430776	145.74687865	0.72316959	23.72245	24.11754	23.08091	21.66203	23.52319	0.6532249	2.969262	2.968944	2.969935	1.73541	11.30591	-1000	23.21308
588848900971430788	145.76067061	0.83285922	27.88849	21.86805	20.73472	18.9423	26.86376	3.096006	2.969262	2.968944	2.969935	2.969401	0.7060303	-1000	22.50345
588848900971430795	145.76748204	0.81944269	24.71337	24.11145	23.04759	21.78708	21.09358	0.6784539	2.969262	2.968944	1.214978	1.55773	7.358947	-1000	23.6108
588848900971430815	145.79042713	0.73352838	23.86357	23.34955	24.05731	21.39278	23.51275	-9999	2.969262	2.968944	2.969935	2.969401	2.969867	-1000	25.12864
588848900971430831	145.81192903	0.77066991	24.56216	22.38995	22.17315	20.96415	20.8681	1.904951	0.7165408	2.968944	11.30617	2.7992	11.30591	-1000	22.54952
588848900971430840	145.83157404	0.64325541	25.49747	23.35323	22.95206	21.64146	21.75202	1.922133	2.969262	27.91209	68.30595	1.861549	2.969867	-1000	23.21957
588848900971495449	145.87933231	0.64385975	27.55896	21.70109	20.45607	19.16884	23.60363	14.243	2.968739	27.90938	2.969973	27.91294	0.6631491	-1000	20.70999
588848900971495494	145.93362543	0.69972001	23.51055	23.41573	22.20451	20.67584	19.85531	0.7566853	11.30162	2.968655	1.556573	2.060473	1.470996	-1000	23.97971
588848900971495496	145.93869626	0.69528376	24.49331	24.21218	22.1922	21.57814	21.8065	1.293398	2.968739	2.968655	2.969973	2.969034	18.01452	-1000	23.95889
588848900971495513	145.95488348	0.81462934	24.60683	24.9993	22.65065	22.15229	23.09418	1.204591	2.968739	2.968655	2.969973	2.969034	2.969172	-1000	23.22722
588848900971495556	145.86810777	0.82940144	20.09502	18.0973	17.10029	16.60517	16.21197	1.769198	3.49684	4.101449	4.038907	3.726889	3.92654	0.4339545	18.19579
588848900971495604	145.93994363	0.67774959	24.10706	23.1859	22.43578	22.71216	23.76896	0.6707811	2.968739	2.968655	1.40942	1.182788	2.969172	-1000	23.23133
588848900971495627	145.97045884	0.82886943	23.07322	22.83383	24.64287	22.28228	19.78093	2.203713	2.968739	2.968655	2.969973	2.969034	3.681971	-1000	22.72167
588848900971495739	145.88259023	0.77269466	22.11683	25.25877	24.24718	23.10812	22.50497	-9999	1.032319	4.5821	2.969973	2.969034	2.969172	-1000	25.28399
588848900971495742	145.88711974	0.83183196	21.7375	20.9823	20.27702	19.97796	19.6195	0.9319938	1.924587	1.646495	2.006549	1.527253	2.300582	0.1433953	21.15219
588848900971495750	145.89137649	0.82730151	22.09191	21.21972	20.62195	20.57164	20.20685	0.8952134	2.968739	1.613541	1.840119	1.895427	2.400635	0.2976806	21.18865
588848900971495790	145.99121921	0.63556485	23.35166	22.94445	22.47653	21.81957	21.18493	1.466445	7.356152	2.968655	2.969973	18.01369	2.969172	-1000	23.59698
588848900971495809	145.8549574	0.75490616	22.04555	21.05925	20.42902	20.28029	20.29057	1.300875	1.164393	2.790618	2.510134	3.130459	1.478895	0.4155767	21.37764
588848900971495846	145.87686915	0.72311076	22.62979	21.82024	20.80993	20.43244	20.09501	0.8284724	2.968739	2.968655	1.582141	1.622464	1.576117	-1000	21.77549
588848900971495849	145.87685004	0.67822077	23.9869	22.50703	21.84532	21.34068	20.7589	0.7909179	2.968739	1.808303	1.571803	1.523585	2.36417	0.3068062	22.6219
588848900971495880	145.89753709	0.80295081	23.12554	22.43852	22.04617	21.63969	21.02591	0.7569426	2.968739	2.968655	2.969973	1.406605	1.738985	-1000	22.39336
588848900971495906	145.91578062	0.66556028	24.05927	21.48189	20.4415	19.98592	19.61203	1.523467	11.30162	2.968655	3.381719	1.948327	1.96165	-1000	21.44071
588848900971495933	145.92785702	0.71974701	24.75255	22.17412	20.10592	19.37421	18.79288	1.380064	11.30162	2.968655	3.06406	2.814227	2.861849	-1000	22.1391
588848900971495969	145.9473492	0.66730141	23.08609	22.77977	22.79853	21.5385	21.83788	0.8721914	4.58223	2.968655	2.969973	1.532768	0.878361	-1000	23.61333
588848900971495988	145.95674903	0.80506901	24.82414	22.87907	21.39632	20.20268	19.86865	0.6821162	4.58223	4.5821	1.473353	1.749011	1.631359	-1000	22.45032
588848900971496006	145.96707158	0.76607647	25.05294	22.72333	21.86944	21.71111	22.15853	0.8234169	2.968739	2.968655	1.815599	2.550693	1.758354	-1000	22.60126
588848900971496012	145.97112324	0.74786794	23.44816	22.8395	21.54768	21.11142	20.49256	0.8902854	2.968739	2.968655	1.730922	2.242545	68.2884	-1000	22.45798
588848900971496017	145.97186249	0.68989455	22.74114	21.43196	20.99298	20.96217	21.51525	1.43121	2.968739	2.968655	3.373679	2.498267	2.969172	-1000	21.51598
588848900971496030	145.9830452	0.63597265	23.11563	22.13268	21.71521	21.5653	20.83277	1.113418	2.968739	2.968655	2.229584	1.380704	2.080075	-1000	22.09066
588848900971496044	145.98791415	0.79684452	23.54972	22.39413	20.81491	20.23383	19.6778	0.9968731	0.5066759	7.303339	2.135079	2.217069	1.668167	5.274858	22.12437
588848900971496135	145.88428568	0.78450423	23.9815	22.71815	20.99109	20.48131	19.62914	1.098505	2.968739	2.968655	2.360847	1.97849	5.176142	-1000	23.22553
588848900971496144	145.8901259	0.65904732	24.39472	23.45015	22.098	21.30928	20.82984	0.8562803	7.356152	1.141409	1.592207	1.228925	2.969172	1.033634	24.21838
588848900971496162	145.90140258	0.77265914	23.33093	22.7652	21.81291	21.69095	20.88025	1.163691	0.09065241	2.968655	2.969973	1.925746	18.01452	-1000	22.97747
588848900971496174	145.90416701	0.63213151	23.66837	23.30785	22.31405	21.7665	20.9568	0.614033	2.968739	2.968655	1.148535	1.475005	2.402508	-1000	22.8783
588848900971496251	145.94420984	0.63931232	25.25194	24.63224	22.80885	21.64084	21.68983	1.004383	2.968739	2.968655	2.969973	1.465453	2.168673	-1000	23.15613
588848900971496369	146.00268431	0.65498546	25.47643	25.4198	22.55709	21.87557	21.19056	0.5391672	0.2569808	2.968655	1.322056	2.094011	0.7360755	-1000	24.95577
588848900971496415	145.89299851	0.69589203	24.22513	24.2065	22.72866	21.9047	21.84177	0.4815853	2.968739	2.968655	1.041539	1.950927	2.969172	-1000	25.04831
588848900971496417	145.8988951	0.7321796	23.91875	23.30656	22.59672	21.3306	21.55486	0.4463207	2.968739	2.968655	2.969973	2.081319	0.0851905	-1000	23.59871
588848900971496441	145.93268139	0.69514199	21.54901	23.67682	20.3318	19.28001	20.56421	-9999	2.968739	2.968655	2.969973	43.75595	2.969172	-1000	28.27507
588848900971496466	145.98488604	0.72997436	23.65845	24.57495	22.92702	21.6109	21.36461	-9999	7.356152	2.968655	2.969973	1.954853	1.208036	-1000	25.35092
588848900971560994	146.02814342	0.7269158	25.47205	25.59559	22.46302	22.77638	21.62106	0.7044622	2.969659	27.9125	2.969686	2.969397	1.530813	-1000	23.86361
588848900971561111	146.14095356	0.77199382	22.67594	22.56932	21.23252	24.35223	20.2812	1.518469	2.969659	2.968987	2.843879	2.969397	0.0225427	-1000	23.35783
588848900971561113	146.13007846	0.77933035	25.14279	23.53145	23.13888	21.4493	20.23503	1.298559	0.2660788	2.968987	2.969686	3.026541	3.897044	-1000	23.08216
588848900971561117	146.14267143	0.77668437	24.20993	23.14632	24.9633	20.89739	21.75087	-9999	2.969659	2.968987	2.969686	2.76967	2.968729	-1000	23.42929
588848900971561133	146.13824351	0.69688576	26.02563	22.89276	21.72765	20.21741	22.31788	1.604408	18.01748	2.968987	2.969686	2.969397	2.968729	-1000	24.20264
588848900971561146	146.14650441	0.82964162	23.1967	24.62218	22.87439	21.94763	21.77687	1.583678	1.023938	2.968987	7.3585	1.449075	1.737664	-1000	27.05353
588848900971561170	146.01226048	0.76562991	18.77962	17.73466	17.1982	16.86865	16.63783	4.144458	2.969659	8.818936	8.965322	8.538695	9.570985	0.5677537	17.91555
588848900971561171	146.01161511	0.76832958	22.39183	20.82435	20.11807	19.84234	19.40581	7.055932	2.969659	2.968987	18.01764	3.303973	2.328906	-1000	20.53031
588848900971561191	146.06942895	0.69819749	20.93717	18.95379	17.67874	17.16011	16.75607	1.789754	27.91881	4.497218	4.421663	4.231618	4.199725	0.3642822	18.93338
588848900971561226	146.11326833	0.71717866	24.21582	23.5763	22.22275	21.7902	21.96339	0.7841859	2.969659	2.968987	1.707105	2.252988	0.672909	-1000	23.54144
588848900971561232	146.11672313	0.7869588	20.586	19.36198	18.55352	18.12785	17.86417	1.683802	2.969659	4.120924	3.596589	3.403566	3.296475	0.3502865	19.18906
588848900971561238	146.12634489	0.75789174	20.90537	18.85386	17.72404	17.17783	16.75432	1.674213	2.205125	3.490964	3.512017	3.364943	3.597087	0.2215344	19.05829
588848900971561242	146.13023902	0.64055291	21.54425	20.63011	19.94143	19.44598	19.06052	0.8956547	27.91881	1.649083	1.928326	1.967307	2.016432	0.1571697	20.82615
588848900971561250	146.14691761	0.71677456	21.75018	19.65832	18.5447	18.08726	17.72038	1.055933	2.36228	2.474585	2.263029	2.088503	2.331487	0.2408229	19.6664
588848900971561252	146.14739339	0.81735871	19.87762	17.58487	16.42664	15.92767	15.51614	2.139475	4.582019	5.146384	5.114238	4.890821	5.150353	0.2896115	17.65774
588848900971561282	146.04939906	0.64930718	25.3959	22.09858	21.49554	21.30547	20.79214	1.277981	2.969659	2.968987	2.507277	1.289306	7.356129	-1000	22.21662
588848900971561290	146.06120803	0.68332705	21.33052	19.34992	18.53605	18.15905	17.75041	1.862034	2.969659	4.249234	4.421498	4.430394	4.632068	0.305044	19.5471
588848900971561294	146.07998718	0.7014843	22.73135	21.34546	19.5806	18.86761	18.47614	1.345239	18.01748	2.968987	2.975797	3.514528	3.55977	-1000	21.04767
588848900971561302	146.08664237	0.71638306	21.48023	19.62124	18.65712	18.16635	17.59579	2.002901	0.0932903	3.883791	4.525089	3.265373	2.906478	0.3037908	19.48436
588848900971561317	146.14470955	0.82385803	23.40709	24.39501	23.14695	21.85479	20.96869	-9999	1.003852	2.968987	2.969686	1.518648	1.170367	-1000	23.52568
588848900971561326	146.02301519	0.83477748	25.94607	21.42941	19.54395	18.72662	18.19907	1.452415	2.969659	2.968987	3.586438	2.773464	3.491386	-1000	21.90957
588848900971561332	146.04278617	0.76185386	22.24814	21.96254	21.08896	20.79469	20.13644	0.9565138	1.516739	1.615888	2.139296	1.631201	3.12528	0.2353394	22.03372
588848900971561356	146.13549515	0.82289337	22.40754	21.12261	19.26621	18.58779	18.15343	1.646006	0.840836	2.968987	3.654712	2.749819	3.092758	-1000	21.17515
588848900971561376	146.02701357	0.78157267	25.80042	22.29777	21.39041	20.60603	20.37993	1.668759	2.969659	2.968987	7.3585	3.647131	3.009581	-1000	22.53329
588848900971561403	146.08537962	0.65421771	22.15962	24.00537	24.26816	24.40326	23.42424	2.168836	2.16175	4.582613	2.969686	2.969397	2.968729	-1000	22.37962
588848900971561444	146.00809378	0.78968418	24.12999	22.95719	22.22563	21.90637	21.62039	0.6480901	2.969659	2.120007	1.176968	2.969397	0.09244963	1.976121	22.67726
588848900971561504	146.04785609	0.80241518	23.20954	22.74869	24.28707	24.98454	22.90114	3.132057	2.969659	2.968987	2.969686	7.357783	0.07628208	-1000	22.56963
588848900971561505	146.04852269	0.75922031	21.91992	20.25791	19.56149	19.35685	18.91006	2.251566	2.196094	4.791651	4.810251	4.738273	5.808784	0.4871485	20.30121
588848900971561520	146.05792458	0.83036046	22.61209	20.71624	20.13551	19.77001	19.60985	1.930379	2.969659	2.691555	4.214935	2.586701	5.617048	0.4009411	21.18332
588848900971561527	146.06212379	0.64094103	25.21118	25.14492	24.1961	22.07643	22.47715	0.4015405	2.969659	4.582613	0.3103826	1.17092	0.09010199	-1000	24.25867
588848900971561539	146.06613675	0.83380617	23.45336	21.93925	20.56187	19.77273	19.27274	1.306863	0.3286563	2.968987	2.6488	2.521893	2.468908	-1000	21.90856
588848900971561552	146.06889898	0.77163403	22.58935	21.28453	20.09837	19.7568	19.4508	0.9375933	2.969659	1.904517	1.92353	1.967049	1.488524	0.2486742	21.42716
588848900971561569	146.0763514	0.69602989	24.63396	22.72008	21.77125	21.39749	21.0859	0.5516247	2.969659	7.356766	1.194136	1.55176	1.26248	-1000	22.67923
588848900971561592	146.08953729	0.65423915	25.67306	22.41292	21.31651	20.86281	20.3695	0.8719842	2.969659	2.968987	2.144884	1.663908	1.795393	-1000	22.05993
588848900971561616	146.10707054	0.75541347	24.61128	22.87608	22.02024	21.63012	21.34272	0.5933377	2.969659	2.968987	1.377083	1.179359	4.582215	-1000	22.95234
588848900971561645	146.12035693	0.81785328	22.46785	22.35806	21.47805	21.44246	21.32516	0.8628123	2.969659	2.968987	1.938219	1.009582	0.8159507	-1000	22.94135
588848900971561648	146.12426708	0.74945605	21.78616	20.9369	20.17584	19.87447	19.64817	1.757746	11.30512	7.356766	7.3585	3.297374	5.623556	-1000	21.24672
588848900971561651	146.12491205	0.79600427	25.48497	22.63807	22.06317	21.66664	20.8047	0.5885369	2.969659	2.968987	2.969686	1.72666	3.679723	-1000	24.00724
588848900971561667	146.12955871	0.70407311	25.34484	23.86738	22.41884	22.62585	22.57591	0.6136018	4.58365	2.968987	1.38427	2.969397	4.582215	-1000	23.72929
588848900971561668	146.12433893	0.72056843	24.43713	22.35902	25.4726	25.58492	24.04355	-9999	2.969659	2.968987	2.969686	2.969397	2.968729	-1000	22.25164
588848900971561700	146.15029309	0.78750019	24.42512	21.69744	19.86324	19.00153	18.48551	1.460593	0.2504015	2.968987	3.236704	2.965986	4.055093	-1000	21.77681
588848900971561706	146.14953983	0.76073342	22.44019	21.28786	20.13093	19.60938	19.07599	1.192773	0.06714997	2.968987	2.558874	2.255485	2.196279	-1000	21.06395
588848900971561708	146.15051866	0.71951348	22.96987	22.1987	20.51172	19.86049	19.26357	1.094484	1.136107	0.07314494	2.514749	2.51302	1.772975	0.0462576	23.72478
588848900971561738	146.00651697	0.72333176	23.27445	23.23098	21.76177	21.11538	20.43724	0.7371532	7.358431	2.968987	1.628822	1.435933	1.22761	-1000	22.95748
588848900971561753	146.01884828	0.75574253	23.02191	23.13774	21.66825	21.62833	21.00961	1.072536	7.358431	2.968987	2.969686	2.969397	1.466716	-1000	24.49664
588848900971561773	146.03036306	0.70018	23.27999	23.80016	22.14033	21.64847	20.74008	0.6631879	4.58365	2.968987	2.128062	1.415561	2.506858	-1000	23.85358
588848900971561779	146.03214067	0.76176241	23.38405	23.16023	21.23837	20.78331	20.2725	0.8580049	2.969659	2.968987	1.732871	1.701935	2.284966	-1000	22.91128
588848900971561797	146.0437358	0.68791444	25.4688	22.98451	21.07628	20.12483	19.61802	0.9496261	2.969659	7.356766	2.669377	1.347679	1.216294	-1000	22.45863
588848900971561816	146.05341899	0.69321741	25.39926	25.09482	22.20703	21.14165	20.59078	0.7960401	2.969659	4.582613	1.376535	1.568701	3.070264	-1000	23.93161
588848900971561837	146.06437164	0.65831382	24.36198	23.8281	22.07135	21.07638	20.8857	0.7348568	43.76516	43.75525	1.336111	1.888158	43.75146	-1000	23.52943
588848900971561845	146.06769071	0.80270928	24.59381	23.16587	21.21364	20.68313	20.24658	0.8956315	2.969659	2.968987	1.719931	2.062496	1.570431	-1000	22.65586
588848900971561848	146.0696586	0.63910147	25.08932	23.61762	22.1567	21.43199	21.23729	0.7033873	2.969659	2.968987	1.32302	1.452292	3.258189	-1000	23.55426
588848900971561862	146.07713117	0.78423	24.07103	22.44791	20.64969	20.00704	19.56191	1.181328	2.969659	2.968987	2.749327	2.593985	1.806816	-1000	22.39921
588848900971561874	146.08220812	0.65616495	23.53478	23.46915	22.20087	22.49793	22.72223	0.6125124	4.58365	2.968987	1.382317	2.969397	0.2945863	-1000	23.58512
588848900971561892	146.09079119	0.75925326	23.60421	22.95835	21.00774	20.34931	19.75349	0.946679	11.30512	2.968987	1.731414	1.377252	2.097013	-1000	23.05576
588848900971561916	146.09934102	0.6988548	26.48686	23.02196	21.87683	21.47447	20.96741	0.9083273	2.969659	2.968987	2.045666	2.503165	2.42355	-1000	25.14569
588848900971561941	146.10946229	0.81327538	25.2675	23.5414	21.55712	20.99271	20.30465	1.246472	2.969659	2.968987	7.3585	4.085619	1.974307	-1000	23.06309
588848900971561947	146.11205859	0.65136095	23.63173	22.53543	20.62868	19.89719	19.44787	1.057033	2.969659	2.968987	2.228746	3.90261	2.40556	-1000	23.33001
588848900971561948	146.11142477	0.65299495	24.16848	23.3263	21.94572	21.49582	20.94476	1.186444	7.358431	68.28413	2.200651	2.969397	2.192857	-1000	22.76509
588848900971561959	146.12113922	0.74774014	24.92638	24.84954	22.04316	22.55644	22.27031	0.7298558	2.969659	2.968987	1.801175	2.969397	2.968729	-1000	22.27564
588848900971561965	146.12495153	0.63634138	25.45162	23.82605	22.5986	22.01907	22.12942	0.6242554	2.969659	2.968987	1.14188	1.551807	0.6428896	-1000	23.08679
588848900971561967	146.12563397	0.77433465	22.33331	22.14526	21.08159	20.12641	20.2609	1.518568	11.30512	11.30256	2.969686	2.969397	1.738189	-1000	21.99142
588848900971561972	146.12827598	0.78533418	24.58281	23.93995	22.42506	21.89805	22.74406	0.5180212	2.969659	1.042629	1.741184	2.969397	2.968729	0.9801253	29.10171
588848900971561973	146.12915362	0.7339638	23.78514	23.64133	22.36653	21.62483	21.75155	0.8287371	4.58365	2.968987	2.969686	1.831057	0.7326448	-1000	23.42659
588848900971561974	146.13129152	0.65428358	23.36877	23.26267	22.35902	22.44316	21.12653	0.6356521	3.413398	2.968987	1.488882	1.126979	1.420045	-1000	22.48355
588848900971561980	146.13266709	0.73340029	22.87399	23.50577	22.12333	21.52372	21.95716	0.7349605	11.30512	2.968987	2.969686	2.313334	2.968729	-1000	23.27184
588848900971561988	146.13653233	0.66233282	24.79457	23.45164	22.19602	21.78482	21.98439	1.046438	2.969659	2.968987	4.583692	1.485291	0.6605412	-1000	23.06242
588848900971562002	146.14498078	0.73622384	24.72769	23.49095	21.95506	21.123	20.62699	0.6629528	2.969659	0.7665859	1.77553	1.79265	4.335329	0.5848804	23.83841
588848900971562053	146.02790982	0.83717654	24.31049	23.48846	22.82379	21.38363	20.80979	3.817799	2.969659	2.968987	2.969686	2.511771	3.171496	-1000	24.6055
588848900971562066	146.04613798	0.74927936	24.76576	25.24897	23.05862	21.58072	21.07009	-9999	2.969659	2.968987	1.036491	1.286567	2.247827	-1000	25.18564
588848900971562138	146.12236047	0.74165521	25.53141	24.02856	21.47072	20.63383	20.44239	4.031782	2.969659	0.2918336	2.969686	1.593256	11.30158	0.1017623	27.5789
588848900971562152	146.14614967	0.69671659	25.04149	27.09298	22.39458	19.38907	26.12055	-9999	2.969659	2.968987	2.969686	2.969397	18.01184	-1000	23.02504
588848900971562186	146.04841987	0.63536291	22.76361	23.83178	22.05393	22.97172	20.71683	0.9779375	7.358431	2.968987	2.969686	2.969397	1.314177	-1000	23.41669
588848900971562201	146.08409655	0.70370883	25.49411	25.20392	22.64847	21.53563	20.992	1.238695	2.969659	2.968987	2.969686	2.969397	2.033436	-1000	24.01721
588848900971562202	146.09075281	0.73904592	24.34629	26.50593	23.60569	21.64674	20.81045	2.351552	2.969659	4.582613	2.969686	2.722617	3.009492	-1000	27.28724
588848900971562206	146.12510795	0.76538675	23.90884	26.88729	28.73585	28.15654	18.34687	-9999	0.5403309	2.968987	2.969686	4.583245	4.582215	-1000	25.69625
588848900971626534	146.17928326	0.79617795	24.88001	22.66794	21.88161	21.37059	20.89354	0.8415247	2.969635	1.902631	1.847891	2.917662	1.800715	0.3539362	23.00623
588848900971626616	146.25870808	0.70408311	21.85175	21.35518	20.52549	20.64456	20.2046	1.636405	1.977995	2.969482	2.969968	2.969421	4.422841	-1000	21.80497
588848900971626676	146.17862833	0.78306331	23.49632	22.59063	20.92152	20.30641	19.76694	1.029344	1.089025	2.969482	2.654129	2.088468	1.631565	-1000	22.27713
588848900971626737	146.16813946	0.65753784	22.57063	20.63964	19.51219	19.01004	18.67347	0.9626109	2.969635	2.158395	2.063642	2.015658	1.997776	0.1745163	20.73822
588848900971626763	146.25530789	0.68338033	23.73949	20.48984	19.27419	18.68378	18.23923	1.681572	0.6648888	2.969482	3.810744	3.938112	3.393275	-1000	20.41985
588848900971626772	146.28103773	0.7983786	23.53991	23.5384	22.53382	22.1281	21.86087	0.6726415	0.2928717	2.969482	1.335676	1.625108	2.969111	-1000	23.38993
588848900971626776	146.2898804	0.73345197	21.36195	19.58115	18.71875	18.25198	17.91326	1.979855	11.30503	4.895392	4.595181	4.302928	4.724565	0.4726488	19.54565
588848900971626783	146.29873882	0.65612319	20.65787	19.25795	18.20038	17.6273	17.17167	2.684537	43.76481	6.057109	5.841581	4.601263	4.530439	0.3577588	19.14896
588848900971626797	146.22515608	0.68146682	23.15226	22.21737	21.26993	20.92665	20.84936	1.143432	2.969635	2.969482	2.701789	2.170423	1.470409	-1000	22.56551
588848900971626805	146.17453491	0.67998672	21.77266	26.3073	25.15821	23.37297	22.38839	-9999	1.304438	11.30445	2.969968	2.969421	1.873302	-1000	26.17911
588848900971626809	146.17683604	0.70155422	23.06074	22.31313	21.0028	20.46505	19.92396	0.7440976	0.6552723	1.411916	1.477791	1.36293	3.684717	0.3809093	22.29822
588848900971626812	146.18213018	0.65789756	21.82406	24.79096	24.80917	24.38434	23.48863	-9999	1.644201	2.969482	2.969968	0.6729772	2.969111	-1000	25.10898
588848900971626877	146.16127518	0.81381296	23.85595	22.34708	21.74983	21.55674	20.96551	0.7812332	2.969635	2.969482	1.479783	0.7031451	2.195783	-1000	22.46431
588848900971626893	146.17532474	0.65644193	24.34891	22.4861	20.99888	20.57245	20.05485	0.7478507	2.969635	2.969482	1.5284	2.605947	1.830175	-1000	22.43493
588848900971626980	146.21126171	0.73831781	22.32705	20.73938	19.41549	18.92535	18.48628	1.47408	2.969635	3.293744	2.92969	2.880346	2.985969	0.2863955	20.69525
588848900971626984	146.21481413	0.73325505	22.80027	22.54822	22.27906	21.85427	22.67922	0.7279904	7.358374	2.969482	1.5346	4.583283	0.08819776	-1000	22.80016
588848900971626989	146.21885899	0.75416632	24.79869	21.70498	20.01609	19.46101	19.05913	0.9769681	4.583613	2.030325	2.210539	1.757937	2.007493	0.4591989	21.84794
588848900971627015	146.22723477	0.64411368	24.00982	22.7558	23.20155	23.50558	22.36308	0.7276634	2.969635	2.969482	2.969968	0.7134351	3.118071	-1000	23.34196
588848900971627024	146.24006362	0.7017312	23.44737	21.9701	22.46968	21.82325	21.02576	0.09296766	7.358374	2.969482	2.969968	1.761092	7.357073	-1000	22.33088
588848900971627027	146.24281184	0.76796391	24.49101	23.72211	22.32176	21.55093	21.07228	0.8544052	2.969635	2.969482	1.266962	2.195714	4.582804	-1000	23.98026
588848900971627032	146.24402212	0.75174716	25.11522	22.4394	21.70833	21.2074	20.62499	0.931814	0.2497279	1.13557	1.958856	2.535302	2.02187	0.15402	22.60605
588848900971627050	146.26025598	0.77887778	22.90734	22.67333	22.06122	21.86081	22.55265	0.6157899	4.583613	2.969482	1.436375	2.334074	4.582804	-1000	22.59749
588848900971627051	146.26035448	0.83090551	23.73911	22.10428	21.25353	20.99376	20.79544	1.634694	1.090558	2.969482	7.359198	18.01604	2.969111	-1000	23.79202
588848900971627064	146.27445162	0.64650789	23.67883	22.07214	20.50885	19.95282	19.63535	0.8657607	2.969635	1.850066	1.682499	1.829368	2.840902	0.3733827	22.04595
588848900971627083	146.29011088	0.64147451	24.34326	22.36369	21.94172	21.38358	21.83605	1.00571	2.969635	2.969482	2.969968	1.937873	0.3876006	-1000	22.16737
588848900971627086	146.29219683	0.78937525	23.01523	22.14411	21.41349	21.1719	21.39618	0.7733055	2.969635	2.969482	1.622303	1.984649	2.969111	-1000	22.15335
588848900971627116	146.15289929	0.77629565	24.31692	25.1896	21.75942	21.09729	20.57617	1.150691	2.969635	7.357994	2.319415	2.969421	1.637034	-1000	26.36622
588848900971627118	146.15402698	0.73872626	24.74189	23.30093	21.83759	21.20267	20.98573	0.8405091	2.969635	2.969482	1.618804	2.273643	2.969111	-1000	23.19406
588848900971627119	146.15488793	0.63091736	22.78324	23.03449	21.70814	21.82345	21.53244	1.037253	0.09043787	2.969482	2.120033	2.969421	1.905058	-1000	23.20576
588848900971627129	146.16367413	0.7516635	22.16834	22.05823	20.96206	20.4314	20.07978	1.380604	7.358374	2.969482	2.969968	2.86751	2.534428	-1000	22.59037
588848900971627134	146.16419403	0.73537628	24.40474	25.36947	22.33156	22.42817	21.09182	0.5284691	4.583613	4.583377	0.9608786	0.9103191	2.106298	-1000	25.29063
588848900971627139	146.16969651	0.81856979	24.32583	22.81674	21.64671	21.084	20.92244	1.154088	2.969635	2.969482	2.314192	1.775127	2.969111	-1000	22.75875
588848900971627151	146.17618321	0.68325803	24.21486	23.53693	22.44304	21.62633	21.07045	-9999	2.969635	2.969482	2.969968	1.544801	2.156963	-1000	25.29714
588848900971627163	146.18243186	0.70628365	22.97004	24.64382	23.9235	22.81174	20.45927	-9999	7.358374	2.969482	2.969968	2.969421	2.627369	-1000	22.67932
588848900971627168	146.18411146	0.82946407	25.82174	23.38512	22.15443	21.65561	20.83147	0.985923	2.969635	2.969482	2.969968	2.607356	1.966609	-1000	23.28609
588848900971627196	146.19646489	0.69412853	24.12846	24.45028	22.42487	21.32966	20.83501	0.5680671	2.969635	2.969482	1.33205	1.463913	2.573539	-1000	23.92734
588848900971627215	146.20468088	0.8115746	25.2659	22.87604	21.22414	20.73884	20.06877	0.8269292	0.08017019	7.357994	1.680043	1.569623	7.357073	-1000	22.57391
588848900971627227	146.20915746	0.73545965	22.86937	23.10074	21.70559	20.95162	20.88848	0.3733625	2.969635	2.969482	2.969968	1.756166	4.582804	-1000	25.00906
588848900971627231	146.21037156	0.645721	24.87806	22.66098	21.51884	21.3264	21.34604	1.079272	2.969635	11.30445	2.41197	1.56172	1.36341	-1000	22.34245
588848900971627235	146.21359497	0.7508718	22.63072	22.80375	21.77518	21.21111	20.76312	1.043822	2.969635	2.969482	1.970834	1.784532	3.676567	-1000	22.62911
588848900971627236	146.21419475	0.75847864	23.86035	23.54569	22.21813	21.64204	21.41872	0.8232515	2.969635	2.969482	2.1091	1.806684	1.83251	-1000	23.56601
588848900971627238	146.21583045	0.70566082	23.37923	22.42852	21.44305	21.07136	21.20204	1.537602	2.969635	1.309584	7.359198	7.357843	1.742826	0.01037733	25.4189
588848900971627269	146.24394127	0.75437621	25.51303	22.68365	21.5992	21.17595	21.17045	0.9963237	2.969635	2.969482	2.193157	1.886197	2.108381	-1000	22.8212
588848900971627281	146.24998929	0.68034053	23.53994	23.44678	22.45521	21.02935	20.68654	0.5479456	11.30503	2.969482	1.078219	1.346084	2.969111	-1000	23.97149
588848900971627297	146.26497136	0.76125823	23.57565	23.15945	21.85674	21.15037	20.87077	0.625596	4.583613	2.969482	2.969968	1.672358	7.357073	-1000	23.04979
588848900971627315	146.2717738	0.6454921	25.98302	24.36156	22.06691	21.78211	20.93364	0.7102301	2.969635	2.969482	1.42913	1.325591	0.9843323	-1000	25.29811
588848900971627326	146.27690138	0.63184746	22.37275	22.66525	21.32019	21.04789	20.9029	1.055429	2.969635	2.969482	2.137642	2.129922	2.785716	-1000	22.15719
588848900971627331	146.27998742	0.64316329	23.66712	24.24978	22.28691	21.12957	20.45039	0.5239643	2.969635	2.969482	1.027024	2.583935	1.864917	-1000	24.41181
588848900971627334	146.27919526	0.75556012	24.30719	23.70951	22.22252	21.6602	20.74496	0.7653513	7.358374	2.969482	2.969968	1.80423	1.219813	-1000	23.10429
588848900971627417	146.19991095	0.70393442	23.81991	23.78334	23.37657	21.86632	21.2494	0.9118674	4.583613	2.969482	2.969968	1.607078	1.794352	-1000	23.99761
588848900971627427	146.22364621	0.82360522	22.98807	23.23294	22.43574	21.49263	21.92109	1.121197	4.583613	2.969482	2.969968	1.897483	1.206641	-1000	24.70444
588848900971627447	146.24974097	0.64767093	24.08388	24.2764	22.83444	21.46389	20.45917	1.643587	2.969635	2.969482	2.969968	2.126374	1.448118	-1000	25.21692
588848900971627451	146.26165876	0.693928	25.82161	23.81873	22.39684	20.97952	20.51473	0.8874165	7.358374	2.969482	1.23592	7.357843	1.750982	-1000	22.39578
588848900971627453	146.26236406	0.83753563	25.04556	23.42001	24.00613	21.94453	22.00923	1.46604	4.583613	18.01641	2.969968	1.091932	0.0539792	-1000	22.58887
588848900971627488	146.15606283	0.70617647	25.70073	26.11774	23.82733	23.54843	19.96361	-9999	2.969635	2.969482	2.969968	1.122621	3.026368	-1000	25.14936
588848900971627498	146.25456856	0.66979147	24.44635	24.85913	24.50751	24.84707	20.52218	-9999	4.583613	2.969482	2.969968	2.969421	1.334141	-1000	25.49391
588848900971627529	146.19031245	0.82995579	23.19531	23.04622	22.82336	21.34777	21.79935	0.5485699	2.969635	2.969482	2.969968	4.583283	2.969111	-1000	23.60135
588848900971627533	146.20768565	0.79917434	25.51354	24.16307	23.66779	21.50077	21.19096	0.3144064	4.583613	2.969482	2.969968	1.762469	1.043365	-1000	25.21635
588848900971627535	146.25732964	0.7911741	23.7582	25.68168	23.45227	21.81572	23.82746	1.529809	4.583613	4.583377	2.969968	1.506649	2.969111	-1000	25.58021
588848900971692043	146.30589212	0.74414103	24.02468	23.924	23.99929	22.10067	23.24919	1.524761	2.96928	2.969244	2.969987	1.517757	2.969163	-1000	23.07037
588848900971692059	146.33906116	0.65061447	23.53551	23.43061	22.42746	21.58547	21.54796	1.223638	2.96928	2.969244	2.969987	2.969802	1.914563	-1000	23.18118
588848900971692116	146.45183382	0.82164913	22.41796	19.99052	18.72963	18.56062	17.54828	2.81067	2.96928	2.969244	2.969987	2.969802	4.576293	-1000	20.72824
588848900971692132	146.44213177	0.82306862	26.36129	25.32538	23.11366	21.72331	21.42924	1.76318	2.96928	2.969244	2.969987	2.495784	1.414604	-1000	25.68063
588848900971692165	146.3384216	0.71999251	22.68869	21.23934	20.74358	20.69125	20.03538	1.283281	0.6029735	2.674314	2.31435	2.611682	2.456084	0.172225	21.27723
588848900971692191	146.378451	0.6942078	24.8317	22.59187	21.9852	21.33497	21.14068	1.017057	2.96928	2.969244	2.157127	3.036146	10.20738	-1000	22.3586
588848900971692254	146.324084	0.68932019	22.11345	19.70823	18.51271	17.98747	17.60614	1.740964	2.96928	4.130911	4.06088	4.049	4.178454	0.9769342	19.78896
588848900971692314	146.41458683	0.66712541	23.92812	24.44996	21.9633	20.69754	20.16454	1.354161	7.357492	2.969244	7.359245	2.962564	1.758263	-1000	23.02228
588848900971692322	146.3031421	0.65698686	22.75038	22.49078	21.15527	20.63207	19.99789	0.7735069	27.91525	1.871097	1.456167	1.856652	1.618556	0.2443741	22.44032
588848900971692343	146.40069336	0.79466399	19.26517	24.4501	26.56573	20.71511	20.15847	-9999	4.583065	2.969244	2.969987	2.969802	2.969163	-1000	23.71752
588848900971692344	146.39274634	0.79398385	21.72274	24.69752	24.47944	25.56755	22.3087	0.3872704	2.96928	2.969244	2.969987	7.358787	1.447016	-1000	25.36336
588848900971692351	146.44804652	0.70424246	20.89416	19.96374	19.51173	19.3445	19.22822	1.928508	43.75957	4.017468	4.098004	4.247435	3.969714	0.7473151	19.95161
588848900971692377	146.31680638	0.67255999	24.56759	22.94381	22.30919	22.01373	21.22134	0.6165995	4.583065	2.969244	1.70199	0.9922752	0.8130255	-1000	24.02916
588848900971692407	146.33140604	0.66754831	25.38731	22.59958	21.37623	21.10457	20.43968	0.9739071	2.96928	2.969244	2.2055	1.442631	1.298912	-1000	22.85249
588848900971692417	146.3393769	0.67992586	23.94837	21.91142	20.73992	20.43099	20.15468	1.005462	2.96928	2.969244	2.024793	2.074285	1.873888	-1000	21.89058
588848900971692434	146.35308677	0.80615417	22.24575	21.3174	20.48891	20.29103	19.91141	1.610019	2.96928	2.298821	3.801836	2.986902	2.419135	0.1640722	21.42612