588848900971299318	145.49148089	0.81142239	24.0182	22.6754	21.8848	22.13977	21.10087	0.9191305	4.58233	2.969576	2.969621	2.969343	1.731193	-1000	22.52478
588848900971299344	145.50802916	0.70369599	22.91566	22.15381	21.41962	21.41623	20.97765	0.8059472	11.30187	2.969576	1.649585	2.122779	2.682474	-1000	21.99802
588848900971299377	145.53675221	0.65398933	22.52655	21.43119	20.20559	19.72333	19.29918	0.9955355	7.356313	2.023339	2.427963	1.916594	2.06026	0.2268728	21.48598
588848900971299378	145.5370497	0.81968934	24.12306	22.89168	22.08695	21.60033	21.71415	0.712598	4.58233	2.969576	1.683445	1.575868	4.583	-1000	23.20863
588848900971299380	145.53887627	0.74943711	23.37186	22.43864	21.26264	20.71757	20.09599	1.065984	2.968804	2.969576	2.544992	2.645594	1.936189	-1000	22.49684
588848900971299417	145.41028077	0.76702728	24.03287	23.21998	21.54947	22.09391	22.55378	0.913731	7.356313	2.969576	1.660887	1.218365	7.357388	-1000	25.12463
588848900971299437	145.43358366	0.73613774	22.94193	23.19376	21.45741	20.9148	21.01748	1.165606	2.968804	2.969576	2.947588	1.802843	4.583	-1000	25.26424
588848900971299442	145.43675878	0.80988013	25.38846	24.5292	22.19101	21.39201	20.43085	1.228616	2.968804	2.969576	2.969621	43.7605	2.212755	-1000	27.32232
588848900971299451	145.44779772	0.78733225	24.45112	23.84198	22.0672	22.71202	21.70774	0.7000547	2.968804	2.969576	2.528916	2.969343	1.933648	-1000	23.46704
588848900971299498	145.49380935	0.82423589	23.83085	24.69608	22.31331	21.93318	21.40784	0.757161	0.8653967	4.583522	1.788334	1.500849	4.583	-1000	24.76509
588848900971299512	145.50572247	0.66899493	24.26821	23.24106	21.27722	20.77361	20.48853	1.22829	2.968804	2.969576	2.744084	3.579942	1.756304	-1000	22.87648
588848900971299514	145.50720581	0.79820293	23.18396	23.2099	21.58544	20.99649	20.13742	1.331877	1.139988	2.969576	7.358338	1.758628	1.877372	-1000	22.57771
588848900971299520	145.51029387	0.64923264	24.62503	24.68353	22.55071	21.63859	20.79974	0.714626	0.7109507	4.583522	2.969621	1.583248	1.577128	-1000	23.05674
588848900971299525	145.51535435	0.74580938	25.00589	23.69076	22.03765	21.56288	20.78734	0.7524182	2.968804	2.969576	1.489144	1.137287	2.018704	-1000	24.8537
588848900971299545	145.52859944	0.74192023	23.78025	22.63156	21.43512	21.1114	20.29651	1.519234	2.968804	1.941552	7.358338	1.784513	1.411308	1.75618	23.90639
588848900971299557	145.53742014	0.6896633	23.45524	22.8105	21.16215	19.77604	18.98633	1.502349	2.968804	2.969576	2.969621	2.431716	3.22686	-1000	23.14372
588848900971299567	145.54297077	0.64004697	23.67996	25.46742	21.22198	20.76998	19.85866	2.534539	2.968804	7.358226	7.358338	1.733749	3.945348	-1000	25.55144
588848900971299574	145.54930789	0.73110467	24.14282	23.36889	21.51155	20.89157	20.46665	1.006252	2.968804	4.583522	2.335174	2.445203	1.703491	-1000	23.06234
588848900971299621	145.43469506	0.75789562	27.66685	21.66962	22.06435	19.58289	24.81353	5.07834	27.91078	27.91804	27.91846	2.969343	27.91486	-1000	22.53455
588848900971299630	145.44816004	0.74781077	24.36745	25.00222	23.28496	22.08002	20.73306	0.4874123	2.968804	2.969576	2.969621	1.136882	1.209643	-1000	24.61734
588848900971299647	145.47529439	0.67613626	24.82423	24.66483	22.33971	20.96085	20.00053	1.144856	2.968804	4.583522	2.969621	1.780061	2.389208	-1000	23.42165
588848900971299673	145.52230442	0.72213153	23.53226	23.02533	22.57455	21.42298	21.98179	0.9948876	2.968804	7.358226	2.969621	2.048523	2.130398	-1000	22.61805
588848900971299679	145.53162305	0.67335761	22.7124	23.13567	22.47221	21.73483	21.38024	1.070598	7.356313	1.243474	2.074179	1.71376	0.8870165	0.01920276	24.9087
588848900971299691	145.55296443	0.66810861	24.84492	24.06287	23.24393	21.44069	20.47892	0.8575528	2.968804	2.969576	2.969621	1.312361	1.684936	-1000	25.26443
588848900971299706	145.47505946	0.7063353	23.55217	25.78945	23.67198	24.55047	19.91768	1.271414	2.968804	2.969576	27.91846	2.969343	1.086532	-1000	25.11933
588848900971364367	145.56237168	0.68300984	26.28174	22.03528	20.35749	19.77728	19.43204	1.24913	2.969064	2.969459	2.766287	2.830798	1.312906	-1000	21.90789
588848900971364372	145.56054833	0.67240713	24.12052	22.26848	23.5682	24.45452	22.78517	2.121471	2.969064	2.969459	0.08749627	2.96966	2.969321	-1000	22.38468
588848900971364469	145.70003417	0.73490214	24.49464	23.84434	22.08008	23.37661	22.08231	0.6230862	2.969064	2.969459	1.561179	2.96966	2.969321	-1000	23.80112
588848900971364513	145.59352005	0.70950351	22.11218	19.94815	18.77833	18.25219	17.9006	1.230848	2.969064	2.867265	2.586632	2.325039	2.376646	0.342262	20.00762
588848900971364596	145.58945648	0.77820351	25.05845	20.40741	19.02225	18.54161	18.15831	1.534068	2.969064	4.351695	3.278177	3.576693	4.149004	0.9166418	20.37151
588848900971364647	145.6212695	0.67857325	22.29672	21.19639	19.42806	18.79394	18.38496	1.533676	2.969064	2.969459	3.86728	3.171886	2.281528	-1000	21.05589
588848900971364663	145.57575626	0.78196986	22.1442	25.4716	25.55334	24.71587	22.18386	3.090731	1.892413	2.969459	2.970076	4.583652	4.583129	-1000	24.99777
588848900971364670	145.60592395	0.6577791	22.41781	25.25891	24.80823	24.61186	23.04263	-9999	3.999108	2.969459	4.584293	2.96966	2.969321	-1000	26.76402
588848900971364675	145.61518965	0.63056166	22.6972	21.83542	20.74468	20.21415	19.90285	1.191235	7.356958	2.969459	2.536452	2.218938	3.955462	-1000	21.48354
588848900971364717	145.56025239	0.81549053	23.69079	23.01864	22.00236	21.47051	21.63566	0.5814043	2.969064	7.357935	1.844567	1.387005	7.357596	-1000	22.70693
588848900971364720	145.56036617	0.75701399	24.51012	22.73472	21.69655	21.51866	21.02132	1.079229	2.969064	2.969459	2.970076	2.863986	2.265659	-1000	22.41891
588848900971364724	145.56284064	0.81649457	23.72799	22.23525	21.25626	20.7304	20.47996	0.8536313	2.969064	2.969459	1.702718	1.709514	7.357596	-1000	21.9799
588848900971364750	145.57957672	0.76804567	22.42334	22.34858	21.08893	20.96207	21.4156	1.29979	2.969064	2.969459	2.806707	2.243158	1.418648	-1000	23.07653
588848900971364764	145.58947664	0.81353221	23.40663	21.85707	21.33356	21.14246	21.03635	1.088333	0.09760755	1.935059	2.358032	1.953657	4.583129	0.1808925	21.58678
588848900971364793	145.59992924	0.80609938	23.34949	22.33344	20.35531	19.70042	19.33661	0.9873715	0.8631163	1.77042	1.862724	1.897845	1.760989	0.2364047	22.83798
588848900971364814	145.60768421	0.73690863	25.1636	22.41821	21.36468	21.33655	21.24306	1.164092	2.969064	2.969459	2.970076	1.741425	2.046086	-1000	23.36582
588848900971364817	145.61046663	0.80902761	23.97651	22.58748	21.68475	21.55462	21.17797	0.960703	1.086193	2.969459	2.035373	18.01749	3.510839	-1000	22.71609
588848900971364829	145.61194339	0.73468132	23.74497	24.39001	23.27873	21.82806	22.37378	0.8806259	2.969064	2.969459	2.970076	1.22082	1.045437	-1000	25.13877
588848900971364833	145.61395341	0.82589999	23.72239	21.33351	20.09908	19.57601	19.2382	1.709315	11.30286	2.969459	4.117478	2.494508	3.227559	-1000	21.63829
588848900971364861	145.62863369	0.83437987	21.93954	21.05085	20.15177	19.69034	19.61094	1.493589	2.969064	2.852543	3.323819	2.484796	2.201038	0.4714855	21.24304
588848900971364880	145.64502566	0.75330339	24.44618	22.52926	21.45959	21.26582	20.5423	0.8744227	2.969064	2.969459	1.952861	1.987414	1.573071	-1000	22.41296
588848900971364889	145.65026693	0.71593952	23.57813	22.19107	21.08891	20.94378	20.37778	0.9388158	0.8710303	1.958148	2.142512	2.148468	3.042239	0.3469517	22.5251
588848900971364891	145.65137283	0.63658396	23.42201	22.71824	21.92202	21.19834	22.93327	2.955215	1.048796	1.077862	2.970076	1.429017	0.2978926	1.04519	23.47207
588848900971364904	145.65618377	0.65554924	23.50843	22.58127	21.97427	21.44841	20.79899	0.8617615	2.969064	2.969459	2.335788	1.418638	2.714717	-1000	22.15154
588848900971364918	145.66244994	0.71581304	23.90024	22.22641	20.74366	19.88165	19.36649	0.9180307	4.582732	2.969459	1.803386	1.908076	1.884755	-1000	21.88349
588848900971364931	145.66703706	0.80180301	22.28344	21.41244	20.56579	20.25586	20.18548	1.198856	4.582732	7.357935	2.56069	1.980385	11.30384	-1000	21.18499
588848900971364934	145.66739912	0.66308711	23.35057	22.28788	21.33617	20.79053	20.68246	1.746783	2.969064	2.969459	2.970076	1.828408	2.969321	-1000	23.3049
588848900971364937	145.66786437	0.79227644	22.81905	22.73668	21.3883	21.00524	20.72595	1.338827	2.969064	1.119958	2.970076	1.942411	1.342654	0.1521334	22.24326
588848900971364965	145.68870625	0.82963581	23.24361	21.35533	20.34721	19.82918	19.48796	1.129821	18.01387	2.237848	2.243112	2.649471	2.364392	0.1986541	21.56767
588848900971364968	145.6902375	0.7868578	21.92303	21.69164	20.50792	20.85597	19.87902	4.087733	2.969064	2.969459	18.02001	1.201659	3.073735	-1000	22.55365
588848900971365003	145.55500589	0.76761722	26.04373	23.84114	21.89223	22.21142	21.06923	0.6727757	0.06594219	2.969459	1.494162	2.96966	1.342103	-1000	25.9943
588848900971365005	145.55677364	0.73856723	23.45528	23.33208	21.84106	20.98801	20.55312	1.913293	2.969064	2.969459	7.359465	3.331751	3.374979	-1000	25.89452
588848900971365015	145.5631706	0.75384915	21.93977	22.46152	20.71028	19.88913	19.46419	2.300286	0.801476	2.969459	2.970076	2.97166	2.058331	-1000	22.46054
588848900971365047	145.58253842	0.63987571	24.12737	23.37102	21.9321	21.79782	23.47927	2.108394	2.969064	2.969459	7.359465	7.358435	7.357596	-1000	21.79913
588848900971365089	145.60822311	0.75484533	24.0871	23.09326	21.70436	21.80772	21.93569	3.055297	2.969064	2.969459	2.970076	1.1535	0.05078922	-1000	23.95306
588848900971365091	145.60694422	0.74283056	23.76336	22.7403	21.14906	20.09591	19.42648	1.642128	0.7087259	2.969459	2.970076	2.37133	2.326345	-1000	22.2781
588848900971365095	145.60871788	0.69690189	25.88641	23.24486	21.54984	20.97301	20.68616	1.1803	2.969064	2.969459	2.545483	1.291779	1.18924	-1000	22.739
588848900971365149	145.64151516	0.63442142	22.95249	23.19275	22.19975	21.58857	22.25229	0.5785725	1.319506	2.969459	1.234675	2.96966	4.583129	-1000	23.1849
588848900971365175	145.66148589	0.74876219	25.37298	24.79306	22.24547	22.10027	21.28465	0.6146792	4.582732	2.969459	2.970076	2.96966	1.195699	-1000	27.12741
588848900971365188	145.67095038	0.75341724	25.98181	23.47615	21.68584	20.72	19.94114	0.7142701	2.969064	2.969459	1.41446	1.321151	7.357596	-1000	22.9379
588848900971365220	145.69436466	0.6499279	25.95791	23.36617	21.8469	21.18238	20.40806	0.72922	2.969064	2.969459	1.884348	1.624484	2.006343	-1000	24.68554
588848900971365221	145.69542354	0.83006235	25.18501	22.82123	21.99495	21.51179	22.62943	0.9121707	2.969064	2.969459	1.433491	7.358435	2.969321	-1000	22.44826
588848900971365245	145.562094	0.69158721	24.29245	23.38803	22.96662	21.23237	21.05087	-9999	2.969064	7.357935	2.970076	1.904585	7.357596	-1000	23.41955
588848900971365249	145.56795887	0.81972275	24.31866	25.50203	23.02051	21.89486	20.66696	0.5155914	4.582732	4.583341	2.970076	1.099473	1.594067	-1000	25.10778
588848900971365326	145.70291842	0.76612434	24.33775	25.11235	23.37174	21.79979	20.84975	0.2725469	2.969064	2.969459	2.970076	2.96966	2.171562	-1000	27.52118
588848900971365338	145.59359793	0.83843845	25.16546	23.99384	25.5178	24.37503	20.5452	-9999	4.582732	2.969459	0.2460694	2.96966	2.407022	-1000	23.01242
588848900971365356	145.61262731	0.64930044	23.27611	23.26801	22.04869	21.90169	21.71031	1.083271	2.969064	2.969459	2.970076	1.546953	4.583129	-1000	24.22739
588848900971429923	145.74888311	0.74915438	22.60842	21.07358	20.61275	20.32394	20.10957	1.242374	2.969262	2.287582	2.446915	2.830148	3.207845	0.1765089	21.23053
588848900971429938	145.7590825	0.82918058	25.08488	21.5524	21.29076	20.71419	21.73626	3.444379	18.01507	2.968944	18.01915	27.91639	0.6789365	-1000	21.52261
588848900971429946	145.76325656	0.64123096	23.76061	22.54235	21.61568	20.8687	20.60088	0.5594336	2.969262	2.968944	1.112766	1.615565	1.129376	-1000	22.58299
588848900971429949	145.76847232	0.63600669	24.52409	25.85921	23.11971	21.56496	23.30926	2.29084	4.583037	2.968944	2.969935	3.425826	2.969867	-1000	23.82305
588848900971429951	145.7582048	0.63586755	24.17402	23.71196	23.37658	21.94435	21.23569	1.432782	0.7066545	0.7318888	2.969935	1.687213	1.273554	0.5770589	23.49475
588848900971429962	145.78610572	0.67933394	23.19234	23.20292	21.44222	20.8026	20.68443	1.210601	2.969262	2.968944	2.565336	4.542809	3.048368	-1000	22.88605
588848900971429964	145.79110605	0.68262829	23.06074	23.04984	21.70272	21.16724	23.66704	1.654159	2.969262	2.968944	2.969935	2.969401	2.969867	-1000	23.08613
588848900971430016	145.72432616	0.7298418	22.39601	22.08099	21.41777	21.12374	20.87391	0.8239553	1.609385	1.73814	1.946523	2.69618	3.198536	0.3676504	21.9518
588848900971430031	145.73872185	0.78389097	21.74734	19.34826	18.15918	17.63689	17.216	1.346826	2.969262	3.379716	3.110974	2.804381	3.277175	0.2700788	19.36206
588848900971430248	145.81184771	0.73445877	21.17467	20.3082	19.75489	19.42032	19.25705	1.324759	2.969262	2.369123	2.640723	2.264394	3.9465	0.2078965	20.72159
588848900971430261	145.82056981	0.65424167	24.15376	22.59637	21.78782	21.77617	21.31662	0.5518872	0.7435219	1.433179	1.185936	1.930928	2.846987	0.3533043	22.71751
588848900971430263	145.82625058	0.65831377	24.03439	23.08784	21.74817	21.31477	20.84149	0.9987191	4.583037	2.968944	2.969935	2.177143	4.583971	-1000	22.98824
588848900971430309	145.71773423	0.63298457	24.94434	22.14605	21.25195	20.92554	20.90452	1.308597	2.969262	2.968944	2.509427	1.775998	18.01874	-1000	22.56097
588848900971430330	145.73715191	0.63864828	23.7164	22.44052	21.38536	20.53578	19.98131	0.9117705	2.969262	2.968944	2.567138	1.720622	1.487385	-1000	22.08827
588848900971430331	145.7383216	0.71655666	23.22922	21.99441	21.17058	20.70021	20.46683	1.616995	2.969262	2.968944	7.359116	1.738765	2.557193	-1000	22.33484
588848900971430340	145.74589903	0.64122731	22.83828	22.09549	21.5355	21.32077	21.21225	0.6903307	2.133741	1.331835	1.161785	1.441045	2.969867	0.1173731	22.566
588848900971430354	145.75548878	0.65346821	23.51047	25.54923	22.53767	21.24402	21.15137	0.9745235	1.954745	4.582546	2.969935	1.488711	1.584384	-1000	24.42062
588848900971430366	145.76441354	0.70315984	24.78942	21.91472	20.54426	20.06212	19.85384	0.936599	11.30361	1.599655	1.699547	3.27798	2.335325	0.2559824	22.08972
588848900971430374	145.77722798	0.67817252	24.02431	21.49809	20.55723	20.031	19.74757	0.9181044	0.3364486	2.35838	2.304306	1.867079	1.742203	0.2569272	21.83599
588848900971430382	145.78462032	0.79636223	23.44798	21.98938	20.46899	19.86839	19.3902	0.8780483	27.91508	2.968944	1.777066	1.637468	3.25836	-1000	21.68534
588848900971430408	145.80047907	0.67803736	25.13998	22.88075	22.00613	21.96989	21.90275	0.7939164	2.969262	2.968944	1.580116	1.178476	2.658474	-1000	23.22817
588848900971430411	145.80165414	0.75540762	23.79956	22.34163	21.38943	21.37841	20.60892	1.115785	2.969262	2.968944	2.444	2.233753	1.897905	-1000	22.6256
588848900971430417	145.80484013	0.83820555	24.33498	22.37734	21.97424	21.7789	20.5161	1.969026	7.357448	2.968944	7.359116	1.747911	2.752469	-1000	22.47839
588848900971430420	145.80585822	0.72358378	23.67857	22.72235	21.73224	21.20282	21.01766	0.9113672	2.969262	2.968944	2.363683	2.204996	2.324573	-1000	23.99601
588848900971430473	145.83868627	0.64617409	24.76961	22.49354	21.01049	20.25912	19.72171	0.9967741	4.583037	2.968944	2.173701	4.036306	3.621858	-1000	22.49711
588848900971430487	145.85047204	0.82016738	22.63255	21.55191	20.37363	19.94526	19.46787	1.116649	2.969262	2.233297	2.182579	1.998989	2.567248	0.3248879	21.73689
588848900971430567	145.75683479	0.72532483	24.26881	22.89414	22.0725	22.29181	21.827	0.5796818	0.5789644	27.91209	1.990794	1.873796	2.21825	-1000	22.1745
588848900971430618	145.795044	0.73805521	24.32918	24.22119	22.24423	21.17811	20.44964	0.7603887	2.969262	2.968944	1.6027	1.709479	1.52918	-1000	24.63325
588848900971430620	145.79527464	0.64090376	24.07358	23.33778	21.9597	21.87355	21.54573	1.137715	4.583037	2.968944	2.969935	1.27277	2.969867	-1000	23.00932
588848900971430641	145.80867308	0.75118629	22.65771	22.91673	21.79606	21.55575	21.34565	0.6732797	2.969262	2.968944	1.385088	2.237263	3.486439	-1000	22.78145
588848900971430685	145.83189309	0.83827114	24.83513	22.74332	21.28332	20.87777	20.36796	1.094551	2.969262	7.356659	2.572288	2.461625	2.491753	-1000	21.8331
588848900971430699	145.8418131	0.76463951	23.6966	23.18971	21.9534	21.45805	20.96219	4.429412	11.30361	2.968944	11.30617	1.956784	11.30591	-1000	22.9216
588848900971430753	145.71251741	0.69444929	26.12841	24.90018	23.04473	21.85861	21.43228	0.6320522	2.969262	2.968944	2.969935	1.951454	1.600739	-1000	25.7489
588848900971430772	145.74221	0.82069997	24.43332	24.63328	23.64291	21.86858	20.43327	-9999	2.969262	2.968944	2.969935	1.115754	4.488998	-1000	28.56577
588848900971430811	145.78708058	0.76412471	24.52221	24.22958	22.76107	21.87052	21.2035	1.000131	2.969262	2.968944	1.317646	1.882585	1.750635	-1000	24.96746
588848900971430877	145.82586313	0.76763801	25.78518	24.22338	25.7613	25.25515	19.4761	-9999	2.969262	2.968944	4.584076	0.1010389	2.316014	-1000	25.1447
588848900971430899	145.77505023	0.7190951	23.883	22.94149	22.25863	21.46019	21.05697	1.044698	2.969262	2.968944	2.969935	2.969401	2.969867	-1000	22.73013
588848900971495496	145.93869626	0.69528376	24.49331	24.21218	22.1922	21.57814	21.8065	1.293398	2.968739	2.968655	2.969973	2.969034	18.01452	-1000	23.95889
588848900971495512	145.96015695	0.81990962	23.64991	23.88212	23.15795	21.24922	21.89179	1.597392	2.968739	2.968655	2.969973	2.930454	2.969172	-1000	23.55881
588848900971495589	145.92959072	0.77252391	25.79945	23.92873	22.81135	21.2796	20.39794	0.6234989	2.968739	2.968655	2.969973	1.247368	1.961043	-1000	24.7
588848900971495750	145.89137649	0.82730151	22.09191	21.21972	20.62195	20.57164	20.20685	0.8952134	2.968739	1.613541	1.840119	1.895427	2.400635	0.2976806	21.18865
588848900971495761	145.91629946	0.74090943	23.81672	23.46999	22.0538	21.26109	20.686	0.7022887	2.968739	2.968655	1.517858	1.63694	7.357225	-1000	23.34914
588848900971495789	145.99274756	0.63599922	21.91793	21.47376	20.9813	20.55177	20.2473	1.224456	2.968739	2.684813	2.758805	2.459155	2.45318	0.4376078	21.51013
588848900971495810	145.85506114	0.68167717	23.65477	23.0797	22.78931	22.89792	21.70529	0.402811	7.356152	2.968655	1.234041	2.969034	2.969172	-1000	23.32926
588848900971495826	145.86523431	0.74924938	23.42599	22.66981	21.13749	20.56827	20.10058	0.8088648	0.1006491	2.968655	1.692239	1.816392	4.085234	-1000	22.12367
588848900971495829	145.86626235	0.8254877	23.41583	22.17503	20.84547	20.45398	19.86781	1.260836	11.30162	2.968655	2.595637	2.494856	3.825691	-1000	22.15122
588848900971495844	145.87643128	0.67155504	23.08943	22.04075	20.82526	20.57709	19.99929	1.106256	2.968739	1.904357	2.305646	2.13834	4.320031	0.2130254	22.54685
588848900971495915	145.9203634	0.78904112	23.82862	22.13803	20.53403	20.08558	19.32957	1.206605	2.968739	2.968655	2.678282	2.606364	3.198269	-1000	22.18697
588848900971495925	145.92242897	0.70392368	22.20229	21.82218	20.81207	20.48579	20.29656	0.8934054	2.968739	2.40138	1.798254	1.636499	3.079481	0.3491023	21.64033
588848900971495928	145.92305369	0.74773904	25.66842	22.66866	21.36052	20.30257	19.64528	1.095247	2.968739	1.804675	2.290215	1.652467	1.682167	0.2077568	22.44224
588848900971495936	145.92950217	0.70108961	23.29426	22.62031	21.80986	21.2821	20.87123	0.7545931	0.1037565	2.968655	1.617506	8.28824	1.750789	-1000	22.63497
588848900971495943	145.93271749	0.77359037	22.04315	21.30627	20.22334	19.73978	19.3986	1.007288	2.968739	1.913676	1.894184	1.906836	3.032995	0.2079848	21.4222
588848900971495947	145.93451892	0.63202156	23.97421	22.97961	22.64232	22.01723	21.83569	1.144126	2.968739	4.5821	2.969973	1.706345	7.357225	-1000	22.75214
588848900971495953	145.93762018	0.65062471	22.91362	21.28184	20.4038	20.12474	19.87943	1.972228	0.9698278	2.968655	4.434554	3.51872	2.886008	-1000	21.5036
588848900971495962	145.94273191	0.75310978	24.95212	21.93673	21.36392	21.05945	21.1375	1.382384	2.968739	2.968655	2.969973	2.138185	1.367382	-1000	22.08119
588848900971495965	145.94430235	0.78122458	22.70356	22.0549	21.02501	20.81844	20.64928	1.392365	2.968739	2.968655	2.969973	1.541857	3.061924	-1000	22.44256
588848900971495968	145.94510145	0.77754041	24.72984	22.75759	21.92674	21.20038	20.97258	0.981545	2.968739	2.968655	2.969973	2.117501	3.510679	-1000	22.63577
588848900971495973	145.94918833	0.70372877	24.97016	23.42441	22.45495	22.02058	21.88293	0.7197788	2.968739	2.968655	2.969973	2.969034	0.09238823	-1000	23.0187
588848900971495978	145.95241372	0.77781072	22.19745	20.54501	19.22517	18.63076	18.08681	1.825264	3.156612	3.576941	3.765162	3.669251	3.045051	0.4311028	20.75546
588848900971495979	145.95219952	0.75960999	23.7939	22.29278	21.16882	20.98053	21.02862	0.8514436	2.968739	1.564322	1.841172	7.356884	1.713642	0.2608035	22.55654
588848900971495983	145.95634861	0.8319163	25.27843	22.21392	21.77068	22.10179	21.65484	1.01652	2.968739	2.968655	2.969973	1.330089	0.7375953	-1000	23.35515
588848900971496045	145.98807278	0.8386462	24.21764	22.76525	21.02882	20.44478	19.9463	0.864778	2.968739	2.968655	1.599293	1.504776	1.795452	-1000	22.91586
588848900971496059	145.99625355	0.75937786	24.46142	21.79386	21.10431	20.7219	20.60078	1.018129	2.968739	1.856895	1.84046	1.889483	1.846134	0.2488312	22.06396
588848900971496061	145.99938894	0.77991549	23.60275	22.76309	22.63002	22.3182	22.4422	0.7449487	1.031436	1.287213	1.506547	1.411498	2.969172	0.258169	23.16378
588848900971496106	145.86313775	0.72970583	25.01836	23.31638	21.45596	20.58572	20.10868	0.882945	2.968739	2.968655	1.870204	1.817654	1.378123	-1000	23.22151
588848900971496108	145.86510517	0.6585223	23.81421	23.13485	22.16537	22.87098	21.27312	0.8259395	4.58223	2.968655	2.969973	1.055455	2.854863	-1000	23.91841
588848900971496115	145.86966274	0.74709396	23.77954	23.46464	22.06041	21.37117	21.84549	0.7286041	11.30162	11.3013	1.43166	1.821749	4.072578	-1000	23.20315
588848900971496130	145.87949352	0.7353704	23.0151	23.13279	22.06743	23.77755	21.98833	0.439851	1.18542	2.968655	1.192315	2.969034	0.675138	-1000	23.33609
588848900971496161	145.9002247	0.63839802	22.59314	23.42544	22.37224	21.81172	22.05695	0.5950184	2.968739	2.968655	1.398844	2.044827	1.036187	-1000	23.3167
588848900971496185	145.91030661	0.71715529	24.97498	23.51786	22.04955	21.26562	21.39133	0.8996467	4.58223	2.968655	2.969973	1.426717	0.9816661	-1000	24.93503
588848900971496204	145.91942873	0.66947956	23.07519	22.75621	21.23923	20.79423	20.39202	1.565094	7.356152	2.968655	3.635994	2.672469	2.991334	-1000	23.6346
588848900971496218	145.92460073	0.75700974	24.3738	23.56021	21.7596	21.38939	20.80064	0.7718237	2.968739	2.968655	2.285297	1.525558	1.325227	-1000	26.00305
588848900971496225	145.92649218	0.71451912	22.74638	23.24771	22.12357	21.62906	20.91239	0.7519079	1.824534	2.968655	1.399251	1.855498	1.714297	-1000	23.32907
588848900971496231	145.93182604	0.80546476	24.68541	23.71452	21.97535	21.56202	21.04275	0.8208639	4.58223	2.968655	2.969973	2.189267	0.909775	-1000	24.39665
588848900971496240	145.93654237	0.79315178	24.01478	23.71416	22.42045	21.75189	21.64751	0.8689978	0.7167284	18.01139	1.780832	2.457686	3.241869	-1000	22.83597
588848900971496270	145.95345082	0.77566749	23.67373	22.96189	21.62259	20.34302	19.54931	1.228287	2.968739	2.968655	2.969973	1.846273	1.924106	-1000	22.26314
588848900971496288	145.96632794	0.73456028	24.76396	24.60443	22.45005	21.62499	20.65512	0.6159119	2.968739	2.968655	1.414618	2.246228	2.036939	-1000	23.55129
588848900971496321	145.98066973	0.64817473	22.53932	23.39566	21.99887	21.59438	20.98286	0.7677845	2.968739	2.968655	1.834792	3.098601	1.292188	-1000	23.18747
588848900971496325	145.98251133	0.79021494	23.40343	22.96096	21.74434	21.12396	20.38539	0.8753037	2.968739	2.968655	1.609955	1.831597	1.776622	-1000	22.96455
588848900971496342	145.99158171	0.79543528	23.61927	23.39664	21.52408	20.68556	20.07033	0.8108646	2.968739	2.968655	2.446711	1.974678	2.443804	-1000	22.86066
588848900971496356	145.99592835	0.81791344	24.12393	23.51138	22.0564	20.72438	19.90502	1.167339	2.968739	7.355945	2.969973	2.143556	2.575629	-1000	22.83045
588848900971496358	145.9965408	0.71616627	24.5215	23.02	21.0371	19.87177	19.39612	1.74406	11.30162	11.3013	2.969973	3.686979	3.980971	-1000	22.01499
588848900971496410	145.89069167	0.72876726	22.89465	22.7632	22.33671	21.3065	20.98356	0.8185074	43.7516	43.75037	2.969973	2.463804	3.568057	-1000	22.21715
588848900971496428	145.91245458	0.70479814	25.93821	24.12538	23.36491	22.0158	21.91275	1.01482	2.968739	0.7569234	4.584135	1.67205	0.2212705	0.6715358	23.78781
588848900971496442	145.93605747	0.63575004	23.35905	24.70983	23.14829	21.74852	21.56919	3.173773	2.968739	4.5821	4.584135	2.549209	2.405468	-1000	22.91674
588848900971496466	145.98488604	0.72997436	23.65845	24.57495	22.92702	21.6109	21.36461	-9999	7.356152	2.968655	2.969973	1.954853	1.208036	-1000	25.35092
588848900971496506	145.86232066	0.65433289	21.88842	24.55021	25.39685	25.41724	23.89332	-9999	1.670024	4.5821	4.584135	4.582686	4.582898	-1000	24.27503
588848900971496511	146.00259892	0.65207576	25.79094	21.62827	21.9367	21.65064	20.72575	1.269794	4.58223	4.5821	2.969973	4.582686	1.75942	-1000	22.05163
588848900971496519	145.88505122	0.81975802	23.11852	23.95165	22.87862	21.89663	21.55803	0.674821	2.968739	4.5821	2.969973	1.761914	3.512271	-1000	23.34641
588848900971496521	145.92798194	0.70798567	23.41178	23.4674	23.39232	21.83625	21.36362	-9999	4.58223	11.3013	2.969973	1.872341	2.338938	-1000	22.86806
588848900971560978	146.02092184	0.73354801	17.42073	15.30125	14.31706	13.8282	13.46302	4.998826	7.351298	12.71592	13.03901	13.18768	11.63645	0.2406937	15.36442
588848900971560988	146.02886024	0.7289931	24.39649	24.05859	24.92604	21.92669	23.26465	2.126309	2.969659	2.968987	2.969686	1.355663	2.968729	-1000	23.28049
588848900971560992	146.01276927	0.73779773	26.40711	23.0252	21.32285	20.93586	20.8141	1.937988	2.969659	0.09654763	2.969686	3.253322	2.968729	0.04059484	22.86067
588848900971561009	146.02891878	0.65242081	22.6326	22.13541	20.89912	20.15834	19.85127	1.054769	2.969659	2.968987	2.178981	1.959561	2.458922	-1000	22.06083
588848900971561037	146.04623906	0.76610765	20.27543	18.4121	17.39133	17.02793	16.59487	2.845881	3.226641	5.774347	7.219921	5.82127	5.163107	0.328922	18.56816
588848900971561084	146.1175279	0.68403194	23.44588	25.89495	23.78693	21.54323	21.50182	0.3005718	2.969659	2.968987	2.969686	2.75606	0.09395199	-1000	26.05777
588848900971561107	146.14307728	0.77129758	23.6946	23.59479	22.18448	20.82981	20.45501	0.6845685	0.1012934	2.968987	1.415661	3.369021	1.16053	-1000	23.26397
588848900971561117	146.14267143	0.77668437	24.20993	23.14632	24.9633	20.89739	21.75087	-9999	2.969659	2.968987	2.969686	2.76967	2.968729	-1000	23.42929
588848900971561178	146.02011827	0.70190751	23.07593	22.40504	21.35432	20.95842	20.5746	0.8404194	2.117787	2.968987	1.919649	1.696596	1.724866	-1000	22.25589
588848900971561282	146.04939906	0.64930718	25.3959	22.09858	21.49554	21.30547	20.79214	1.277981	2.969659	2.968987	2.507277	1.289306	7.356129	-1000	22.21662
588848900971561311	146.11854258	0.7800961	20.431	19.07918	18.10013	17.65298	17.30717	2.194126	16.91352	4.870592	4.763188	4.425387	4.162096	0.1606646	19.07863
588848900971561327	146.02148533	0.83438468	25.26827	23.65965	21.85966	21.17169	20.72687	0.7166783	2.969659	2.968987	1.603713	1.473145	3.509385	-1000	24.05474
588848900971561389	146.05520106	0.64740657	21.76399	21.87541	21.30852	20.81858	20.68166	1.257127	2.969659	2.144028	2.737689	1.862074	3.94627	0.2324283	21.96188
588848900971561411	146.10496014	0.7275813	24.452	22.51688	20.73647	20.15232	19.73392	0.6901997	2.969659	2.968987	1.399396	1.446658	1.399162	-1000	22.26616
588848900971561452	146.01544406	0.71404731	22.5639	22.63512	21.88706	21.53809	22.30078	0.8855107	1.116198	2.968987	1.911804	1.121558	1.800648	-1000	22.90404
588848900971561457	146.01847533	0.67227573	24.05363	22.98492	22.75471	22.4782	23.16842	0.7986571	2.969659	2.968987	2.969686	1.728776	0.09482757	-1000	23.62583
588848900971561462	146.02348995	0.82197815	24.27254	22.26113	20.40018	19.70723	19.14889	1.209646	2.969659	2.968987	2.536567	2.509938	3.074183	-1000	22.59744
588848900971561480	146.03708994	0.82210404	23.98138	22.61472	21.68999	20.96628	21.6562	1.485623	2.969659	2.968987	4.583692	2.770604	2.260599	-1000	22.83946
588848900971561492	146.04097786	0.64860941	23.53023	21.71356	21.0037	20.83761	20.46936	0.6059026	2.969659	1.459529	1.223408	1.411188	3.648419	0.3046692	21.76445
588848900971561501	146.04649136	0.68349165	23.48753	22.47206	21.91336	21.47005	20.71403	0.8942297	3.129739	2.968987	1.869823	1.957255	2.968729	-1000	22.20362
588848900971561520	146.05792458	0.83036046	22.61209	20.71624	20.13551	19.77001	19.60985	1.930379	2.969659	2.691555	4.214935	2.586701	5.617048	0.4009411	21.18332
588848900971561527	146.06212379	0.64094103	25.21118	25.14492	24.1961	22.07643	22.47715	0.4015405	2.969659	4.582613	0.3103826	1.17092	0.09010199	-1000	24.25867
588848900971561530	146.06387927	0.77251369	22.76048	21.63041	19.95109	19.06959	18.62473	1.891827	1.888916	2.968987	11.30522	2.57871	2.480429	-1000	21.45109
588848900971561534	146.0650621	0.80641812	22.90171	21.8003	20.08673	19.35933	18.98298	0.9718394	27.91881	2.179645	1.876673	2.21922	6.594386	0.588367	21.87914
588848900971561537	146.06605234	0.81638473	23.51118	22.95234	22.27912	22.18407	22.01435	0.5759293	0.09339909	2.968987	1.339385	2.383841	2.968729	-1000	23.02097
588848900971561545	146.06775223	0.71234165	23.97696	21.1739	20.20638	19.82689	19.76324	1.693318	18.01748	2.968987	3.385735	4.671237	8.878476	-1000	21.26232
588848900971561549	146.06796201	0.71622163	25.09187	22.42502	21.02545	20.38022	19.84499	1.25596	2.969659	2.968987	7.3585	4.26384	1.96927	-1000	22.84597
588848900971561558	146.07110254	0.77111642	23.44594	22.3598	21.56762	20.96929	20.62455	1.069948	2.969659	2.968987	2.349514	3.064145	7.356129	-1000	22.26599
588848900971561588	146.08679612	0.81151134	24.1982	22.68644	22.1889	22.68589	21.77797	0.6409278	2.969659	2.968987	1.501745	1.020602	2.968729	-1000	22.24987
588848900971561605	146.0982434	0.64156203	24.7441	22.8851	21.23987	20.40336	19.93538	0.8055002	0.2384668	2.968987	1.84236	1.644249	3.460691	-1000	22.69361
588848900971561634	146.11652278	0.80425611	23.67277	24.00931	21.78425	21.0724	20.65058	0.7316534	27.91881	2.968987	1.513252	1.597198	3.453837	-1000	24.61015
588848900971561642	146.11890004	0.83300179	25.04502	22.90288	22.10247	21.0094	20.36919	0.7930176	2.969659	1.007931	2.969686	1.903356	1.959417	0.1148713	23.30943
588848900971561654	146.12612323	0.82411242	23.21194	22.44404	21.50713	21.04678	20.76913	0.7510093	7.358431	1.586312	1.607898	1.845896	1.68336	0.4529138	22.64229
588848900971561676	146.12817551	0.81528774	24.78967	22.74503	20.99972	20.33018	19.75993	0.7962664	2.969659	2.968987	1.666442	1.450502	1.575699	-1000	22.73471
588848900971561681	146.13512981	0.63929268	23.69269	23.02633	22.06453	22.02137	22.90725	0.6660388	2.969659	1.005922	1.328012	2.597392	2.968729	0.2099721	23.14811
588848900971561761	146.02348216	0.70695251	24.22705	24.67489	22.16887	21.44695	21.23892	0.7249772	0.7006301	11.30256	1.469265	1.774291	2.484321	-1000	23.90505
588848900971561773	146.03036306	0.70018	23.27999	23.80016	22.14033	21.64847	20.74008	0.6631879	4.58365	2.968987	2.128062	1.415561	2.506858	-1000	23.85358
588848900971561841	146.06631698	0.80908315	24.10674	23.28315	22.57607	22.47076	22.10804	0.5799964	4.58365	2.968987	1.222174	4.583245	4.582215	-1000	23.52984
588848900971561850	146.07033328	0.75455867	24.78963	22.72941	20.84478	20.04378	19.44503	1.053892	2.969659	2.968987	2.535069	1.784308	3.136745	-1000	23.24847
588848900971561852	146.07143728	0.82027112	25.65345	23.26646	21.84053	21.79158	21.7555	1.402218	7.358431	2.968987	2.969686	2.969397	7.356129	-1000	25.01101
588848900971561858	146.0738734	0.8115006	24.69594	24.64495	22.94357	21.87283	21.54356	0.6448676	4.58365	2.968987	2.969686	1.31747	2.341752	-1000	24.99465
588848900971561865	146.07999348	0.6924415	25.77231	23.46031	22.2253	21.69327	21.33421	0.4439321	2.969659	0.9022567	1.280387	1.724382	2.658664	0.7786732	23.31351
588848900971561882	146.08755071	0.67856374	25.18994	22.97777	21.69331	21.10632	20.56031	0.7861043	0.2766869	2.968987	1.971163	1.912273	2.365263	-1000	23.58848
588848900971561895	146.09216441	0.67881399	25.16305	22.88842	21.65742	21.33609	20.86627	0.8565984	2.969659	2.968987	2.277553	1.57681	2.429704	-1000	22.43656
588848900971561921	146.10159265	0.71653896	23.77877	23.91263	22.31934	22.33753	21.89713	0.5793062	4.58365	2.968987	1.541703	2.969397	1.639116	-1000	24.6786
588848900971561940	146.1090988	0.82969682	23.82009	23.92657	22.03281	21.29806	20.69885	0.5558569	2.969659	2.968987	2.969686	1.829604	2.791794	-1000	26.71988
588848900971561947	146.11205859	0.65136095	23.63173	22.53543	20.62868	19.89719	19.44787	1.057033	2.969659	2.968987	2.228746	3.90261	2.40556	-1000	23.33001
588848900971561954	146.11595201	0.66079309	24.25784	23.00356	21.08902	20.39379	19.78238	0.7548747	0.3005993	2.968987	1.541364	2.060146	2.763146	-1000	22.30065
588848900971561969	146.12635841	0.69174406	23.26111	23.28234	22.44205	22.00719	21.69455	0.7549606	0.09846006	2.968987	1.563627	1.60911	1.028347	-1000	22.96001
588848900971562014	146.15072387	0.82582664	23.57017	23.72098	22.09999	21.91355	21.29498	0.5827672	0.4634095	2.968987	1.561514	2.969397	1.949683	-1000	24.56982
588848900971562062	146.04145611	0.75578084	23.97258	25.11448	22.69901	21.97735	21.09561	-9999	0.7879831	2.968987	1.79715	2.969397	11.30158	-1000	27.60024
588848900971562069	146.04808203	0.71282952	23.89654	22.89161	22.56347	21.21751	20.94872	1.321528	2.969659	2.968987	2.969686	2.307466	7.356129	-1000	22.87486
588848900971562074	146.05108339	0.69991693	25.79963	24.14298	23.42933	21.83685	21.75937	-9999	2.969659	2.968987	1.100618	1.683674	1.133098	-1000	23.3262
588848900971562086	146.06015144	0.74550066	26.15678	23.53387	22.74887	21.9914	20.97377	0.7960398	2.969659	2.968987	2.969686	1.312948	0.8970412	-1000	24.15972
588848900971562115	146.09877502	0.78102764	24.58748	23.68352	23.22531	21.84811	21.20709	-9999	2.969659	2.968987	2.969686	2.018897	4.582215	-1000	22.65804
588848900971562122	146.10966003	0.70340711	23.83079	23.47847	23.24275	21.95667	21.22418	1.120385	2.969659	2.968987	2.969686	1.98033	1.903718	-1000	23.00266
588848900971562147	146.13833903	0.64006746	23.02026	23.36382	22.51907	21.30165	21.00797	2.553905	0.7249534	18.0134	0.9016151	2.061	4.877271	-1000	22.28894
588848900971562152	146.14614967	0.69671659	25.04149	27.09298	22.39458	19.38907	26.12055	-9999	2.969659	2.968987	2.969686	2.969397	18.01184	-1000	23.02504
588848900971562172	146.07246363	0.80690343	26.55047	26.71362	25.05256	23.43442	19.73169	-9999	2.969659	2.968987	2.969686	2.969397	7.356129	-1000	23.5041
588848900971562189	146.06368795	0.69070752	23.3604	23.01122	22.05421	22.49454	21.2676	1.135608	0.08759471	2.968987	2.969686	2.969397	4.582215	-1000	23.75685
588848900971562200	146.07517481	0.64459178	23.80852	23.87443	22.6016	21.67126	22.34374	0.547462	2.969659	2.968987	2.969686	2.715233	1.100338	-1000	24.79708
588848900971626514	146.15849519	0.67568176	24.19439	25.37589	25.41432	21.52324	21.4295	1.848311	4.583613	4.583377	2.969968	2.969421	2.969111	-1000	24.88324
588848900971626518	146.16652587	0.70378617	24.20081	22.42531	20.89559	20.13573	19.83689	1.327239	18.01734	2.969482	2.629459	2.969421	2.956943	-1000	22.33885
588848900971626594	146.24145053	0.75948764	26.59584	28.03539	20.72948	18.95085	24.80347	1.384959	27.91859	2.969482	2.969968	2.969421	2.969111	-1000	26.39429
588848900971626612	146.25694128	0.71720415	22.2205	20.69455	19.94678	19.18995	19.04998	1.347533	18.01734	4.255972	3.23094	3.94693	3.714695	4.217831	20.29539
588848900971626757	146.21306029	0.66089869	22.19725	22.04188	21.15403	20.63628	20.43965	1.444737	7.358374	2.969482	2.822912	2.922181	2.787847	-1000	22.00724
588848900971626766	146.27635067	0.81821174	20.86213	19.55874	18.96739	18.63407	18.50073	1.563385	2.521034	3.444457	3.075428	3.015396	3.100978	0.1307538	19.58847
588848900971626767	146.27726184	0.64747605	24.88836	21.19283	19.53951	18.87927	18.44589	1.038028	2.969635	2.449963	2.286968	2.139908	1.751231	0.425586	21.23939
588848900971626768	146.27890617	0.71547396	22.2569	20.46485	18.74301	18.08903	17.66896	1.231608	18.01734	2.909059	2.691244	2.757096	2.293208	0.5748788	20.42258
588848900971626776	146.2898804	0.73345197	21.36195	19.58115	18.71875	18.25198	17.91326	1.979855	11.30503	4.895392	4.595181	4.302928	4.724565	0.4726488	19.54565
588848900971626783	146.29873882	0.65612319	20.65787	19.25795	18.20038	17.6273	17.17167	2.684537	43.76481	6.057109	5.841581	4.601263	4.530439	0.3577588	19.14896
588848900971626818	146.19124402	0.65422754	21.29706	26.26653	26.24238	26.1222	21.91041	-9999	11.30503	2.969482	2.969968	2.969421	1.340068	-1000	25.71604
588848900971626878	146.16211087	0.81330161	25.14511	24.04777	22.4626	21.74066	20.59	0.7738038	2.969635	2.969482	1.312808	1.570707	2.113996	-1000	24.48832
588848900971626882	146.16562647	0.71378249	24.23402	22.76217	21.9404	21.52714	21.13083	0.744763	2.969635	2.969482	1.61757	2.952923	1.472084	-1000	22.60214
588848900971626890	146.17381611	0.81490199	22.9125	21.09201	20.12761	19.63128	19.23587	0.9590163	1.380328	1.785592	2.093381	1.912783	1.622724	0.1413663	21.13739
588848900971626892	146.1746538	0.80745054	23.28303	22.13565	21.41396	21.3633	20.98349	0.9175612	2.969635	2.969482	2.247587	1.936521	1.757039	-1000	21.94873
588848900971626896	146.17574399	0.67618745	22.29154	21.41228	20.86848	20.79824	21.15865	1.024904	2.969635	2.173137	2.379161	1.879399	1.035907	0.205374	21.683
588848900971626918	146.18811308	0.74105143	23.67268	22.09338	21.2326	21.16591	20.71401	1.169737	2.969635	2.969482	2.845907	3.069567	7.357073	-1000	22.19787
588848900971626930	146.19200285	0.68500938	23.63344	22.72887	22.5995	21.91702	21.25232	0.7439016	2.969635	2.969482	2.969968	2.556067	1.487721	-1000	22.81946
588848900971626950	146.19564729	0.72749763	23.48281	22.85452	22.72804	21.85332	21.65457	0.4953577	0.8102795	2.969482	1.45367	1.565578	3.15279	-1000	22.55546
588848900971626951	146.19568729	0.82294779	24.46264	22.95249	22.40101	22.13157	21.53413	0.5272352	2.969635	1.313368	1.141011	1.391328	1.838943	0.3031974	23.12068
588848900971626955	146.19811446	0.65315689	25.12752	22.50832	20.75556	20.09344	19.50003	1.174574	2.969635	2.969482	3.041985	2.224406	1.956562	-1000	23.5415
588848900971626970	146.2044904	0.73516315	23.77162	22.63798	26.168	21.34868	21.34713	2.844097	1.042507	1.708711	2.969968	1.461063	2.777227	0.33008	22.45444
588848900971626979	146.21085109	0.65854871	25.14986	22.54335	21.5515	21.40911	21.68946	0.7920595	2.969635	0.7908748	1.370795	0.9796464	1.083524	0.04750315	22.35595
588848900971626984	146.21481413	0.73325505	22.80027	22.54822	22.27906	21.85427	22.67922	0.7279904	7.358374	2.969482	1.5346	4.583283	0.08819776	-1000	22.80016
588848900971626989	146.21885899	0.75416632	24.79869	21.70498	20.01609	19.46101	19.05913	0.9769681	4.583613	2.030325	2.210539	1.757937	2.007493	0.4591989	21.84794
588848900971627020	146.23646754	0.66608398	22.18596	21.96789	21.50944	21.0738	21.24906	1.147661	4.583613	7.357994	2.492796	2.548465	2.969111	-1000	22.01814
588848900971627024	146.24006362	0.7017312	23.44737	21.9701	22.46968	21.82325	21.02576	0.09296766	7.358374	2.969482	2.969968	1.761092	7.357073	-1000	22.33088
588848900971627150	146.17527872	0.75490076	23.6025	23.32864	22.15856	22.26926	22.12788	0.7069269	2.969635	7.357994	2.969968	2.047925	4.582804	-1000	22.13737
588848900971627187	146.19148948	0.70149676	24.12581	24.05869	22.74645	22.20052	21.3844	0.6501188	2.969635	2.969482	2.969968	1.717415	1.767261	-1000	26.09083
588848900971627271	146.24324596	0.6315744	26.29093	22.77892	22.23095	21.41215	21.37284	0.9389622	2.969635	2.969482	2.969968	1.849216	4.078613	-1000	22.9122
588848900971627283	146.25195425	0.64882543	24.19364	23.5907	22.33725	22.83246	22.23365	0.7728871	4.583613	2.969482	1.560094	2.969421	2.017971	-1000	23.01568
588848900971627368	146.30121937	0.69756076	25.89569	24.74695	21.96736	20.77458	19.91506	0.875744	2.969635	2.969482	2.130606	2.643579	3.330128	-1000	25.57058
588848900971627394	146.16943158	0.67285762	26.16533	23.48327	22.17998	20.49471	19.83013	1.691169	0.2601302	2.969482	7.359198	3.216049	2.696131	-1000	23.56677
588848900971627423	146.21548551	0.69463291	23.71107	24.00343	23.68744	21.90845	21.80206	0.6497421	2.969635	11.30445	2.969968	1.374478	1.960641	-1000	23.5335
588848900971627424	146.21681613	0.71190832	23.47708	24.42294	22.60524	21.17191	20.98731	0.7755407	2.969635	4.583377	2.969968	2.682149	2.792146	-1000	23.1555
588848900971627425	146.2199027	0.73731032	23.62787	23.64495	22.92562	21.32179	20.62295	0.3360571	2.969635	2.969482	0.8924353	2.660876	1.140956	-1000	25.03259
588848900971627428	146.22386024	0.73104649	25.51982	23.73517	22.63101	21.43575	20.87103	0.5131744	0.5909491	2.969482	2.969968	1.703004	3.129129	-1000	24.83413
588848900971627441	146.23759436	0.78383749	22.77943	23.65234	23.02297	21.90694	21.38623	1.087378	2.969635	2.969482	2.969968	1.130019	7.357073	-1000	23.73952
588848900971627442	146.23972536	0.75151979	22.8823	24.82525	23.30648	21.99099	22.35824	1.171251	1.050493	2.969482	2.969968	1.272619	4.582804	-1000	23.72434
588848900971627449	146.25626922	0.73512525	23.98452	23.19914	25.93	21.64149	21.36316	-9999	2.969635	2.969482	2.969968	1.672202	0.9427484	-1000	23.1829
588848900971627457	146.26798777	0.66125506	24.44522	23.711	22.85633	21.45967	20.76023	1.778666	2.969635	0.09541511	68.3067	2.246666	1.723363	0.04955583	25.19135
588848900971627467	146.28371584	0.70053791	25.03911	25.96585	22.6468	21.70646	21.40872	0.9735075	2.969635	2.969482	2.969968	1.203752	1.739358	-1000	26.31294
588848900971627476	146.29728571	0.81774285	22.87363	24.01362	22.74813	21.46709	21.49032	0.8502731	0.8447474	2.969482	2.969968	1.493729	2.969111	-1000	24.38489
588848900971627515	146.17193373	0.64510738	27.39448	22.42677	21.6481	21.71522	20.36452	3.94551	2.969635	11.30445	11.3063	1.12778	11.30303	-1000	21.29247
588848900971692127	146.44267406	0.8135926	23.60435	24.28383	21.84667	21.81483	21.09874	1.064162	2.96928	2.969244	2.969987	2.969802	1.194811	-1000	25.36739
588848900971692134	146.44167187	0.81550859	24.11072	24.11996	26.83176	21.31964	21.39754	-9999	2.96928	2.969244	2.969987	2.969802	2.969163	-1000	23.76912
588848900971692191	146.378451	0.6942078	24.8317	22.59187	21.9852	21.33497	21.14068	1.017057	2.96928	2.969244	2.157127	3.036146	10.20738	-1000	22.3586
588848900971692209	146.40830975	0.68026169	24.52884	21.86833	20.2663	19.5877	19.3284	1.190675	0.7016723	2.09778	2.430856	2.88639	3.429161	0.2065457	22.28669
588848900971692211	146.40790318	0.68135422	24.54454	22.94402	21.04305	20.47851	20.0856	0.7580487	2.96928	2.969244	1.50544	1.595893	1.718112	-1000	22.81543
588848900971692325	146.32075879	0.78610158	18.64881	28.12433	26.80325	27.75137	19.71118	-9999	27.91525	2.969244	2.969987	27.92016	2.969163	-1000	23.60041
588848900971692329	146.37049519	0.65414292	21.36219	24.04743	25.51215	24.17231	24.05786	-9999	1.306261	4.58301	2.969987	2.969802	2.969163	-1000	23.89065
588848900971692342	146.39497573	0.79071256	24.53703	22.62789	22.08474	21.68599	21.14573	0.8968138	2.96928	2.969244	1.715275	1.43669	1.973642	-1000	22.75255
588848900971692380	146.31833477	0.80587052	22.74676	20.9577	19.90845	19.38214	18.91503	1.244463	2.96928	2.266831	2.48692	2.219141	2.159986	0.2563573	20.94455
588848900971692383	146.31841491	0.70613682	23.50505	22.32146	21.36018	21.2275	20.20183	1.043838	43.75957	43.75905	2.969987	43.76727	2.239081	-1000	21.66023
588848900971692428	146.34632587	0.69218606	24.88345	22.81149	21.70731	21.1063	21.01569	0.8021484	2.96928	2.969244	1.545345	1.649474	2.138872	-1000	22.89573
588848900971692429	146.3481946	0.72980124	22.39745	21.12756	19.40762	18.65201	18.12459	1.844609	2.96928	2.969244	3.612122	4.61506	3.352777	-1000	21.26789
588848900971692434	146.35308677	0.80615417	22.24575	21.3174	20.48891	20.29103	19.91141	1.610019	2.96928	2.298821	3.801836	2.986902	2.419135	0.1640722	21.42612
588848900971692475	146.39131235	0.66024969	24.97809	22.19571	21.03308	20.57622	20.15605	1.198537	2.96928	2.969244	2.634506	2.472885	3.696182	-1000	22.10774
588848900971692478	146.39428072	0.6553761	24.57187	22.25487	21.66421	21.66476	20.72911	0.7697327	4.583065	2.183087	1.474475	1.727105	2.025294	0.4846207	22.12595
588848900971692486	146.39815719	0.74490201	22.52788	21.9693	20.56944	20.06135	19.45846	1.1228	2.96928	2.536793	2.145223	1.746876	1.870478	1.196745	22.32032
588848900971692514	146.41731999	0.64714127	24.6142	22.62209	21.20077	20.39184	19.95291	0.9954612	7.357492	2.969244	2.337042	1.497087	1.332176	-1000	22.54046
588848900971692537	146.44379711	0.80754877	24.81197	22.17694	21.61921	21.05246	20.59953	0.8741726	2.96928	2.969244	2.320572	1.732524	1.30653	-1000	22.40574
588848900971692568	146.31133458	0.67347027	22.71641	23.5773	21.44202	20.75365	20.32966	0.7729591	2.96928	1.301673	1.560678	1.392496	3.03411	1.193636	23.6524
588848900971692576	146.31584001	0.68779585	23.49635	24.50132	22.26546	21.4778	21.3626	0.7266376	2.96928	2.969244	1.790565	2.574667	1.412306	-1000	27.74142
588848900971692587	146.32441718	0.64212287	22.95251	23.28575	22.38357	22.07831	22.4814	0.7665266	0.6479211	2.969244	1.545547	1.738124	4.582884	-1000	23.37589
588848900971692588	146.32443858	0.6460883	22.67435	22.83129	21.73152	21.61306	21.30858	2.244811	7.357492	2.969244	7.359245	1.661409	1.452584	-1000	22.4963
588848900971692589	146.3248335	0.78286616	23.83048	22.77118	21.29737	20.62231	20.32952	1.071813	11.30368	2.969244	2.02458	1.61562	3.981778	-1000	22.37053
588848900971692666	146.37490563	0.83162368	23.37405	23.33368	22.19764	21.61562	21.32077	0.8253105	2.96928	0.08400078	1.813019	2.826232	1.202864	0.04496504	22.8582
588848900971692708	146.39969504	0.7419211	24.31867	24.52623	24.31551	25.27094	20.49121	1.134396	2.96928	2.969244	2.969987	2.969802	1.467243	-1000	23.24762
588848900971692745	146.41624088	0.7042791	24.10586	23.73143	21.84814	21.09975	20.42511	0.6973598	2.96928	2.969244	1.831559	1.902819	1.484304	-1000	24.61341
588848900971692748	146.41762213	0.69168138	25.38599	23.58562	21.57726	20.67609	20.09748	0.775594	7.357492	2.969244	1.293299	1.911311	1.46426	-1000	23.57719
588848900971692785	146.43536072	0.69227725	24.44096	24.03014	21.9489	21.65716	22.23059	0.9415491	2.96928	4.58301	2.09349	1.187881	2.969163	-1000	23.27744
588848900971692795	146.43830077	0.80749696	24.3613	24.6489	22.83534	21.43875	20.97292	1.172485	2.96928	7.357404	7.359245	1.543958	1.523129	-1000	24.24363
588848900971692865	146.35595972	0.76569099	25.31402	24.42298	24.3274	21.81887	21.71418	2.288868	2.96928	2.969244	2.969987	1.420928	2.914287	-1000	23.37478
588848900971692886	146.3839495	0.72125703	23.48403	25.16713	22.55223	21.27592	20.75144	1.101006	0.7379928	2.969244	1.806877	2.075698	1.41011	-1000	26.86956
588848900971692890	146.39260397	0.70475984	25.48053	23.13247	22.53818	21.18108	20.4516	1.32377	11.30368	2.969244	11.30637	1.627502	1.038969	-1000	23.15111
588848900971692924	146.43648939	0.65068065	22.99772	23.9859	23.41493	22.07477	21.65189	1.687859	4.583065	4.58301	2.969987	1.48191	1.511639	-1000	24.02245