588848900971299282	145.45699076	0.7262979	23.11706	22.88743	21.372	20.80438	20.24283	1.168979	2.968804	2.969576	2.149657	1.874418	1.897314	-1000	24.14491
588848900971299284	145.45984766	0.73067629	23.25372	22.02243	20.98888	19.82232	19.12142	1.554151	11.30187	2.08801	2.969621	3.543597	2.928718	0.209427	22.09095
588848900971299314	145.48987886	0.81906526	26.01395	21.8112	20.34277	19.59262	19.27628	1.392128	2.968804	2.969576	7.358338	5.415725	5.23815	-1000	22.44217
588848900971299334	145.50227442	0.66003411	23.33905	22.43818	21.12033	20.64142	20.11884	1.049067	2.968804	2.969576	2.267951	1.603164	1.930194	-1000	22.59579
588848900971299337	145.50248673	0.6850397	23.12434	22.35061	21.52618	21.37423	20.84799	0.984571	7.356313	2.969576	2.188154	2.969343	1.882568	-1000	22.03525
588848900971299344	145.50802916	0.70369599	22.91566	22.15381	21.41962	21.41623	20.97765	0.8059472	11.30187	2.969576	1.649585	2.122779	2.682474	-1000	21.99802
588848900971299351	145.51571884	0.8119699	21.97238	20.33965	19.05633	18.48833	17.98102	2.298752	2.968804	2.969576	5.429862	4.643391	5.976612	-1000	20.37925
588848900971299365	145.52946038	0.81073494	24.86282	22.59787	21.51553	21.36976	21.28215	0.9448151	2.968804	2.969576	1.940939	2.074102	3.983443	-1000	23.93932
588848900971299371	145.53369256	0.69376455	24.42073	22.46383	21.95002	22.27146	21.4034	0.8910947	2.968804	7.358226	2.169474	2.969343	1.804231	-1000	21.99969
588848900971299376	145.53592825	0.74163715	22.7391	22.38043	21.29219	20.91273	20.28859	1.045565	2.968804	2.969576	2.088232	2.683713	2.265066	-1000	22.21405
588848900971299385	145.54624747	0.71817248	23.79659	22.88839	22.18909	22.02524	21.60788	0.6627098	2.968804	2.969576	1.412663	1.514168	2.969238	-1000	22.45487
588848900971299430	145.42075365	0.813984	23.71976	23.44562	22.23116	21.91355	22.05896	0.6506212	0.06705278	0.8298092	2.969621	1.683721	1.052186	0.7440393	22.66797
588848900971299437	145.43358366	0.73613774	22.94193	23.19376	21.45741	20.9148	21.01748	1.165606	2.968804	2.969576	2.947588	1.802843	4.583	-1000	25.26424
588848900971299487	145.48376761	0.80762705	25.30762	23.15425	21.49183	21.1665	21.41977	1.422653	0.2868288	7.358226	2.969621	2.193806	2.482898	-1000	22.41646
588848900971299524	145.51379283	0.72693187	24.83168	23.50622	22.48596	22.24962	22.1386	0.6193737	2.968804	2.969576	1.139768	2.427305	4.583	-1000	22.88754
588848900971299550	145.53051891	0.70641412	24.66139	24.15052	22.46281	22.74343	23.00653	0.5482915	2.968804	4.583522	1.760163	2.969343	2.969238	-1000	23.342
588848900971299561	145.53933818	0.77212051	26.22233	22.60443	21.88263	21.94792	22.44409	1.270181	2.968804	2.969576	4.583591	4.583162	2.969238	-1000	22.5699
588848900971299604	145.4189441	0.74880384	24.65115	23.91278	22.83097	21.47297	20.97006	0.8897422	0.705599	2.969576	2.969621	1.358407	1.400927	-1000	23.55894
588848900971299637	145.46149352	0.71215542	24.49024	25.12116	24.49522	21.89908	21.27712	-9999	2.968804	2.969576	0.6633776	1.577937	0.8001649	-1000	23.78203
588848900971299659	145.49832188	0.66841488	23.61742	23.30926	22.70238	21.41473	21.32982	0.8811498	1.161304	2.969576	1.727135	1.399646	2.296569	-1000	23.06705
588848900971299720	145.42967206	0.80445264	23.10637	24.39204	22.41352	21.70979	21.65268	1.752366	2.968804	2.969576	2.969621	1.599893	0.09546974	-1000	25.20654
588848900971299727	145.46261658	0.80102095	23.34283	24.51865	25.06407	24.25666	20.51984	-9999	2.968804	2.969576	2.969621	2.969343	2.450801	-1000	25.07645
588848900971364414	145.58953216	0.63967263	24.61506	22.55338	22.54954	22.04192	22.9363	0.9591034	2.969064	2.969459	2.970076	3.301526	4.583129	-1000	22.84291
588848900971364474	145.69602893	0.73512014	24.66568	23.93704	23.82873	21.61032	21.61778	2.362921	2.969064	2.969459	2.970076	2.96966	3.554984	-1000	23.19082
588848900971364475	145.6925479	0.73641819	26.69347	23.99891	22.69274	20.80515	22.96013	2.382025	2.969064	2.969459	2.970076	2.229825	18.01543	-1000	24.11358
588848900971364644	145.61436068	0.65494808	24.09293	22.86809	21.55152	21.04006	20.46168	0.9940026	2.969064	2.969459	2.204637	2.236897	2.747049	-1000	23.14942
588848900971364647	145.6212695	0.67857325	22.29672	21.19639	19.42806	18.79394	18.38496	1.533676	2.969064	2.969459	3.86728	3.171886	2.281528	-1000	21.05589
588848900971364661	145.56437649	0.66579551	21.28307	23.27403	21.96283	24.8315	22.00793	2.866733	1.014675	2.969459	2.970076	2.96966	1.940969	-1000	22.96857
588848900971364677	145.62765399	0.6542532	21.6827	26.60706	23.42214	25.37464	22.71577	0.9959857	1.970404	2.969459	2.970076	2.96966	2.969321	-1000	26.27909
588848900971364723	145.5620888	0.77863464	22.67202	22.01406	20.89664	20.39964	19.83024	1.019871	2.969064	2.969459	2.254216	1.534925	2.797173	-1000	21.92175
588848900971364731	145.56949293	0.75238328	23.45236	20.64655	18.82803	18.18385	17.63334	2.448338	2.969064	43.76221	4.766963	5.744733	11.09906	-1000	20.77072
588848900971364733	145.56722771	0.75151573	23.71189	22.34085	20.73173	20.25546	19.51259	1.664539	2.969064	2.969459	2.970076	3.090022	3.051105	-1000	22.09763
588848900971364747	145.57873325	0.7367431	22.36037	21.11179	20.23111	19.82881	19.29896	1.323694	2.969064	2.539947	2.882092	2.623345	4.072931	0.2256935	21.35414
588848900971364756	145.58270622	0.77889135	22.48195	21.81511	20.76118	20.39275	20.24884	0.9454121	1.746571	2.544306	1.697024	1.885651	2.454191	0.3646257	21.59879
588848900971364766	145.58947351	0.76337368	24.51225	22.25431	21.30136	21.22799	21.0057	1.171585	4.582732	2.969459	2.218416	2.610502	2.586457	-1000	22.22405
588848900971364777	145.59353541	0.78781	25.15256	23.64289	21.33311	20.70005	20.79695	0.8431778	2.969064	2.969459	1.914762	1.792118	1.624604	-1000	25.08772
588848900971364823	145.61213046	0.80247525	23.32277	22.63684	21.09948	20.62383	20.05503	1.513236	2.969064	2.969459	2.970076	2.670116	2.354259	-1000	22.72093
588848900971364836	145.6157422	0.81714922	23.40841	21.98313	20.38092	19.79239	19.24449	0.911402	2.969064	2.969459	1.745878	1.546343	7.654305	-1000	21.87942
588848900971364844	145.61760519	0.67361359	22.39907	22.34797	21.21124	20.90006	20.66205	0.8438572	2.969064	2.969459	2.144398	1.3829	2.628964	-1000	22.51074
588848900971364845	145.61780239	0.75902838	23.22034	22.24995	21.68936	21.64226	20.82209	1.212848	2.969064	2.969459	2.465202	2.748805	1.897145	-1000	22.1102
588848900971364849	145.61864135	0.74148944	22.48164	21.31565	20.50409	20.11924	19.83043	0.9887414	0.8661082	1.735919	1.890813	2.44241	9.297228	0.1208478	21.55846
588848900971364850	145.61963261	0.75994453	22.6458	21.70657	21.13307	20.9705	20.35933	0.8877074	1.147724	1.638382	1.979901	1.827873	7.114891	0.1919785	21.77263
588848900971364858	145.62657494	0.68031604	22.32064	22.56302	21.99502	21.39859	20.65272	0.8408977	2.969064	2.969459	1.68533	1.519025	1.729651	-1000	22.34562
588848900971364861	145.62863369	0.83437987	21.93954	21.05085	20.15177	19.69034	19.61094	1.493589	2.969064	2.852543	3.323819	2.484796	2.201038	0.4714855	21.24304
588848900971364882	145.64670686	0.62981003	23.11749	22.09505	20.99549	20.53109	20.05105	1.272127	2.969064	2.969459	2.765165	2.078435	2.022187	-1000	21.69815
588848900971364887	145.64803165	0.80108439	22.94926	22.46015	21.85285	21.40121	20.80622	0.7280124	2.969064	2.969459	1.69158	2.45616	1.577847	-1000	22.67867
588848900971364910	145.65887839	0.70690484	26.87999	21.8861	19.67332	18.67613	18.17027	2.404922	0.2706275	2.969459	11.30671	5.774354	3.535519	-1000	23.00527
588848900971364915	145.66047357	0.7791083	22.32485	21.55158	20.74372	20.52927	20.03045	1.03258	1.417709	2.969459	2.187752	1.960939	2.429512	-1000	21.41951
588848900971364938	145.66817007	0.8220372	23.33287	21.83315	20.95663	20.64066	20.04877	0.9742028	2.969064	2.180788	2.15561	2.1483	1.854967	0.4518225	21.69144
588848900971364954	145.67803133	0.64799538	20.68792	19.80076	19.24146	19.09276	18.89629	2.259968	2.969064	2.969459	2.970076	5.221078	3.703243	-1000	20.22504
588848900971364966	145.68879971	0.74933285	22.66077	21.29793	20.28884	19.88469	19.59367	0.8004915	1.162948	2.27419	1.586305	1.609409	1.618057	0.358007	21.17909
588848900971364970	145.69097389	0.67681765	23.88206	22.88147	22.85309	22.11695	21.32974	0.7253448	4.582732	2.969459	2.970076	2.96966	2.52706	-1000	23.35549
588848900971365007	145.55913314	0.83782158	23.34118	22.63174	21.0042	20.37102	19.88124	1.31785	11.30286	11.30436	2.225682	1.904526	2.016158	-1000	21.94732
588848900971365020	145.56597563	0.80550062	24.69394	23.49136	21.97541	21.19512	20.41958	0.808354	4.582732	2.969459	1.55444	2.999692	1.348402	-1000	26.25325
588848900971365028	145.56896017	0.63669601	25.28479	24.57181	22.16895	21.43763	20.29383	0.7225466	2.969064	2.969459	1.228961	2.96966	2.101994	-1000	25.11679
588848900971365034	145.57120403	0.74753332	23.02993	22.9692	21.31143	20.79939	19.96626	1.029852	2.969064	2.969459	1.984445	1.39229	1.705044	-1000	22.74604
588848900971365050	145.58481429	0.78653902	23.90268	23.25371	21.93779	21.1095	21.27305	0.7393597	3.261469	2.969459	2.223441	2.052445	1.779382	-1000	25.67257
588848900971365060	145.58970583	0.7470108	25.45436	22.96346	21.84852	21.26424	20.84732	0.9596542	2.969064	2.969459	1.844067	2.742148	2.498424	-1000	22.82657
588848900971365079	145.60217556	0.76876434	25.6545	23.03242	21.21252	20.7654	20.15345	0.9202918	4.582732	2.969459	2.245282	1.833674	7.357596	-1000	23.39602
588848900971365081	145.60309101	0.76131402	25.68075	23.49343	22.33672	21.81133	20.92358	0.7479044	2.969064	2.969459	1.530344	1.789274	1.348506	-1000	23.66566
588848900971365083	145.60453002	0.82279461	23.14759	22.60694	22.11431	21.31488	21.74598	3.355424	2.969064	2.969459	11.30671	1.893281	2.969321	-1000	27.82891
588848900971365125	145.62532066	0.71072169	24.98656	23.67844	21.41849	20.61764	20.21267	0.8314567	2.969064	2.969459	1.600292	1.430196	1.790288	-1000	24.04896
588848900971365154	145.64345458	0.71861519	23.94938	23.95236	22.56131	21.48367	21.16938	0.5817541	2.969064	18.01626	1.10236	2.96966	1.791152	-1000	23.6138
588848900971365176	145.66184118	0.67979632	24.55815	23.48427	22.29426	21.68568	21.91634	0.5717828	4.582732	2.969459	2.970076	1.838138	0.6912031	-1000	23.37848
588848900971365188	145.67095038	0.75341724	25.98181	23.47615	21.68584	20.72	19.94114	0.7142701	2.969064	2.969459	1.41446	1.321151	7.357596	-1000	22.9379
588848900971365201	145.67773959	0.83355806	24.20494	22.82449	21.73682	21.62371	22.22212	2.227906	2.969064	2.969459	11.30671	1.06558	11.30384	-1000	21.65484
588848900971365206	145.68179332	0.82756312	26.33704	23.4204	21.70871	21.40454	21.49421	0.9363835	2.969064	2.969459	2.002885	2.396591	1.820299	-1000	23.78061
588848900971365291	145.63941957	0.66808408	23.87291	23.65228	23.00852	21.23833	20.89009	4.739487	11.30286	2.969459	2.970076	2.99683	1.502648	-1000	23.32749
588848900971365309	145.67268865	0.64928398	23.83729	24.25872	23.18257	21.8176	20.99775	0.9237753	7.356958	2.969459	2.970076	1.460913	3.277748	-1000	23.22008
588848900971365310	145.67600418	0.8049973	23.82724	23.57087	22.91512	21.8437	21.11496	2.35295	2.969064	2.969459	7.359465	1.868511	1.787741	-1000	24.0337
588848900971365325	145.70270653	0.65742294	23.92441	24.70436	23.52706	21.52252	21.68847	-9999	7.356958	0.1033568	2.970076	2.96966	1.071157	1.59529	23.80562
588848900971365351	145.67413584	0.65408166	21.45966	24.07231	24.88202	25.99484	23.03057	0.9589831	2.969064	2.969459	2.970076	2.96966	2.969321	-1000	26.42044
588848900971365364	145.68199707	0.79931615	25.63252	22.99757	22.11276	21.0683	21.60236	1.729169	4.582732	4.583341	4.584293	3.216663	2.969321	-1000	22.69063
588848900971429938	145.7590825	0.82918058	25.08488	21.5524	21.29076	20.71419	21.73626	3.444379	18.01507	2.968944	18.01915	27.91639	0.6789365	-1000	21.52261
588848900971429949	145.76847232	0.63600669	24.52409	25.85921	23.11971	21.56496	23.30926	2.29084	4.583037	2.968944	2.969935	3.425826	2.969867	-1000	23.82305
588848900971429987	145.8428646	0.68247282	24.84254	22.72453	21.87095	21.06481	20.18256	1.450943	7.357448	2.968944	2.969935	3.794044	2.620049	-1000	21.79319
588848900971429993	145.84801261	0.81013333	23.36267	24.45969	23.48737	22.12832	21.12897	0.7346941	0.4616276	2.968944	2.969935	1.26282	7.358947	-1000	24.60171
588848900971430015	145.72547966	0.73065836	21.61929	19.32508	17.98836	17.40523	16.99121	1.350418	2.969262	2.962806	2.943259	2.839366	2.861727	0.2403242	19.37798
588848900971430121	145.75808377	0.75411806	23.16844	20.8649	19.66813	19.17801	18.83347	0.846007	2.969262	2.537857	1.75282	1.730192	1.477638	0.429149	20.77812
588848900971430250	145.81050617	0.73488918	24.53293	25.40334	22.32662	23.45482	22.96879	0.6265246	2.969262	2.968944	2.969935	2.969401	0.6984297	-1000	23.43409
588848900971430303	145.71373773	0.77828445	24.78127	22.85374	21.64746	21.30202	20.96237	0.7232687	2.969262	2.968944	1.405745	2.103171	1.004507	-1000	22.90862
588848900971430317	145.72535238	0.7813429	22.61257	22.25556	21.98373	21.89242	22.31034	0.8718254	0.7949014	1.378215	2.969935	2.969401	0.1227582	0.2014284	22.74704
588848900971430322	145.73295543	0.75046377	22.72767	21.49155	20.90279	20.5341	20.01595	1.748558	2.969262	2.968944	2.969935	2.989427	27.92077	-1000	21.25773
588848900971430328	145.73564294	0.76377386	23.65014	22.139	20.62049	20.15557	19.45265	1.054188	2.969262	2.968944	2.134282	2.124764	1.671147	-1000	22.157
588848900971430345	145.75150027	0.78360548	23.1533	21.21156	20.59486	20.19512	19.78695	0.8590528	2.969262	3.24735	1.597957	1.832056	1.512849	1.561827	21.20944
588848900971430350	145.75316863	0.67943542	21.84629	20.83005	19.8473	19.29235	19.15418	1.893811	11.30361	2.968944	3.79278	3.669193	6.409338	-1000	20.93263
588848900971430374	145.77722798	0.67817252	24.02431	21.49809	20.55723	20.031	19.74757	0.9181044	0.3364486	2.35838	2.304306	1.867079	1.742203	0.2569272	21.83599
588848900971430392	145.79111799	0.71050881	24.13484	21.76541	20.71476	20.13124	19.9538	1.397864	7.357448	2.968944	3.873693	2.627074	2.060355	-1000	21.77302
588848900971430407	145.80105678	0.676711	22.53992	21.46233	20.14717	19.67866	19.44638	1.09718	2.969262	2.48871	2.344819	2.068934	1.940089	0.2442331	21.56721
588848900971430450	145.82484281	0.74837277	22.75704	21.95378	21.35719	21.12808	21.10307	0.9201751	2.969262	2.968944	2.129346	1.555468	0.03190645	-1000	22.0265
588848900971430452	145.82647733	0.70946256	22.47332	22.27321	23.53726	22.99674	23.20745	1.943504	3.074611	2.968944	11.30617	2.969401	11.30591	-1000	22.11198
588848900971430454	145.8279456	0.64124355	22.14412	21.8541	20.71503	20.54638	20.15886	1.994242	43.75931	2.968944	11.30617	1.499925	1.988519	-1000	22.50787
588848900971430476	145.84264833	0.6993715	23.07675	22.58495	21.7118	20.88575	20.2223	0.9441676	1.129534	2.968944	2.969935	2.846342	3.444538	-1000	22.52768
588848900971430478	145.84374452	0.75955652	23.36158	22.48596	21.45272	20.73303	20.43068	0.8650971	4.583037	2.968944	2.138949	1.450614	1.387065	-1000	23.03208
588848900971430524	145.7198715	0.67439589	25.20639	24.07326	21.85174	20.95073	20.14369	1.795236	2.969262	2.968944	7.359116	3.657192	4.550062	-1000	27.09783
588848900971430527	145.72183555	0.6664122	24.57075	25.43829	22.52887	23.40718	21.66178	0.4714264	2.969262	0.289757	1.274723	2.969401	1.119914	0.2660253	25.12555
588848900971430546	145.74213595	0.67146148	24.62437	24.26496	23.12557	22.28441	23.25718	0.4634511	2.969262	2.968944	1.069357	2.27153	2.969867	-1000	24.50203
588848900971430561	145.75378622	0.75899809	25.36222	25.05812	22.08041	22.25001	20.40013	1.138991	7.357448	2.968944	2.969935	2.969401	0.09464722	-1000	23.45964
588848900971430571	145.75862188	0.70842912	23.46266	23.2596	22.11104	22.40827	21.35631	1.006867	4.583037	2.968944	2.969935	1.019699	1.38268	-1000	22.38281
588848900971430600	145.77781161	0.6706926	25.18791	23.18447	22.55873	21.63845	21.08096	0.7876538	2.969262	2.968944	1.485127	1.513587	11.30591	-1000	23.48702
588848900971430602	145.78070452	0.75717782	23.96684	23.31379	22.01045	21.73523	21.31628	0.7649178	2.969262	2.968944	1.699549	1.588979	1.934858	-1000	23.18808
588848900971430612	145.78499461	0.83688684	24.49847	24.40149	22.02591	21.08516	20.65921	1.033239	4.583037	2.968944	1.877426	1.436852	4.583971	-1000	23.55626
588848900971430652	145.81213296	0.63848469	26.32437	23.24557	22.58464	22.80744	22.28189	0.5555798	2.969262	2.968944	1.287821	1.033866	4.583971	-1000	23.32705
588848900971430653	145.81234222	0.67025907	23.66273	22.93614	22.40327	22.12287	21.63773	0.7573376	2.969262	2.968944	1.625506	1.75452	3.666464	-1000	23.09106
588848900971430699	145.8418131	0.76463951	23.6966	23.18971	21.9534	21.45805	20.96219	4.429412	11.30361	2.968944	11.30617	1.956784	11.30591	-1000	22.9216
588848900971430731	145.85272427	0.80579474	25.15384	22.95582	22.40449	21.93301	22.07108	0.6467108	2.969262	2.968944	1.372104	1.810324	4.583971	-1000	22.88412
588848900971430772	145.74221	0.82069997	24.43332	24.63328	23.64291	21.86858	20.43327	-9999	2.969262	2.968944	2.969935	1.115754	4.488998	-1000	28.56577
588848900971430792	145.76319315	0.70492121	25.72002	24.4479	23.56656	21.73914	21.27382	0.9037604	2.969262	2.968944	2.969935	1.519299	1.115944	-1000	23.46607
588848900971430804	145.77935942	0.81411862	22.81055	22.59701	22.24009	21.16861	22.2993	3.883538	0.7554544	68.28314	2.969935	2.969401	2.969867	-1000	21.77112
588848900971430813	145.7880455	0.67660691	21.64467	22.06826	20.27161	19.09687	20.18195	3.142109	0.1013613	43.75462	2.969935	43.76135	3.004238	-1000	29.88162
588848900971430831	145.81192903	0.77066991	24.56216	22.38995	22.17315	20.96415	20.8681	1.904951	0.7165408	2.968944	11.30617	2.7992	11.30591	-1000	22.54952
588848900971430845	145.83653286	0.69984505	23.76941	24.84557	22.82178	21.41862	21.43152	0.4021121	0.6654368	4.582546	2.086973	1.691291	2.969867	-1000	26.15181
588848900971430871	145.78770573	0.70618628	25.34348	24.80518	24.76248	25.47685	20.17865	0.06529924	2.969262	4.582546	2.969935	4.583251	1.28693	-1000	25.16993
588848900971430877	145.82586313	0.76763801	25.78518	24.22338	25.7613	25.25515	19.4761	-9999	2.969262	2.968944	4.584076	0.1010389	2.316014	-1000	25.1447
588848900971430895	145.71676534	0.81814145	23.2538	23.59579	22.48056	21.87918	21.16674	0.4912374	2.969262	2.968944	1.351361	2.207192	2.202863	-1000	25.58367
588848900971430901	145.79926752	0.73437104	25.6814	25.69641	24.83018	22.0617	21.7343	-9999	2.969262	2.968944	2.969935	1.415241	3.620618	-1000	25.33261
588848900971495501	145.94359475	0.83828598	25.65202	23.55233	21.99652	20.96329	20.18865	1.4795	2.968739	2.968655	2.969973	8.570597	4.467941	-1000	22.88
588848900971495629	145.96890441	0.83396626	21.94495	22.8302	22.2288	21.07391	20.67297	1.736901	2.968739	2.968655	2.969973	3.110445	1.88185	-1000	22.64727
588848900971495696	145.99326408	0.70400462	20.72932	19.13508	18.31876	17.91523	17.6606	2.750458	18.0119	5.411055	5.984848	5.728018	6.131807	0.3128663	19.1366
588848900971495708	145.88302506	0.68539868	22.50601	22.25464	20.55544	19.87308	19.41975	1.062186	2.968739	2.968655	2.255975	1.899074	2.349787	-1000	22.30272
588848900971495750	145.89137649	0.82730151	22.09191	21.21972	20.62195	20.57164	20.20685	0.8952134	2.968739	1.613541	1.840119	1.895427	2.400635	0.2976806	21.18865
588848900971495792	145.99547805	0.67805711	22.02623	23.81965	23.82209	23.76635	23.92263	-9999	1.227383	2.968655	2.969973	0.09774094	2.969172	-1000	23.73954
588848900971495804	145.85366497	0.73989481	24.44418	21.9844	20.74906	19.97462	19.5873	1.377095	2.968739	2.968655	2.856688	2.264627	4.508079	-1000	22.40462
588848900971495823	145.86318358	0.67763902	24.55562	22.79711	21.7226	21.64376	21.24463	0.8144656	4.58223	1.02461	1.904494	2.969034	1.530501	0.1207123	23.15647
588848900971495826	145.86523431	0.74924938	23.42599	22.66981	21.13749	20.56827	20.10058	0.8088648	0.1006491	2.968655	1.692239	1.816392	4.085234	-1000	22.12367
588848900971495833	145.86862696	0.71494912	24.11568	23.56256	22.95319	22.13281	21.6379	0.9779332	2.968739	7.355945	2.969973	1.570688	7.357225	-1000	23.29531
588848900971495840	145.8704341	0.75399346	24.16435	22.95803	22.79493	22.6193	22.61562	0.4835019	2.968739	2.968655	2.969973	1.024399	2.969172	-1000	22.84857
588848900971495842	145.87570541	0.70851758	23.01246	22.35632	21.14108	21.26892	20.9346	0.869978	2.077185	2.968655	1.704884	1.597863	2.796265	-1000	22.32485
588848900971495862	145.88490035	0.83654396	22.6749	22.43714	21.39841	20.67035	20.64388	0.8764617	1.864325	11.3013	2.049145	1.888456	0.9310692	-1000	22.18313
588848900971495892	145.90437079	0.81399582	22.57719	22.05137	21.19934	21.2	20.97363	0.9992589	1.091274	1.239705	1.893239	1.309705	2.816323	0.1355891	22.50329
588848900971495915	145.9203634	0.78904112	23.82862	22.13803	20.53403	20.08558	19.32957	1.206605	2.968739	2.968655	2.678282	2.606364	3.198269	-1000	22.18697
588848900971495925	145.92242897	0.70392368	22.20229	21.82218	20.81207	20.48579	20.29656	0.8934054	2.968739	2.40138	1.798254	1.636499	3.079481	0.3491023	21.64033
588848900971495941	145.9323591	0.67089151	23.44891	22.84458	21.81607	21.42147	21.72753	0.8837512	4.58223	2.968655	1.965209	7.356884	1.128399	-1000	23.03322
588848900971495946	145.93414902	0.6300274	23.68703	21.82786	20.82866	20.51054	23.83014	1.487355	2.968739	2.968655	2.969973	2.969034	0.7289804	-1000	22.16694
588848900971495953	145.93762018	0.65062471	22.91362	21.28184	20.4038	20.12474	19.87943	1.972228	0.9698278	2.968655	4.434554	3.51872	2.886008	-1000	21.5036
588848900971496039	145.98620346	0.7365299	26.71884	22.87044	21.05867	20.50647	20.21661	1.549199	2.968739	2.968655	7.35921	2.575001	1.737165	-1000	23.41311
588848900971496106	145.86313775	0.72970583	25.01836	23.31638	21.45596	20.58572	20.10868	0.882945	2.968739	2.968655	1.870204	1.817654	1.378123	-1000	23.22151
588848900971496127	145.87766986	0.74647148	24.26003	24.05279	22.09023	22.56124	21.25258	1.561541	7.356152	7.355945	2.969973	2.969034	7.357225	-1000	23.52876
588848900971496146	145.89141228	0.76781497	24.52229	25.25462	22.51306	22.41263	21.77211	0.5549518	4.58223	0.279467	2.969973	2.969034	2.206561	1.390777	23.81026
588848900971496150	145.89175183	0.73486864	25.25495	24.78135	21.84933	23.71482	22.97799	2.431393	2.968739	2.968655	7.35921	2.969034	2.969172	-1000	23.1118
588848900971496192	145.91388113	0.81977068	24.8502	23.19072	22.06886	21.06796	20.90896	2.015587	7.356152	2.968655	7.35921	2.539854	0.8651943	-1000	23.78746
588848900971496225	145.92649218	0.71451912	22.74638	23.24771	22.12357	21.62906	20.91239	0.7519079	1.824534	2.968655	1.399251	1.855498	1.714297	-1000	23.32907
588848900971496255	145.9466286	0.63554913	23.21064	22.93541	21.87422	21.87686	21.15084	1.235519	3.122767	2.968655	2.969973	3.442464	0.9312389	-1000	22.94781
588848900971496257	145.9471273	0.69917283	23.43975	23.37589	22.63304	22.07406	22.80597	0.5417981	1.992862	2.968655	1.213326	1.923043	1.119366	-1000	23.08592
588848900971496270	145.95345082	0.77566749	23.67373	22.96189	21.62259	20.34302	19.54931	1.228287	2.968739	2.968655	2.969973	1.846273	1.924106	-1000	22.26314
588848900971496283	145.96310583	0.67845004	23.085	23.0464	21.75376	21.27735	22.34334	0.843071	1.05949	2.968655	2.302733	2.788442	0.1042505	-1000	24.15885
588848900971496288	145.96632794	0.73456028	24.76396	24.60443	22.45005	21.62499	20.65512	0.6159119	2.968739	2.968655	1.414618	2.246228	2.036939	-1000	23.55129
588848900971496303	145.97476807	0.79237302	23.45035	22.7782	21.99305	21.34171	22.58585	0.5378199	2.968739	2.968655	0.9565818	1.832042	0.08534778	-1000	23.51329
588848900971496325	145.98251133	0.79021494	23.40343	22.96096	21.74434	21.12396	20.38539	0.8753037	2.968739	2.968655	1.609955	1.831597	1.776622	-1000	22.96455
588848900971496339	145.99029672	0.70558525	24.92418	23.7673	22.34002	21.87376	20.97253	1.315483	0.6051238	2.968655	2.969973	1.667591	0.9291542	-1000	24.09661
588848900971496408	145.88825845	0.76977179	25.85989	25.16081	24.97147	21.94926	21.16073	0.1818346	2.968739	2.968655	0.2569407	1.219138	2.20752	-1000	23.34884
588848900971496415	145.89299851	0.69589203	24.22513	24.2065	22.72866	21.9047	21.84177	0.4815853	2.968739	2.968655	1.041539	1.950927	2.969172	-1000	25.04831
588848900971496455	145.96204286	0.79285911	24.70461	25.27055	22.97687	21.50541	21.03806	1.636759	2.968739	2.968655	0.7800977	1.41374	3.843559	-1000	25.66193
588848900971496522	145.9283132	0.78224919	23.7908	23.3728	23.11324	21.65079	21.8853	1.768635	2.968739	2.968655	11.30632	1.881474	1.178666	-1000	23.99047
588848900971560978	146.02092184	0.73354801	17.42073	15.30125	14.31706	13.8282	13.46302	4.998826	7.351298	12.71592	13.03901	13.18768	11.63645	0.2406937	15.36442
588848900971560991	146.01895797	0.73238516	21.38923	25.10019	24.78753	24.35129	22.8135	3.923678	2.859728	2.968987	2.969686	2.969397	2.968729	-1000	25.10006
588848900971561054	146.10092605	0.81325511	24.00955	23.31855	21.92663	21.04932	21.48997	1.065935	0.1016634	2.968987	2.200884	2.819394	3.288285	-1000	23.19926
588848900971561075	146.11706974	0.68639224	24.30592	23.90676	22.45858	21.21446	20.36458	0.6564127	2.969659	2.968987	1.307367	1.379331	3.400538	-1000	24.24268
588848900971561081	146.12076159	0.69070111	24.96834	22.94672	21.88326	19.93351	24.74346	2.3319	2.969659	2.968987	2.969686	2.969397	0.2756526	-1000	23.8461
588848900971561128	146.14124419	0.70594735	22.08028	21.08332	20.94355	19.71342	20.46265	1.964899	43.76516	27.9125	2.969686	18.14415	18.01184	-1000	20.50731
588848900971561156	146.15237252	0.67361056	22.66413	22.26354	21.24619	21.22994	20.55661	0.7836315	2.969659	1.356017	1.55056	1.971408	1.562185	0.1738148	22.65929
588848900971561178	146.02011827	0.70190751	23.07593	22.40504	21.35432	20.95842	20.5746	0.8404194	2.117787	2.968987	1.919649	1.696596	1.724866	-1000	22.25589
588848900971561253	146.15044425	0.82010023	18.66438	17.42833	16.69274	16.23591	15.96177	2.311547	3.810361	5.551715	5.951676	5.451882	4.69416	0.2207465	17.49751
588848900971561294	146.07998718	0.7014843	22.73135	21.34546	19.5806	18.86761	18.47614	1.345239	18.01748	2.968987	2.975797	3.514528	3.55977	-1000	21.04767
588848900971561302	146.08664237	0.71638306	21.48023	19.62124	18.65712	18.16635	17.59579	2.002901	0.0932903	3.883791	4.525089	3.265373	2.906478	0.3037908	19.48436
588848900971561308	146.10375121	0.79019107	22.46958	20.62804	19.65412	19.21251	18.90252	1.118014	1.586481	2.301706	2.378107	2.038354	2.687784	0.1789947	20.62427
588848900971561312	146.11626929	0.78074945	23.99431	22.82512	22.22748	22.36005	21.20506	0.991035	0.2903114	2.968987	2.969686	2.969397	1.519835	-1000	22.89901
588848900971561332	146.04278617	0.76185386	22.24814	21.96254	21.08896	20.79469	20.13644	0.9565138	1.516739	1.615888	2.139296	1.631201	3.12528	0.2353394	22.03372
588848900971561376	146.02701357	0.78157267	25.80042	22.29777	21.39041	20.60603	20.37993	1.668759	2.969659	2.968987	7.3585	3.647131	3.009581	-1000	22.53329
588848900971561377	146.02633752	0.78213796	21.97945	21.84907	22.16793	21.95178	22.35472	1.023907	2.969659	2.968987	2.969686	2.969397	2.968729	-1000	21.99564
588848900971561444	146.00809378	0.78968418	24.12999	22.95719	22.22563	21.90637	21.62039	0.6480901	2.969659	2.120007	1.176968	2.969397	0.09244963	1.976121	22.67726
588848900971561455	146.01554837	0.78676201	24.13464	22.39314	21.55265	21.35217	20.76823	0.9707018	2.969659	2.968987	1.827025	2.342105	3.406578	-1000	22.52074
588848900971561457	146.01847533	0.67227573	24.05363	22.98492	22.75471	22.4782	23.16842	0.7986571	2.969659	2.968987	2.969686	1.728776	0.09482757	-1000	23.62583
588848900971561466	146.0254293	0.68328846	22.80918	22.40575	21.51314	21.75702	20.94928	1.451817	2.969659	1.133056	2.969686	2.969397	2.862504	0.1674429	22.32161
588848900971561481	146.0380308	0.80845514	23.10042	22.52606	22.12475	22.28789	22.1874	0.6543875	2.969659	1.455058	1.528469	2.969397	1.105453	0.1943055	22.65456
588848900971561492	146.04097786	0.64860941	23.53023	21.71356	21.0037	20.83761	20.46936	0.6059026	2.969659	1.459529	1.223408	1.411188	3.648419	0.3046692	21.76445
588848900971561503	146.04784426	0.82789685	25.68069	22.21562	20.37235	19.61931	19.02197	1.186312	2.969659	1.309605	2.518574	1.679336	2.580321	0.2250064	22.14918
588848900971561509	146.05181334	0.76514758	23.41588	21.4134	20.18172	19.72441	19.4395	1.500078	2.969659	2.968987	2.885743	27.91635	1.793262	-1000	21.57268
588848900971561534	146.0650621	0.80641812	22.90171	21.8003	20.08673	19.35933	18.98298	0.9718394	27.91881	2.179645	1.876673	2.21922	6.594386	0.588367	21.87914
588848900971561619	146.10981857	0.81082946	26.13043	21.62409	19.7422	19.04566	18.56258	1.577664	2.969659	2.968987	3.552534	3.225891	3.097671	-1000	21.47032
588848900971561630	146.11381928	0.75812334	24.6935	24.0412	23.12187	21.47124	20.88806	1.591439	0.5840089	2.968987	2.969686	2.495413	1.218473	-1000	23.88884
588848900971561646	146.12225121	0.75759251	22.2764	21.20976	20.25374	19.92398	19.78452	0.9886082	18.01748	2.084731	2.173711	1.979044	2.64027	0.4185187	21.09706
588848900971561664	146.13594643	0.6923708	23.99367	22.21486	24.86049	24.22641	22.91566	-9999	2.969659	1.382056	4.583692	2.969397	2.968729	0.1618549	22.39076
588848900971561701	146.14836082	0.78755247	22.6774	22.7562	21.36581	21.32471	20.89996	0.9358012	2.969659	2.968987	1.739118	1.696478	1.66874	-1000	22.79329
588848900971561706	146.14953983	0.76073342	22.44019	21.28786	20.13093	19.60938	19.07599	1.192773	0.06714997	2.968987	2.558874	2.255485	2.196279	-1000	21.06395
588848900971561708	146.15051866	0.71951348	22.96987	22.1987	20.51172	19.86049	19.26357	1.094484	1.136107	0.07314494	2.514749	2.51302	1.772975	0.0462576	23.72478
588848900971561712	146.15105518	0.7455125	25.58387	22.27695	20.62447	20.10321	19.63973	0.7998273	2.969659	1.603262	1.499921	1.526611	6.128488	0.2583103	22.30878
588848900971561743	146.01106266	0.8170363	22.73309	21.14119	19.92506	18.86483	21.28561	6.071856	18.01748	1.885914	18.01764	43.7613	1.68936	0.8631183	20.81273
588848900971561747	146.01317711	0.76863197	21.23903	21.24295	20.3901	19.92213	19.46547	8.273886	43.76516	43.75525	43.76556	4.83251	0.1072124	-1000	28.5303
588848900971561748	146.01517874	0.63004904	23.97614	23.19054	21.25074	20.59133	19.89252	1.14769	7.358431	2.968987	2.969173	1.492465	2.941355	-1000	24.61745
588848900971561786	146.03783362	0.67448765	26.49775	22.41358	21.40377	20.78691	20.77144	0.8156152	2.969659	2.968987	1.345902	27.91635	0.9725596	-1000	23.21909
588848900971561852	146.07143728	0.82027112	25.65345	23.26646	21.84053	21.79158	21.7555	1.402218	7.358431	2.968987	2.969686	2.969397	7.356129	-1000	25.01101
588848900971561865	146.07999348	0.6924415	25.77231	23.46031	22.2253	21.69327	21.33421	0.4439321	2.969659	0.9022567	1.280387	1.724382	2.658664	0.7786732	23.31351
588848900971561890	146.09005717	0.70283378	24.40373	23.49692	22.83014	22.28341	22.5409	-9999	2.969659	2.968987	2.969686	1.658177	2.968729	-1000	22.94439
588848900971561897	146.09328775	0.82734048	24.94196	23.48291	21.69802	20.92141	20.26998	0.7452115	2.969659	2.968987	1.487174	1.757981	1.096424	-1000	23.3686
588848900971561928	146.10390972	0.81761321	23.65741	25.56545	22.35214	21.8153	20.93105	0.5925566	2.969659	2.968987	1.724441	1.9484	1.587339	-1000	28.01962
588848900971561959	146.12113922	0.74774014	24.92638	24.84954	22.04316	22.55644	22.27031	0.7298558	2.969659	2.968987	1.801175	2.969397	2.968729	-1000	22.27564
588848900971561962	146.12337484	0.79759734	23.04678	23.05668	21.96558	21.65827	21.59121	0.9931411	2.969659	2.968987	1.953648	1.174399	2.968729	-1000	22.7847
588848900971561968	146.12524864	0.77546867	22.81298	22.70481	22.08799	20.56156	21.23605	1.092878	18.01748	2.968987	2.969686	2.969397	1.09861	-1000	23.43964
588848900971561988	146.13653233	0.66233282	24.79457	23.45164	22.19602	21.78482	21.98439	1.046438	2.969659	2.968987	4.583692	1.485291	0.6605412	-1000	23.06242
588848900971561989	146.13699573	0.73639136	25.62597	23.28898	22.59961	21.80081	22.90377	-9999	0.1082829	11.30256	2.969686	2.337677	0.2506041	-1000	22.33118
588848900971562062	146.04145611	0.75578084	23.97258	25.11448	22.69901	21.97735	21.09561	-9999	0.7879831	2.968987	1.79715	2.969397	11.30158	-1000	27.60024
588848900971562067	146.04614548	0.7844368	23.55299	23.07637	22.94561	21.53275	21.49255	0.5892258	4.58365	2.968987	2.969686	2.450799	1.10687	-1000	23.39031
588848900971562104	146.08324097	0.62946072	24.56537	26.11395	23.46255	21.86914	21.67155	1.275268	0.1086103	2.968987	0.7640238	1.584437	2.311934	-1000	24.67963
588848900971562113	146.09702738	0.74840108	25.06218	24.39313	23.10829	21.15569	20.97547	3.424102	2.969659	2.968987	2.969686	2.501359	1.424297	-1000	25.54096
588848900971562138	146.12236047	0.74165521	25.53141	24.02856	21.47072	20.63383	20.44239	4.031782	2.969659	0.2918336	2.969686	1.593256	11.30158	0.1017623	27.5789
588848900971562149	146.13983515	0.66278818	23.74661	25.55923	23.58141	21.89434	21.77685	-9999	2.969659	7.356766	0.7555274	2.969397	0.9948111	-1000	25.38554
588848900971562164	146.02308883	0.69521124	22.9569	24.71793	26.64653	25.38822	19.64273	-9999	1.213001	2.968987	0.2640134	2.969397	7.356129	-1000	23.47309
588848900971562181	146.00783639	0.73834364	23.34792	22.71829	23.20865	22.2382	22.49396	3.113424	0.6043004	2.968987	4.583692	1.382793	4.582215	-1000	22.81611
588848900971626514	146.15849519	0.67568176	24.19439	25.37589	25.41432	21.52324	21.4295	1.848311	4.583613	4.583377	2.969968	2.969421	2.969111	-1000	24.88324
588848900971626526	146.16620389	0.792772	22.40741	21.60328	20.19384	20.80506	19.67517	0.7355452	1.806859	1.38106	1.419195	1.374772	1.457331	0.1212095	21.74866
588848900971626530	146.1645526	0.78972662	19.31923	18.27281	17.12224	16.56623	18.67553	8.942285	27.91859	27.91715	27.92172	2.969421	2.550035	-1000	18.70594
588848900971626537	146.1770047	0.79406674	23.14897	24.96353	23.51866	20.79808	23.30673	1.306553	2.969635	2.969482	2.969968	2.922306	2.969111	-1000	24.32909
588848900971626588	146.23699771	0.75543343	23.57409	22.82557	21.84976	21.76225	21.45188	0.9219251	2.969635	1.155367	2.969968	2.969421	3.279123	0.2080583	23.3303
588848900971626589	146.23947917	0.75375053	22.39408	22.20086	21.52401	20.91385	21.45304	1.607294	2.969635	2.969482	2.969968	2.481748	1.055623	-1000	22.22385
588848900971626629	146.29500066	0.75130805	23.76745	23.58974	21.46307	20.36371	19.66869	0.9348398	2.969635	18.01641	1.871203	3.642569	1.693544	-1000	23.10779
588848900971626668	146.15711979	0.83763317	22.4561	21.99323	21.10333	20.40574	20.15647	1.639914	2.969635	2.969482	2.969968	2.463149	3.198445	-1000	21.81075
588848900971626695	146.23224476	0.81952718	25.24775	23.08614	21.30331	20.67689	20.22142	0.8690102	2.969635	2.969482	1.927886	1.753747	1.517576	-1000	23.46457
588848900971626742	146.18422157	0.70225742	21.6167	20.41446	19.22353	18.70832	18.34588	1.802525	11.30503	2.969482	5.826525	3.841062	3.807589	-1000	20.01863
588848900971626746	146.18970617	0.76860297	22.33695	20.63244	19.58718	19.09755	18.7325	1.095375	2.969635	2.357568	2.317828	2.163942	2.289341	0.2153609	20.63562
588848900971626782	146.29937838	0.65396892	21.54677	22.96292	22.96659	22.3856	21.08837	1.460465	3.339372	2.969482	0.09581348	2.209506	4.582804	-1000	22.53782
588848900971626886	146.17069838	0.8164222	23.06949	22.66744	22.19088	21.96809	20.87623	0.6114944	2.969635	1.810045	1.099473	2.16877	2.176382	0.3189117	22.5441
588848900971626887	146.17107821	0.65210409	23.71032	22.74923	22.12464	21.59168	21.49269	1.066138	2.969635	2.969482	2.969968	2.114638	4.512897	-1000	22.23141
588848900971626895	146.17718507	0.67724525	24.86972	22.21767	21.11231	20.48958	20.08181	1.163424	2.969635	2.969482	2.46565	1.922674	2.603565	-1000	22.03606
588848900971626901	146.17987808	0.70417768	23.40622	21.88731	20.3422	19.69326	19.34748	0.9451804	2.969635	2.169329	2.040575	2.159025	1.717432	0.3980351	21.9278
588848900971626918	146.18811308	0.74105143	23.67268	22.09338	21.2326	21.16591	20.71401	1.169737	2.969635	2.969482	2.845907	3.069567	7.357073	-1000	22.19787
588848900971626943	146.19268886	0.70239433	24.59277	23.96217	22.46064	22.74906	21.71068	0.7505993	2.969635	2.969482	1.419042	2.969421	2.969111	-1000	24.06218
588848900971626945	146.19409403	0.79748926	22.56398	21.9077	20.13792	19.50001	19.18221	1.060004	2.969635	2.969482	2.186299	2.473254	3.415015	-1000	21.80958
588848900971626955	146.19811446	0.65315689	25.12752	22.50832	20.75556	20.09344	19.50003	1.174574	2.969635	2.969482	3.041985	2.224406	1.956562	-1000	23.5415
588848900971626963	146.19968267	0.7266058	23.21322	22.64184	21.0039	20.55506	20.22826	0.8745469	2.969635	2.969482	1.927531	1.514011	1.838211	-1000	22.43617
588848900971626968	146.2033945	0.64065426	24.04092	22.65948	22.02215	21.94181	22.41088	0.5886128	2.969635	2.969482	1.102589	1.520345	4.582804	-1000	22.61786
588848900971627020	146.23646754	0.66608398	22.18596	21.96789	21.50944	21.0738	21.24906	1.147661	4.583613	7.357994	2.492796	2.548465	2.969111	-1000	22.01814
588848900971627028	146.2415315	0.76611754	23.84876	24.09303	21.98035	22.4864	22.60784	1.324533	2.969635	4.583377	2.969968	0.05095449	4.582804	-1000	24.42014
588848900971627078	146.28546024	0.68009688	22.98503	21.86774	20.58625	20.17519	19.78149	0.8662376	2.969635	1.910597	1.634627	1.828481	1.544416	0.2584519	21.78117
588848900971627126	146.15987215	0.73486286	24.23766	26.44072	22.13637	24.64263	24.41926	0.639348	18.01734	2.969482	1.293795	0.2889018	0.2762952	-1000	24.90737
588848900971627170	146.18466688	0.83415434	22.61543	22.31709	21.00037	20.42271	20.31695	1.333127	0.7116501	2.969482	2.305878	1.980573	2.047018	-1000	24.38889
588848900971627235	146.21359497	0.7508718	22.63072	22.80375	21.77518	21.21111	20.76312	1.043822	2.969635	2.969482	1.970834	1.784532	3.676567	-1000	22.62911
588848900971627241	146.21634066	0.73999944	24.65674	22.25392	21.55022	22.45696	24.34074	1.342972	2.969635	2.969482	2.969968	1.020891	4.582804	-1000	22.62969
588848900971627258	146.23370951	0.73731147	24.59742	23.40416	21.38656	20.99795	20.54866	0.7805845	4.583613	2.969482	1.624152	1.293361	3.997449	-1000	24.86945
588848900971627305	146.26755225	0.64999689	25.24255	23.97529	22.36384	22.09464	21.77781	0.5448608	2.969635	11.30445	1.161427	1.711513	4.582804	-1000	23.54992
588848900971627313	146.27131627	0.80168527	22.94862	22.79113	21.50166	21.05232	20.35723	1.208453	2.969635	2.969482	2.969968	11.30422	68.28699	-1000	23.31145
588848900971627318	146.27359367	0.83279364	23.70069	23.201	21.37486	20.45621	19.79863	1.182754	2.969635	2.969482	2.969968	1.676357	4.576238	-1000	22.65231
588848900971627344	146.28452753	0.76978363	24.31887	22.48536	20.59486	20.08863	19.51363	1.449799	2.969635	2.969482	2.877207	2.189543	2.828498	-1000	22.51732
588848900971627361	146.29584266	0.81168335	23.82404	22.85672	21.47099	22.24552	21.35852	1.366343	2.969635	2.969482	2.969968	1.279602	1.803413	-1000	23.52386
588848900971627365	146.29955481	0.82788614	23.47902	23.29317	21.81079	20.89907	20.23804	0.8852512	0.6685916	2.969482	1.820027	2.460788	1.975101	-1000	23.43962
588848900971627385	146.16084603	0.66488174	25.06427	23.66515	24.15807	21.98911	22.55714	1.896215	2.969635	18.01641	2.969968	1.9069	4.582804	-1000	23.32631
588848900971627419	146.20367973	0.69060192	24.12596	23.96844	22.98156	21.57569	21.2505	-9999	4.583613	2.969482	0.9102887	2.26693	0.7563632	-1000	25.22577
588848900971627474	146.29596995	0.67963019	24.35065	24.59941	23.81734	22.10948	22.17213	1.106516	0.02087466	2.969482	2.969968	2.969421	1.123933	-1000	25.88406
588848900971627521	146.2750419	0.82756509	26.87727	23.63183	22.70277	20.85205	23.26004	-9999	4.583613	2.969482	2.969968	2.191864	2.969111	-1000	22.68126
588848900971627538	146.16777389	0.72500643	25.84682	26.64111	26.40544	26.47201	20.03778	-9999	4.583613	4.583377	2.969968	2.969421	2.337674	-1000	26.28178
588848900971627540	146.17255772	0.7702695	25.69349	26.108	27.57698	26.98584	18.7989	-9999	2.969635	2.969482	2.969968	2.969421	4.582804	-1000	24.97087
588848900971692052	146.31097068	0.63224545	24.93439	23.91797	22.2087	21.70983	20.42179	0.8487524	2.96928	2.969244	1.838905	1.807319	3.256423	-1000	24.43895
588848900971692089	146.3975459	0.66163648	23.04686	23.84216	22.42466	21.72725	21.053	0.7496603	2.96928	2.969244	2.969987	2.317095	2.75855	-1000	24.53084
588848900971692107	146.42844812	0.73765224	22.46643	23.56827	22.05276	20.94972	20.58479	0.8813505	2.347862	2.969244	2.192084	2.612523	2.324723	-1000	22.5609
588848900971692115	146.4482626	0.82354327	22.81	20.10891	18.86284	24.35885	18.03932	1.315357	1.072107	1.378873	6.595912	2.969802	1.375475	0.07922928	19.95649
588848900971692116	146.45183382	0.82164913	22.41796	19.99052	18.72963	18.56062	17.54828	2.81067	2.96928	2.969244	2.969987	2.969802	4.576293	-1000	20.72824
588848900971692121	146.44417596	0.82076653	24.23378	22.02492	20.83651	21.37858	20.16848	1.322923	2.96928	2.969244	2.969987	1.581964	2.635887	-1000	22.05536
588848900971692191	146.378451	0.6942078	24.8317	22.59187	21.9852	21.33497	21.14068	1.017057	2.96928	2.969244	2.157127	3.036146	10.20738	-1000	22.3586
588848900971692277	146.37774594	0.66694779	21.89611	19.7566	18.56958	17.96868	17.55104	1.941629	2.040049	4.347276	4.349348	4.375401	3.857029	0.439086	19.62628
588848900971692304	146.37501089	0.67870011	23.24299	21.56723	19.98929	19.32092	18.9494	1.126994	7.357492	2.969244	2.306076	2.091566	2.142936	-1000	21.28323
588848900971692329	146.37049519	0.65414292	21.36219	24.04743	25.51215	24.17231	24.05786	-9999	1.306261	4.58301	2.969987	2.969802	2.969163	-1000	23.89065
588848900971692344	146.39274634	0.79398385	21.72274	24.69752	24.47944	25.56755	22.3087	0.3872704	2.96928	2.969244	2.969987	7.358787	1.447016	-1000	25.36336
588848900971692396	146.3272819	0.7855882	22.08499	21.46123	20.07742	19.36714	18.73055	1.801478	2.96928	18.01497	2.969987	3.041767	3.762829	-1000	21.64479
588848900971692402	146.32961356	0.81891229	23.33596	21.7385	20.29396	19.68222	19.14771	1.064626	0.7915612	1.910213	2.302118	1.965916	2.471111	0.3580571	21.9394
588848900971692404	146.3294648	0.76275068	23.2421	22.34366	24.32181	23.16101	23.67659	-9999	2.96928	2.969244	2.969987	2.969802	2.969163	-1000	22.76817
588848900971692413	146.33714467	0.66613963	23.51958	22.35939	21.27287	21.17042	20.37912	1.002389	4.583065	2.969244	3.04175	2.806637	1.981183	-1000	22.84741
588848900971692428	146.34632587	0.69218606	24.88345	22.81149	21.70731	21.1063	21.01569	0.8021484	2.96928	2.969244	1.545345	1.649474	2.138872	-1000	22.89573
588848900971692448	146.37083276	0.64739468	22.85531	22.66878	21.75488	21.26529	21.10361	1.138256	1.12129	2.969244	2.41257	1.506506	1.906976	-1000	22.60717
588848900971692449	146.37327155	0.71999218	23.91505	22.44172	21.48149	21.03492	20.39152	0.8026112	4.583065	2.969244	1.84283	1.773551	2.953803	-1000	22.45383
588848900971692470	146.38976317	0.63791204	25.74316	23.47351	21.40027	20.9662	20.65162	1.020175	2.96928	2.969244	2.004279	1.766409	1.179445	-1000	23.57793
588848900971692525	146.43393276	0.81747071	24.35407	22.75942	22.15887	22.0195	21.19644	0.9306625	4.583065	2.969244	1.671993	2.092045	1.601329	-1000	23.95338
588848900971692562	146.3070191	0.67406311	25.82776	23.62522	21.95134	21.66269	21.01501	0.6377045	2.96928	2.969244	1.429834	1.874575	1.688325	-1000	24.16839
588848900971692587	146.32441718	0.64212287	22.95251	23.28575	22.38357	22.07831	22.4814	0.7665266	0.6479211	2.969244	1.545547	1.738124	4.582884	-1000	23.37589
588848900971692592	146.32766124	0.78163237	23.55531	22.96932	21.11619	20.30582	19.7901	0.9384963	0.7353318	2.969244	2.131538	1.883528	1.532627	-1000	23.28217
588848900971692593	146.3291321	0.66994055	23.3482	22.57302	21.33353	20.47224	20.38369	1.194649	2.96928	1.806581	2.500597	2.906768	2.969163	0.8364403	21.82756
588848900971692627	146.34861156	0.80181936	24.49317	23.27795	21.82337	21.36999	20.78906	0.7802804	4.583065	2.969244	1.741247	1.30452	1.806644	-1000	23.6872
588848900971692648	146.36046538	0.6328429	24.47562	23.59024	22.19486	22.34943	22.70511	0.5944526	0.2558517	2.969244	1.396662	2.189568	2.761447	-1000	22.99896
588848900971692652	146.3628414	0.6959488	23.25729	24.09295	21.75241	21.13447	20.94543	0.8187765	11.30368	2.969244	2.115572	1.74439	0.860666	-1000	23.95411
588848900971692679	146.38477908	0.6645019	22.50751	23.50038	22.42463	22.05805	22.21938	0.6085255	1.133739	2.969244	1.31037	0.9806702	1.037779	-1000	24.03485
588848900971692701	146.39707067	0.7671749	29.86005	18.37218	17.81021	17.78884	17.82171	22.46847	0.6980116	68.29006	68.30714	68.30289	2.969163	-1000	18.52992
588848900971692768	146.42984797	0.69679839	24.40358	23.58229	22.41336	21.85964	21.09248	0.7422805	2.96928	4.58301	2.969987	1.341979	1.248694	-1000	22.32133
588848900971692816	146.45101683	0.73125527	23.30727	23.58943	22.27842	21.80907	21.35296	0.5575091	4.583065	2.969244	1.520333	1.340333	2.012455	-1000	24.76913
588848900971692888	146.38626391	0.70935862	22.43355	23.38156	22.58725	21.65549	21.05907	0.8479084	2.96928	18.01497	2.969987	1.374288	3.049384	-1000	23.27624
588848900971692915	146.43217663	0.76495782	26.26195	23.37441	22.8692	21.48503	20.71445	0.4574676	2.96928	1.156528	0.9812546	1.53882	27.91415	1.06667	23.70824
588848900971692919	146.43371368	0.73020818	23.78527	26.68382	22.17734	20.66418	24.59548	0.6618699	2.96928	2.969244	27.9219	27.92016	0.3064782	-1000	28.75231
588848900971692921	146.43437488	0.63765358	25.6524	25.31714	23.09377	22.01102	22.89631	0.2678753	2.96928	2.969244	2.969987	3.056896	2.969163	-1000	22.5329
588848900971692922	146.43467415	0.65418433	26.66034	24.82583	22.62173	21.14389	20.64578	1.424496	2.96928	2.969244	2.969987	2.535378	1.617277	-1000	23.34878
588848900971692932	146.44386649	0.79318013	25.73384	24.22393	23.45461	21.91276	21.79741	-9999	2.96928	2.969244	0.8362736	2.969802	3.054423	-1000	25.8199
588848900971692967	146.33621525	0.71392274	21.42922	23.70038	23.89634	23.79824	23.11669	2.822148	7.357492	2.969244	2.969987	2.969802	2.969163	-1000	23.06781
588848900971692975	146.42140107	0.71180585	23.31013	23.49158	21.92743	22.16193	22.69995	1.437898	7.357492	11.30354	2.969987	2.969802	2.969163	-1000	22.92398
588848900971692978	146.43739292	0.78522152	26.19452	23.82587	21.59245	21.73604	21.13094	1.435419	2.96928	4.58301	2.969987	1.322145	2.969163	-1000	23.36313
588848900971692987	146.40043831	0.64367242	24.32275	22.97986	22.03949	20.84241	20.93679	0.9993405	7.357492	7.357404	2.969987	1.775906	2.474485	-1000	23.09339
588848900971757578	146.45318117	0.82943543	25.51555	25.36177	22.58117	21.49097	20.97762	0.4532914	2.969042	2.968751	0.878717	2.969432	0.9854802	-1000	26.28819
588848900971757616	146.51055219	0.7860974	22.27046	22.72081	20.9073	20.21242	19.58335	1.328222	0.09925105	27.91028	2.932284	3.31733	2.44945	-1000	22.18661
588848900971757757	146.45397233	0.7376196	21.66604	20.36879	19.55577	19.11261	18.84429	1.046666	1.895985	2.142565	2.082074	2.210157	1.80252	0.1104826	20.40211
588848900971757766	146.50277058	0.82677603	23.21398	20.5341	18.80676	18.13201	17.67878	1.48143	0.9200209	3.449557	3.075437	3.159599	15.56644	0.4832886	20.66377
588848900971757856	146.52677613	0.65420729	22.27283	25.35407	24.42537	23.93319	22.40241	1.198374	1.214273	2.968751	4.583429	2.969432	0.7072295	-1000	25.08073
588848900971757883	146.4615654	0.70346117	22.44785	20.68476	19.77529	19.39374	19.14793	1.122003	11.30277	2.421145	2.268132	2.168839	2.381354	0.1416074	20.79085
588848900971757925	146.49131553	0.7548858	24.22199	22.36961	21.24769	20.94581	20.29747	1.380882	2.969042	27.91028	2.969516	2.899791	11.30284	-1000	21.88096
588848900971757940	146.50447413	0.80455317	24.89998	22.43508	21.46762	21.02027	21.41334	1.302482	2.969042	2.968751	7.358078	1.94654	7.356949	-1000	22.912