588848900971299285	145.45976231	0.8242945	23.25932	22.32047	21.76662	21.43563	21.01252	1.993964	7.356313	2.969576	2.969621	7.357649	1.969448	-1000	22.40949
588848900971299301	145.47540241	0.69888989	23.48812	22.6363	21.04421	20.53455	20.02859	0.8442046	1.081055	2.969576	1.677963	1.459948	2.048386	-1000	22.65679
588848900971299334	145.50227442	0.66003411	23.33905	22.43818	21.12033	20.64142	20.11884	1.049067	2.968804	2.969576	2.267951	1.603164	1.930194	-1000	22.59579
588848900971299337	145.50248673	0.6850397	23.12434	22.35061	21.52618	21.37423	20.84799	0.984571	7.356313	2.969576	2.188154	2.969343	1.882568	-1000	22.03525
588848900971299347	145.50922819	0.6416901	22.89446	22.50301	22.13184	21.80675	21.23432	0.9529259	1.643323	2.969576	2.969621	1.430707	2.138414	-1000	23.03141
588848900971299353	145.5168146	0.66854875	23.93357	22.75937	21.39329	20.91275	20.45863	0.8171529	11.30187	11.3048	1.574845	2.53337	3.55113	-1000	22.65664
588848900971299365	145.52946038	0.81073494	24.86282	22.59787	21.51553	21.36976	21.28215	0.9448151	2.968804	2.969576	1.940939	2.074102	3.983443	-1000	23.93932
588848900971299386	145.54846389	0.69777642	22.84523	22.29826	21.40981	21.08878	20.54241	1.012359	7.356313	2.969576	2.511202	2.513812	2.901976	-1000	22.4416
588848900971299389	145.54954276	0.70376929	23.38449	22.64794	21.45666	21.06194	21.14985	1.029358	2.968804	2.969576	2.373986	1.878305	2.969238	-1000	22.74034
588848900971299430	145.42075365	0.813984	23.71976	23.44562	22.23116	21.91355	22.05896	0.6506212	0.06705278	0.8298092	2.969621	1.683721	1.052186	0.7440393	22.66797
588848900971299435	145.42819561	0.66960458	22.16937	22.12576	20.63923	20.13736	20.60408	4.72834	1.074465	0.1007284	18.01725	43.7605	2.969238	0.04295263	21.73977
588848900971299438	145.43358031	0.80337506	22.93598	22.4724	21.40861	22.00551	21.13297	2.136418	2.968804	2.969576	7.358338	2.969343	0.6630611	-1000	22.37182
588848900971299439	145.43448561	0.83551212	24.3733	23.12918	22.26264	22.19874	21.44239	0.7038131	2.968804	2.969576	2.969621	2.969343	1.860468	-1000	23.67183
588848900971299440	145.43470618	0.82749359	24.76663	23.25394	21.34079	21.12908	20.42917	1.029968	2.968804	2.969576	2.969621	2.030122	1.682418	-1000	22.77172
588848900971299456	145.44963436	0.83204597	23.80326	23.71818	21.74326	21.23954	20.73807	0.8943661	2.968804	0.6706749	2.158126	1.116306	1.104367	0.3301461	22.37257
588848900971299457	145.45012326	0.73053137	22.90536	23.98158	21.3965	20.62963	20.24568	1.10416	2.968804	2.969576	2.969621	2.061475	3.192441	-1000	22.9837
588848900971299473	145.4635014	0.66926472	23.90391	23.13527	21.65048	21.32339	20.9575	1.051067	2.968804	0.09587904	2.506402	2.687082	1.20326	0.05190588	22.57183
588848900971299484	145.48211917	0.83878072	25.80152	23.41142	22.15677	22.17029	21.88067	1.603994	2.968804	2.969576	7.358338	2.969343	2.969238	-1000	23.20848
588848900971299491	145.48839722	0.78773458	23.84792	23.34747	21.74711	21.33248	21.15536	1.498724	2.968804	2.969576	2.969621	1.956842	1.874886	-1000	22.65935
588848900971299500	145.49498644	0.75689216	25.34508	23.33305	22.17088	22.08893	22.30173	0.8218986	2.968804	2.969576	1.843609	1.238307	2.969238	-1000	23.68065
588848900971299518	145.50792625	0.69715671	22.95144	22.78126	21.57048	21.57692	21.64524	1.767604	18.01229	2.969576	2.969621	2.969343	1.510867	-1000	22.58522
588848900971299529	145.51822309	0.76861513	23.97785	22.55872	20.70843	20.06079	19.38244	1.754943	2.968804	11.3048	2.969621	2.770947	4.075651	-1000	22.04518
588848900971299531	145.52070698	0.78911291	23.78153	22.84196	22.02591	21.99368	22.67419	0.7085745	2.968804	2.969576	1.220088	2.969343	4.583	-1000	22.92706
588848900971299551	145.53204404	0.66623645	26.12676	22.67513	20.65491	19.79901	19.35809	1.220347	0.1079666	2.969576	2.605565	2.126887	3.751154	-1000	22.56481
588848900971299553	145.5328557	0.73742912	24.62729	23.24893	22.05316	22.11275	21.03881	0.7109339	4.58233	2.969576	1.233709	2.108019	2.010997	-1000	22.95362
588848900971299567	145.54297077	0.64004697	23.67996	25.46742	21.22198	20.76998	19.85866	2.534539	2.968804	7.358226	7.358338	1.733749	3.945348	-1000	25.55144
588848900971299570	145.54438936	0.7533292	24.58098	23.93876	21.20987	21.4096	20.64991	2.384417	7.356313	7.358226	7.358338	2.969343	0.9759948	-1000	23.35978
588848900971299621	145.43469506	0.75789562	27.66685	21.66962	22.06435	19.58289	24.81353	5.07834	27.91078	27.91804	27.91846	2.969343	27.91486	-1000	22.53455
588848900971299652	145.48800841	0.67818894	26.01052	23.82951	22.64185	21.73419	21.78361	0.5434768	2.968804	2.969576	1.143132	1.081273	2.969238	-1000	25.0126
588848900971299725	145.54304339	0.71302757	23.13484	23.25957	22.55863	21.84712	21.22829	0.766938	2.968804	2.969576	2.969621	1.98552	1.4069	-1000	25.08102
588848900971364374	145.56012547	0.6814682	22.80619	22.10335	21.6747	24.29543	22.46387	1.615226	2.969064	2.969459	2.970076	2.96966	2.969321	-1000	22.23281
588848900971364376	145.5574712	0.6850653	25.72916	23.85087	23.43077	21.3915	22.93071	1.76981	4.582732	2.969459	2.970076	2.664793	0.9943619	-1000	23.74727
588848900971364408	145.58177059	0.64713198	22.29371	21.21034	21.61492	19.64669	21.00022	-9999	0.08497506	2.969459	2.970076	18.01749	1.744998	-1000	21.26243
588848900971364424	145.61055462	0.79047198	23.28247	22.88454	21.15164	20.67401	20.15764	1.692886	2.969064	2.969459	2.970076	2.96966	2.555086	-1000	24.1726
588848900971364462	145.69172947	0.74014503	23.03426	22.28608	21.04582	20.13833	20.79423	1.234589	2.969064	2.969459	2.969319	6.255765	7.357596	-1000	22.07941
588848900971364474	145.69602893	0.73512014	24.66568	23.93704	23.82873	21.61032	21.61778	2.362921	2.969064	2.969459	2.970076	2.96966	3.554984	-1000	23.19082
588848900971364555	145.6549008	0.63750527	25.32753	23.63928	22.258	21.60331	21.7165	0.6842194	2.969064	2.969459	1.390484	1.677477	3.511843	-1000	23.07957
588848900971364565	145.67358235	0.8332586	23.43528	23.19247	22.52026	21.19429	20.55285	1.272026	2.969064	4.583341	2.970076	3.190299	2.22411	-1000	22.47285
588848900971364621	145.68771382	0.68503635	22.23884	21.17876	19.9314	19.43396	19.11503	1.235848	2.969064	2.938628	2.572412	2.751471	3.344766	0.4003254	21.07422
588848900971364667	145.5986179	0.83482475	21.76882	21.07614	20.25038	19.75523	19.54603	0.9437296	1.919825	1.986622	1.749564	1.890247	1.643711	0.1528316	21.09368
588848900971364710	145.55547379	0.63616664	24.22689	25.42321	23.45179	21.23908	20.19098	-9999	2.969064	2.969459	2.970076	2.592393	0.8586949	-1000	22.65809
588848900971364712	145.556471	0.79532496	22.15174	20.7347	19.83015	19.28635	18.93833	1.333579	2.969064	2.793614	2.820312	2.53767	2.70762	0.2701123	20.70435
588848900971364726	145.56453598	0.77552277	24.49763	22.81996	22.53894	22.75758	21.46194	0.6250534	4.582732	2.969459	1.351888	1.062987	2.000767	-1000	22.80544
588848900971364729	145.56703709	0.82935616	24.27196	22.27761	20.7698	20.33957	19.83204	0.8212177	4.582732	2.284543	1.614518	1.651076	1.541161	0.4676352	22.01384
588848900971364733	145.56722771	0.75151573	23.71189	22.34085	20.73173	20.25546	19.51259	1.664539	2.969064	2.969459	2.970076	3.090022	3.051105	-1000	22.09763
588848900971364762	145.58794136	0.68480458	23.21094	22.77978	22.18319	22.40098	21.97596	0.6979991	2.969064	2.969459	1.525797	0.9374661	2.969321	-1000	23.28551
588848900971364770	145.59137301	0.74044913	22.60309	22.25135	21.3194	20.91175	20.21236	0.8174731	0.9214987	2.969459	1.646805	1.43282	3.444364	-1000	22.75924
588848900971364774	145.59277282	0.83334914	22.40101	22.1621	21.1743	20.87584	20.61532	1.044193	7.356958	2.969459	2.431553	2.679001	2.957717	-1000	21.91164
588848900971364788	145.59751674	0.80515104	23.38312	23.12803	21.60736	21.33489	20.35908	0.880288	2.969064	2.969459	2.474042	2.309754	1.541128	-1000	25.08689
588848900971364792	145.59895905	0.6429055	22.59274	22.20063	21.76348	21.1691	20.89089	0.738948	2.969064	2.144019	1.522475	1.184411	1.427936	0.2729125	22.06431
588848900971364830	145.61334096	0.67913376	23.97654	22.62532	20.92568	20.25991	19.83708	0.9626195	2.969064	2.969459	2.0616	1.7439	3.99765	-1000	22.31362
588848900971364875	145.64095649	0.68670644	21.92746	21.3165	20.4465	20.11911	20.09709	1.734958	7.356958	2.969459	3.717291	2.966886	3.296295	-1000	21.51902
588848900971364898	145.65458084	0.73802465	23.00688	22.21117	21.38342	21.25064	20.74584	1.010962	1.219767	2.969459	2.177969	1.618157	4.583129	-1000	22.15187
588848900971364910	145.65887839	0.70690484	26.87999	21.8861	19.67332	18.67613	18.17027	2.404922	0.2706275	2.969459	11.30671	5.774354	3.535519	-1000	23.00527
588848900971364931	145.66703706	0.80180301	22.28344	21.41244	20.56579	20.25586	20.18548	1.198856	4.582732	7.357935	2.56069	1.980385	11.30384	-1000	21.18499
588848900971364932	145.66725104	0.65178416	22.48463	21.50665	20.49054	20.09787	19.51151	1.393236	2.969064	2.969459	2.67572	1.917704	1.710796	-1000	22.04513
588848900971364934	145.66739912	0.66308711	23.35057	22.28788	21.33617	20.79053	20.68246	1.746783	2.969064	2.969459	2.970076	1.828408	2.969321	-1000	23.3049
588848900971364937	145.66786437	0.79227644	22.81905	22.73668	21.3883	21.00524	20.72595	1.338827	2.969064	1.119958	2.970076	1.942411	1.342654	0.1521334	22.24326
588848900971364950	145.67191788	0.77972887	23.11497	22.6876	22.48852	21.41743	20.82649	1.072713	2.969064	2.969459	2.970076	2.009813	2.512001	-1000	22.90415
588848900971364959	145.6838381	0.65885033	23.39642	21.90283	20.33912	19.75833	19.24566	0.8538252	11.30286	2.244326	1.698715	1.796788	1.666846	0.2617707	21.76563
588848900971364985	145.70180408	0.79434235	23.12029	22.44081	21.78021	21.17076	21.15916	1.170296	2.969064	2.969459	2.295309	2.115877	1.351718	-1000	22.91423
588848900971365027	145.56916748	0.83143135	24.50828	23.15207	21.67614	20.6792	19.81611	1.365034	2.969064	2.969459	2.970076	1.057357	2.446276	-1000	23.06861
588848900971365031	145.56877752	0.6900763	26.2773	24.81679	22.29677	21.55009	20.51386	0.8284044	2.969064	2.969459	2.970076	1.948153	2.012402	-1000	26.42257
588848900971365062	145.59020458	0.69072774	23.61732	23.69323	22.13181	21.65285	21.35591	0.7585675	2.969064	2.969459	2.107404	1.576531	0.9195672	-1000	22.79978
588848900971365071	145.59626601	0.75828742	23.36853	25.08003	21.78151	21.23992	20.63315	1.292174	2.969064	2.969459	2.970076	1.605664	0.8158432	-1000	25.84715
588848900971365084	145.60368051	0.82348824	25.10322	22.81423	21.70552	21.77108	21.61978	1.240245	2.969064	2.969459	2.970076	2.96966	0.9820794	-1000	23.72005
588848900971365096	145.60887315	0.76988796	22.96863	23.26528	22.21364	22.28015	20.89895	0.5512004	2.969064	2.969459	2.970076	2.96966	2.145317	-1000	23.03461
588848900971365109	145.61298198	0.73888002	24.38532	22.31065	21.20065	20.71067	21.48029	1.337101	2.969064	7.357935	7.359465	2.024602	7.357596	-1000	22.1253
588848900971365122	145.62232665	0.79255395	23.97421	22.99725	21.21463	20.5542	19.90441	1.088661	2.969064	2.969459	1.919337	1.75462	3.237231	-1000	23.02853
588848900971365133	145.63010226	0.64162132	23.32368	23.48377	22.31982	22.53072	21.79865	0.9665398	0.1083514	4.583341	2.970076	2.96966	0.9019136	-1000	22.76892
588848900971365180	145.66532212	0.66469002	24.45595	23.90793	22.20482	21.35965	21.20045	0.956819	4.582732	2.969459	2.970076	1.785158	2.949843	-1000	22.73673
588848900971365184	145.66827653	0.73493041	25.03657	24.11016	22.14006	25.22912	22.11454	0.5179448	0.2860537	0.0903632	2.970076	4.583652	2.969321	0.03665286	23.811
588848900971365216	145.68813339	0.65287747	22.94167	23.33063	22.39024	21.75671	21.04795	0.7501696	7.356958	2.969459	1.493268	1.851207	1.86978	-1000	23.6711
588848900971365224	145.6975708	0.63815163	23.27799	22.90733	21.93884	21.43812	21.50889	0.7363552	2.969064	2.969459	1.465165	1.531169	0.5432913	-1000	22.94573
588848900971365247	145.56342976	0.75945496	23.63625	23.29703	23.17778	21.84893	20.83558	1.381578	2.969064	2.969459	2.970076	2.005447	2.795975	-1000	23.53288
588848900971365250	145.56811273	0.80426263	24.13989	25.45028	23.15344	21.56144	21.80637	1.831212	0.9113237	0.09369823	2.970076	1.880154	1.338595	0.03932257	26.75256
588848900971365253	145.57079637	0.76671351	24.09449	23.67791	22.83284	21.64169	20.83904	1.160043	0.7115549	2.969459	2.970076	1.256659	1.863624	-1000	22.56502
588848900971365255	145.57513881	0.67009361	24.65445	23.94285	22.82635	21.60253	21.60246	1.25017	4.582732	2.969459	2.970076	1.637576	1.376161	-1000	23.93233
588848900971365348	145.67094922	0.64640102	24.6167	24.48203	24.62989	24.77981	20.4071	-9999	4.582732	2.969459	2.970076	2.96966	1.150639	-1000	23.99782
588848900971429964	145.79110605	0.68262829	23.06074	23.04984	21.70272	21.16724	23.66704	1.654159	2.969262	2.968944	2.969935	2.969401	2.969867	-1000	23.08613
588848900971429984	145.84087226	0.68415564	20.36625	18.1627	16.92737	16.37457	15.94689	2.182927	2.969262	5.076752	5.336867	4.720945	5.229289	0.2105597	18.27137
588848900971429988	145.84224451	0.68124958	23.12548	23.10892	21.90811	22.43234	21.46297	1.482072	0.07877892	2.968944	2.969935	2.969401	0.08239336	-1000	23.47165
588848900971430111	145.73051279	0.8128006	22.76801	21.24573	19.89236	19.31038	18.89079	0.9332476	2.969262	2.134959	1.932729	2.24527	3.988315	0.3361839	21.32065
588848900971430139	145.77378484	0.63713611	24.19977	21.64619	19.97319	19.4123	19.02904	0.950205	0.674166	2.968944	1.856452	2.007493	2.075294	-1000	21.63289
588848900971430143	145.78414515	0.67038269	24.0433	24.31389	23.72551	21.69029	21.92492	2.524924	2.969262	7.356659	7.359116	2.969401	0.7215707	-1000	23.55301
588848900971430149	145.78901725	0.69722876	23.00435	21.51209	19.85518	19.1706	18.64383	0.9186562	2.969262	2.473148	1.839434	1.937238	1.708241	0.2286318	21.4769
588848900971430170	145.82017117	0.69965392	22.86674	20.83611	19.38135	18.77067	18.41655	1.230542	2.969262	2.774158	2.574685	3.21786	5.982064	0.2774811	20.89113
588848900971430222	145.71174453	0.65425531	21.29415	23.50092	26.08333	25.08844	21.22113	12.57287	18.01507	2.968944	18.01915	2.969401	1.459588	-1000	23.4989
588848900971430238	145.7734359	0.6578512	21.53167	25.90718	25.14847	25.60168	22.88004	3.349499	2.119569	2.968944	0.2809037	7.357791	0.696791	-1000	27.29219
588848900971430248	145.81184771	0.73445877	21.17467	20.3082	19.75489	19.42032	19.25705	1.324759	2.969262	2.369123	2.640723	2.264394	3.9465	0.2078965	20.72159
588848900971430309	145.71773423	0.63298457	24.94434	22.14605	21.25195	20.92554	20.90452	1.308597	2.969262	2.968944	2.509427	1.775998	18.01874	-1000	22.56097
588848900971430342	145.74699053	0.6558552	22.56351	21.75093	21.4023	21.11811	20.71985	1.777763	2.969262	11.3024	2.969935	2.825404	2.969867	-1000	21.57163
588848900971430348	145.75289265	0.65088547	23.82097	21.42855	19.72059	19.02198	18.64921	1.430331	18.01507	2.968944	3.458908	3.123677	2.576168	-1000	21.61764
588848900971430362	145.76083008	0.70234267	23.94761	22.58157	21.13961	20.50822	20.05454	0.9212976	2.969262	2.968944	1.97298	1.987396	2.02836	-1000	22.69017
588848900971430397	145.79604819	0.68878418	24.42685	22.58177	22.85735	22.55534	22.43486	1.232731	2.969262	2.968944	1.208816	7.357791	0.6999284	-1000	22.83657
588848900971430411	145.80165414	0.75540762	23.79956	22.34163	21.38943	21.37841	20.60892	1.115785	2.969262	2.968944	2.444	2.233753	1.897905	-1000	22.6256
588848900971430431	145.81235086	0.78902233	25.13985	22.12297	20.40583	19.81849	19.45561	1.03623	2.969262	2.968944	2.064532	1.901382	2.704748	-1000	22.18781
588848900971430439	145.81836152	0.74525836	26.20361	23.24724	21.2689	20.65046	20.11649	1.008272	2.969262	7.356659	1.954605	2.611773	7.358947	-1000	22.47294
588848900971430449	145.82438356	0.62934018	21.97693	21.71573	19.97548	19.2263	18.77184	2.01697	2.969262	2.968944	5.402685	3.571903	3.262841	-1000	21.79477
588848900971430459	145.83045811	0.65459202	24.64327	23.03778	21.91908	21.52267	21.07834	0.6922483	4.583037	1.113583	1.323841	1.310862	1.909226	0.2378348	23.58541
588848900971430468	145.83574376	0.75968214	22.47169	22.32177	21.82944	21.34185	20.54671	1.456538	2.969262	2.968944	2.969935	1.764263	2.032171	-1000	23.58284
588848900971430471	145.83769554	0.6599506	24.20503	22.74025	22.60352	22.94756	22.41773	0.3645047	4.583037	2.968944	2.969935	1.788026	2.969867	-1000	22.72117
588848900971430472	145.83885266	0.70192943	22.00073	20.44204	19.41749	18.93195	18.64315	1.623584	11.30361	3.231272	3.30441	3.074676	10.24497	0.2720228	20.63727
588848900971430475	145.84173263	0.64679511	22.51526	22.18289	20.98036	20.608	20.12345	1.181564	7.357448	1.956398	2.448451	2.562813	2.549576	0.2161465	22.66443
588848900971430483	145.84625518	0.7875223	22.27551	21.77248	21.2109	21.18425	21.24272	1.464995	2.969262	1.677526	7.359116	1.968993	18.01874	0.258261	22.85387
588848900971430523	145.71937901	0.78919496	25.88282	23.19487	22.26626	21.8079	21.3718	0.79651	4.583037	2.968944	2.969935	1.865714	0.9998194	-1000	23.11086
588848900971430581	145.7643929	0.73817178	24.84626	23.32591	22.08648	21.48062	21.16938	0.6173373	0.3129669	2.968944	1.404535	1.852721	1.105375	-1000	23.41435
588848900971430629	145.8004644	0.69861287	24.89553	23.55497	22.34539	22.79934	22.0042	0.6484947	2.969262	2.968944	2.969935	2.969401	0.03423205	-1000	23.5114
588848900971430633	145.80389492	0.67855274	24.03316	24.20946	22.63803	21.79309	21.21147	0.4855385	2.969262	4.582546	0.922309	1.320295	2.047924	-1000	23.93693
588848900971430639	145.80610887	0.66895936	23.63527	22.89711	21.0388	20.25296	19.77158	1.474953	2.969262	2.968944	2.969935	3.511366	2.044652	-1000	23.39095
588848900971430682	145.82917558	0.6657463	23.26969	23.61942	22.52958	22.61567	21.37127	0.7028378	0.8296601	27.91209	1.574772	2.969401	2.969867	-1000	22.84822
588848900971430685	145.83189309	0.83827114	24.83513	22.74332	21.28332	20.87777	20.36796	1.094551	2.969262	7.356659	2.572288	2.461625	2.491753	-1000	21.8331
588848900971430717	145.8483912	0.71054809	23.34993	23.03457	21.57114	20.91235	20.95038	0.8950413	0.08934747	2.968944	2.255524	1.77946	1.550731	-1000	23.0311
588848900971430765	145.73599461	0.7020083	26.07579	24.73267	23.64289	21.62198	20.53832	1.143097	2.969262	2.968944	2.969935	2.022992	3.603486	-1000	22.18402
588848900971430768	145.7396434	0.67626247	25.5177	24.01392	22.69005	21.09772	21.01978	2.638909	4.583037	2.968944	1.080773	2.969401	2.230736	-1000	23.21063
588848900971430778	145.74857165	0.72394219	23.85201	22.40426	22.02853	20.99634	21.49289	0.9094639	2.969262	2.968944	2.969935	2.969401	1.111049	-1000	21.60573
588848900971430791	145.76247447	0.70931375	25.80174	25.48178	23.21556	21.97969	21.11862	0.5710478	4.583037	4.582546	0.861018	1.436679	7.358947	-1000	25.00853
588848900971430795	145.76748204	0.81944269	24.71337	24.11145	23.04759	21.78708	21.09358	0.6784539	2.969262	2.968944	1.214978	1.55773	7.358947	-1000	23.6108
588848900971430801	145.77208904	0.70231139	25.27088	22.95205	21.78458	20.68151	20.46013	1.705104	2.969262	7.356659	2.969935	2.969401	1.887298	-1000	22.19461
588848900971430811	145.78708058	0.76412471	24.52221	24.22958	22.76107	21.87052	21.2035	1.000131	2.969262	2.968944	1.317646	1.882585	1.750635	-1000	24.96746
588848900971430813	145.7880455	0.67660691	21.64467	22.06826	20.27161	19.09687	20.18195	3.142109	0.1013613	43.75462	2.969935	43.76135	3.004238	-1000	29.88162
588848900971430840	145.83157404	0.64325541	25.49747	23.35323	22.95206	21.64146	21.75202	1.922133	2.969262	27.91209	68.30595	1.861549	2.969867	-1000	23.21957
588848900971430854	145.85133829	0.8160506	25.41672	24.21583	22.64784	21.87077	21.48168	0.941466	2.969262	2.968944	2.969935	1.774203	0.6985019	-1000	25.00803
588848900971430888	145.74075829	0.75300481	23.14827	25.28133	22.01915	26.44433	22.03297	0.9457565	2.969262	2.968944	2.969935	4.583251	4.583971	-1000	24.89699
588848900971430892	145.82995471	0.80988152	25.73975	23.58821	22.07601	21.84385	21.33879	1.090818	0.03598023	2.968944	2.078089	1.865133	4.583971	-1000	24.14507
588848900971430898	145.77473675	0.70814566	23.13717	23.44472	23.02208	22.12194	20.92614	0.7465952	2.082735	2.968944	2.969935	1.390447	2.061841	-1000	23.704
588848900971430906	145.778316	0.8177122	20.22688	20.20725	21.51677	22.52166	21.28918	1.695203	4.583037	2.968944	2.969935	2.969401	2.969867	-1000	21.84672
588848900971495449	145.87933231	0.64385975	27.55896	21.70109	20.45607	19.16884	23.60363	14.243	2.968739	27.90938	2.969973	27.91294	0.6631491	-1000	20.70999
588848900971495453	145.88020431	0.6459102	27.56685	21.47847	21.45283	19.20745	20.05508	4.37662	2.968739	2.968655	2.969973	2.969034	2.951326	-1000	23.98748
588848900971495495	145.93987526	0.69375908	22.97863	22.84426	21.97334	21.56084	21.54805	0.9588442	2.968739	2.968655	1.968218	2.738827	0.9994693	-1000	23.13182
588848900971495561	145.8702834	0.81768255	23.32836	23.40054	21.66276	21.05362	20.42395	0.6161666	2.968739	2.968655	1.246054	1.409098	2.63299	-1000	23.05313
588848900971495581	145.91872659	0.83364529	23.21601	22.29819	20.32356	19.70986	18.98157	1.213017	0.4296453	2.968655	2.78216	3.274209	3.309133	-1000	22.34025
588848900971495598	145.93419596	0.68148617	21.99035	19.88202	18.76568	18.2892	17.92441	1.050276	2.968739	2.103756	2.334939	2.087873	2.181311	0.1662627	19.98216
588848900971495648	145.99263222	0.78807233	18.69063	17.20336	16.40523	15.9594	15.61294	2.000771	4.285438	4.487586	4.324378	4.229624	4.21866	0.126684	17.12449
588848900971495688	145.95583776	0.71908446	23.25277	21.78677	19.96907	19.31485	18.97235	0.993835	2.968739	2.968655	2.069172	2.765967	2.213443	-1000	21.55625
588848900971495707	145.88425967	0.6868094	24.23794	21.40575	19.61126	18.94034	18.36827	1.437688	11.30162	2.968655	3.250344	2.996686	2.67671	-1000	21.25775
588848900971495735	145.86770244	0.70825332	23.44238	22.3663	21.40327	21.04827	20.37978	0.9682928	4.58223	2.968655	2.637077	1.994639	3.034377	-1000	22.3425
588848900971495739	145.88259023	0.77269466	22.11683	25.25877	24.24718	23.10812	22.50497	-9999	1.032319	4.5821	2.969973	2.969034	2.969172	-1000	25.28399
588848900971495742	145.88711974	0.83183196	21.7375	20.9823	20.27702	19.97796	19.6195	0.9319938	1.924587	1.646495	2.006549	1.527253	2.300582	0.1433953	21.15219
588848900971495746	145.88668584	0.65423781	22.08639	25.60377	24.09661	24.45795	22.4418	1.003516	1.40042	4.5821	4.584135	2.969034	1.047917	-1000	25.91711
588848900971495750	145.89137649	0.82730151	22.09191	21.21972	20.62195	20.57164	20.20685	0.8952134	2.968739	1.613541	1.840119	1.895427	2.400635	0.2976806	21.18865
588848900971495761	145.91629946	0.74090943	23.81672	23.46999	22.0538	21.26109	20.686	0.7022887	2.968739	2.968655	1.517858	1.63694	7.357225	-1000	23.34914
588848900971495834	145.86862821	0.69976769	23.82727	22.91906	22.08845	22.34666	22.63958	0.7498955	7.356152	7.355945	1.478081	7.356884	2.969172	-1000	22.36201
588848900971495848	145.87776991	0.72444001	22.76016	23.47048	22.6427	21.98406	22.82613	1.000117	1.063386	2.968655	2.969973	1.204077	2.969172	-1000	23.16352
588848900971495868	145.89092209	0.77839063	24.92412	22.8651	21.1913	20.76746	20.1616	0.6905543	2.968739	2.968655	1.42571	4.561156	1.734239	-1000	22.83787
588848900971495870	145.88986326	0.77637371	24.66383	23.08514	21.27511	20.50827	19.87766	14.90876	2.968739	2.968655	27.92177	2.969034	2.562217	-1000	21.05005
588848900971495874	145.89522242	0.69029734	22.70231	22.40116	21.9217	21.713	21.27626	0.9034333	7.356152	1.575987	2.343668	1.69089	1.044133	0.3513179	22.62728
588848900971495875	145.89524311	0.66041581	23.07611	22.51374	21.512	21.46136	21.08558	0.7301126	2.968739	2.968655	2.238413	2.353372	1.452968	-1000	23.42362
588848900971495881	145.89772129	0.82744744	23.18946	22.06169	20.61726	20.14897	19.41312	1.254647	2.968739	2.968655	2.778758	2.42648	1.658019	-1000	21.99169
588848900971495912	145.91904622	0.65045975	25.56617	24.46883	22.67521	22.47982	21.63966	0.6119874	2.968739	2.968655	1.324825	1.978122	1.644394	-1000	24.29503
588848900971495913	145.92024867	0.8112325	23.38202	21.84504	19.99097	19.23516	18.59262	1.648341	7.356152	2.968655	2.969973	3.127451	4.19618	-1000	22.10575
588848900971495934	145.9280729	0.63661665	23.80324	23.20837	22.23114	22.04829	21.65533	0.7515148	2.968739	2.968655	1.543551	2.969034	1.044893	-1000	23.41306
588848900971495944	145.93321159	0.77192069	25.6219	24.80403	22.92951	21.50668	21.24554	0.04136895	2.968739	2.968655	2.969973	2.065983	2.969172	-1000	25.33929
588848900971495965	145.94430235	0.78122458	22.70356	22.0549	21.02501	20.81844	20.64928	1.392365	2.968739	2.968655	2.969973	1.541857	3.061924	-1000	22.44256
588848900971495982	145.95678301	0.72872562	22.28009	21.37429	19.69477	19.00997	18.5293	1.415866	2.968739	7.355945	3.683302	3.815417	3.052204	-1000	21.45976
588848900971495989	145.95543614	0.80456542	23.40119	23.29148	22.94138	21.74376	21.27421	0.8371556	2.968739	4.5821	2.969973	1.169455	2.151976	-1000	23.25453
588848900971496022	145.9786571	0.7416601	22.79529	22.44762	21.08644	20.71518	20.45351	0.9548061	2.968739	1.165053	1.802598	1.877089	3.550464	0.2107615	22.51189
588848900971496041	145.98711323	0.68014063	22.17159	22.01086	21.1483	20.81519	20.81095	1.245939	2.968739	2.079002	2.877883	2.770278	1.056179	0.3949381	22.13255
588848900971496044	145.98791415	0.79684452	23.54972	22.39413	20.81491	20.23383	19.6778	0.9968731	0.5066759	7.303339	2.135079	2.217069	1.668167	5.274858	22.12437
588848900971496053	145.99376647	0.83166172	23.82475	22.25209	21.01884	20.49157	20.25833	1.038585	0.107989	2.968655	2.08165	2.282981	3.535175	-1000	22.65261
588848900971496113	145.86955822	0.70587954	23.15509	23.01573	21.70901	20.7943	20.09491	1.147028	1.234834	68.27651	2.969973	2.593637	2.288445	-1000	21.87674
588848900971496146	145.89141228	0.76781497	24.52229	25.25462	22.51306	22.41263	21.77211	0.5549518	4.58223	0.279467	2.969973	2.969034	2.206561	1.390777	23.81026
588848900971496166	145.90207258	0.77963414	25.20527	23.31199	22.26982	21.78646	22.53417	0.95935	2.968739	2.968655	2.969973	1.478746	0.09599845	-1000	24.45567
588848900971496216	145.92344898	0.79182898	25.86857	22.36845	21.56598	21.68857	21.87824	1.396953	2.968739	2.968655	2.969973	1.508655	0.8052043	-1000	22.82512
588848900971496218	145.92460073	0.75700974	24.3738	23.56021	21.7596	21.38939	20.80064	0.7718237	2.968739	2.968655	2.285297	1.525558	1.325227	-1000	26.00305
588848900971496238	145.93514481	0.64634875	24.84814	24.69292	23.73932	22.11365	21.61374	0.3872366	4.58223	2.968655	2.969973	1.414214	2.07498	-1000	25.55947
588848900971496241	145.93688923	0.77810198	23.4491	23.93362	21.79982	21.09054	20.31126	0.6452815	2.968739	2.968655	1.461909	1.21727	3.88899	-1000	23.39934
588848900971496256	145.94669799	0.8314237	23.61709	22.95368	22.00417	21.8642	22.26532	1.149323	0.09483372	4.5821	2.969973	1.368496	1.250713	-1000	22.66315
588848900971496273	145.95663314	0.639756	23.97872	23.22202	21.63331	21.4665	20.81271	1.048331	2.968739	2.968655	2.297851	1.498201	2.472043	-1000	24.70451
588848900971496288	145.96632794	0.73456028	24.76396	24.60443	22.45005	21.62499	20.65512	0.6159119	2.968739	2.968655	1.414618	2.246228	2.036939	-1000	23.55129
588848900971496316	145.9802722	0.79006917	22.68822	22.61454	21.37314	20.85371	20.82393	1.282664	2.968739	2.968655	2.79241	2.84566	2.14568	-1000	23.13318
588848900971496318	145.98005833	0.78109779	23.61873	23.36422	22.19688	20.50447	19.79837	0.9171476	2.968739	11.3013	2.969973	1.920898	2.316052	-1000	23.08166
588848900971496343	145.99159664	0.82330401	24.24603	22.15296	21.13248	21.18758	20.66644	1.223739	2.968739	2.968655	2.811947	2.738018	1.63979	-1000	22.26493
588848900971496415	145.89299851	0.69589203	24.22513	24.2065	22.72866	21.9047	21.84177	0.4815853	2.968739	2.968655	1.041539	1.950927	2.969172	-1000	25.04831
588848900971496418	145.90197373	0.83067969	25.09946	24.6729	23.0939	21.60751	20.97366	2.794842	0.08778907	2.968655	0.9789411	2.015774	1.17516	-1000	26.70713
588848900971496419	145.90234096	0.78291043	24.21309	26.46135	23.21811	21.59052	22.40307	3.187469	4.58223	2.968655	7.35921	2.969034	2.969172	-1000	26.22588
588848900971496421	145.90494029	0.64372349	22.68661	23.44934	22.98443	21.91423	21.62718	1.122446	27.91017	2.968655	2.969973	1.886936	2.969172	-1000	23.34988
588848900971496456	145.96263343	0.75117554	25.87273	24.17731	22.9261	21.86501	21.64938	1.273048	2.968739	4.5821	2.969973	2.120077	3.051283	-1000	23.96079
588848900971496460	145.96616017	0.81873246	25.50661	23.92484	23.68461	21.87888	21.15116	-9999	2.968739	2.968655	2.969973	1.816139	0.9011127	-1000	22.86382
588848900971496506	145.86232066	0.65433289	21.88842	24.55021	25.39685	25.41724	23.89332	-9999	1.670024	4.5821	4.584135	4.582686	4.582898	-1000	24.27503
588848900971560972	146.01469106	0.81703525	24.13121	22.95611	21.12505	20.65333	20.09752	1.121727	4.58365	2.968987	2.371434	2.701215	3.159434	-1000	22.5506
588848900971560982	146.01491912	0.73215825	25.22526	21.48207	21.42338	20.72521	19.41899	1.913841	27.91881	2.968987	2.969686	2.969397	2.977649	-1000	21.66135
588848900971561007	146.01861621	0.65664449	21.01093	20.80375	20.37346	19.97603	20.02666	0.7863532	1.923486	1.757588	1.600591	2.069173	1.744049	0.1567735	20.75969
588848900971561021	146.02121273	0.65176178	24.34258	22.68635	22.09611	21.34093	21.73192	1.461357	2.969659	2.968987	2.969686	1.901559	2.968729	-1000	22.75
588848900971561059	146.10386073	0.83334034	25.98538	21.98023	20.41237	19.7026	19.25424	1.114721	2.969659	2.968987	2.855573	2.579501	3.074775	-1000	21.502
588848900971561060	146.1015047	0.83322277	26.13791	22.30191	21.6011	20.93939	22.09462	0.9470179	27.91881	2.968987	2.226264	2.645414	27.91008	-1000	22.2655
588848900971561075	146.11706974	0.68639224	24.30592	23.90676	22.45858	21.21446	20.36458	0.6564127	2.969659	2.968987	1.307367	1.379331	3.400538	-1000	24.24268
588848900971561080	146.12379275	0.69895728	24.35123	24.95249	23.00192	21.33744	23.97955	2.293391	2.969659	2.968987	2.969686	2.588673	0.7214063	-1000	24.16214
588848900971561102	146.14369215	0.77970313	21.87769	19.74322	18.94051	18.44881	18.1778	1.680931	2.969659	3.76561	3.846045	4.085243	3.566085	0.2694599	19.84626
588848900971561113	146.13007846	0.77933035	25.14279	23.53145	23.13888	21.4493	20.23503	1.298559	0.2660788	2.968987	2.969686	3.026541	3.897044	-1000	23.08216
588848900971561118	146.13920743	0.76785441	25.79767	25.77348	24.9614	21.1952	23.14716	0.7278306	2.969659	2.968987	2.969686	2.969397	2.968729	-1000	26.54224
588848900971561120	146.12854683	0.77098009	25.16928	25.9116	23.49719	21.4247	23.70072	0.4782975	2.969659	2.968987	2.969686	2.969397	2.968729	-1000	25.83517
588848900971561128	146.14124419	0.70594735	22.08028	21.08332	20.94355	19.71342	20.46265	1.964899	43.76516	27.9125	2.969686	18.14415	18.01184	-1000	20.50731
588848900971561143	146.14822743	0.83638595	22.00035	19.88938	18.83081	18.39794	17.99099	1.511898	2.065372	3.170229	3.187795	3.317357	3.203789	0.2800231	19.88339
588848900971561144	146.14774409	0.83008959	22.9994	21.22913	20.21454	19.40641	19.10994	1.024289	2.969659	2.863009	1.927715	2.425924	2.651932	0.8034235	21.12672
588848900971561178	146.02011827	0.70190751	23.07593	22.40504	21.35432	20.95842	20.5746	0.8404194	2.117787	2.968987	1.919649	1.696596	1.724866	-1000	22.25589
588848900971561225	146.11398397	0.71604526	24.63491	23.35357	21.87226	20.97026	20.62189	0.6142632	7.358431	2.968987	1.112996	1.285052	1.892324	-1000	23.06513
588848900971561282	146.04939906	0.64930718	25.3959	22.09858	21.49554	21.30547	20.79214	1.277981	2.969659	2.968987	2.507277	1.289306	7.356129	-1000	22.21662
588848900971561289	146.05601616	0.74071677	24.29461	23.75521	22.41697	22.08361	22.20181	0.7038466	2.969659	2.968987	1.416649	1.58577	2.968729	-1000	23.79565
588848900971561299	146.0840915	0.66581878	22.78831	21.36001	19.52281	18.83277	18.4153	1.136492	7.358431	2.497064	2.503079	2.456976	2.05397	0.3911481	21.4469
588848900971561311	146.11854258	0.7800961	20.431	19.07918	18.10013	17.65298	17.30717	2.194126	16.91352	4.870592	4.763188	4.425387	4.162096	0.1606646	19.07863
588848900971561331	146.04276239	0.75976384	22.89658	22.10549	21.04174	20.31108	19.85889	1.174926	0.8327784	2.968987	2.849374	2.428106	7.356129	-1000	22.05296
588848900971561437	146.00455658	0.75415945	25.44902	22.78369	21.92679	21.40556	20.81331	0.7878878	4.58365	2.968987	2.045599	1.720384	2.001666	-1000	23.7418
588848900971561463	146.02421896	0.7703949	24.01903	22.63549	21.30898	20.67154	20.03007	0.8493283	7.358431	2.968987	1.650222	1.676009	3.729777	-1000	22.70314
588848900971561484	146.03958369	0.6954428	23.17807	22.67117	22.86385	22.54326	21.65062	-9999	27.91881	2.968987	2.969686	1.074805	1.800327	-1000	23.07559
588848900971561485	146.04014846	0.70238072	23.09573	21.74212	20.74867	20.36601	20.17608	1.07866	1.117417	2.345612	2.305477	2.03624	2.228872	0.3986016	21.67108
588848900971561493	146.04013108	0.64795445	25.41951	23.65956	23.19068	21.64683	21.5812	0.5827557	2.969659	2.968987	2.969686	1.495606	1.738162	-1000	24.06354
588848900971561503	146.04784426	0.82789685	25.68069	22.21562	20.37235	19.61931	19.02197	1.186312	2.969659	1.309605	2.518574	1.679336	2.580321	0.2250064	22.14918
588848900971561530	146.06387927	0.77251369	22.76048	21.63041	19.95109	19.06959	18.62473	1.891827	1.888916	2.968987	11.30522	2.57871	2.480429	-1000	21.45109
588848900971561534	146.0650621	0.80641812	22.90171	21.8003	20.08673	19.35933	18.98298	0.9718394	27.91881	2.179645	1.876673	2.21922	6.594386	0.588367	21.87914
588848900971561537	146.06605234	0.81638473	23.51118	22.95234	22.27912	22.18407	22.01435	0.5759293	0.09339909	2.968987	1.339385	2.383841	2.968729	-1000	23.02097
588848900971561566	146.07515093	0.8377867	22.73693	22.60439	23.27883	21.80476	21.13705	1.610029	2.969659	2.968987	2.969686	1.361127	1.052926	-1000	22.39848
588848900971561574	146.08080297	0.6976371	23.48729	22.60254	20.9635	20.29909	19.92698	0.7713839	1.057074	2.968987	1.500218	1.867338	1.678754	-1000	22.45394
588848900971561584	146.08528834	0.63789088	23.48427	22.55345	21.75482	21.62829	21.29031	0.4879199	0.6016329	2.968987	0.9119409	1.249965	1.023333	-1000	22.36832
588848900971561591	146.08836421	0.69344074	25.65151	22.15276	21.27735	20.53409	20.19581	0.7862517	4.58365	2.030377	1.490145	2.260021	2.110557	0.4989872	22.06709
588848900971561598	146.09297128	0.67017999	22.43192	22.52787	21.08782	20.59397	20.47305	1.016175	1.30268	2.968987	2.306479	2.077675	0.8275737	-1000	22.6626
588848900971561609	146.10142684	0.83877929	21.83227	21.58033	20.53483	20.08534	20.00808	1.709399	43.76516	43.75525	2.969686	2.969397	2.654442	-1000	21.56347
588848900971561638	146.11794674	0.63265974	24.11514	22.26906	21.63295	21.70465	21.16573	0.916285	2.969659	2.968987	1.689573	2.969397	3.491897	-1000	22.30575
588848900971561642	146.11890004	0.83300179	25.04502	22.90288	22.10247	21.0094	20.36919	0.7930176	2.969659	1.007931	2.969686	1.903356	1.959417	0.1148713	23.30943
588848900971561646	146.12225121	0.75759251	22.2764	21.20976	20.25374	19.92398	19.78452	0.9886082	18.01748	2.084731	2.173711	1.979044	2.64027	0.4185187	21.09706
588848900971561647	146.12372576	0.6521771	23.77635	22.44094	21.61669	21.68729	21.14176	1.24109	2.969659	1.214532	2.969686	2.969397	2.733234	0.4848003	21.86936
588848900971561648	146.12426708	0.74945605	21.78616	20.9369	20.17584	19.87447	19.64817	1.757746	11.30512	7.356766	7.3585	3.297374	5.623556	-1000	21.24672
588848900971561667	146.12955871	0.70407311	25.34484	23.86738	22.41884	22.62585	22.57591	0.6136018	4.58365	2.968987	1.38427	2.969397	4.582215	-1000	23.72929
588848900971561668	146.12433893	0.72056843	24.43713	22.35902	25.4726	25.58492	24.04355	-9999	2.969659	2.968987	2.969686	2.969397	2.968729	-1000	22.25164
588848900971561672	146.1268532	0.75047256	21.86151	20.80758	19.93472	19.49903	19.24556	0.9610197	7.358431	2.393345	1.995272	1.909246	1.981515	0.2045904	20.69657
588848900971561674	146.12716611	0.70690465	22.74881	21.16575	19.91621	19.54418	19.20731	1.55011	2.969659	3.236588	2.846097	2.928441	3.581477	0.3202317	21.50538
588848900971561696	146.1464687	0.66677433	23.04041	22.26733	21.49944	21.62616	21.5514	0.9328667	0.4445713	2.968987	1.753701	0.7115656	7.356129	-1000	22.19562
588848900971561750	146.01683165	0.78900269	24.43255	23.97789	22.48577	23.13914	23.03381	0.7550532	2.969659	2.968987	2.969686	2.969397	0.6745005	-1000	27.16086
588848900971561771	146.02891818	0.77293681	23.2133	23.03986	22.27279	22.75599	22.04513	0.6813664	2.969659	2.968987	1.490349	1.353673	1.744351	-1000	23.72809
588848900971561789	146.03838364	0.77041118	23.21386	22.94629	21.79291	21.55692	20.91658	0.8625879	2.969659	2.968987	1.81732	2.057476	2.968729	-1000	22.94898
588848900971561797	146.0437358	0.68791444	25.4688	22.98451	21.07628	20.12483	19.61802	0.9496261	2.969659	7.356766	2.669377	1.347679	1.216294	-1000	22.45863
588848900971561806	146.04688258	0.70296708	25.16101	23.29494	21.373	20.26806	19.74987	1.214434	4.58365	2.968987	2.770505	2.126031	2.641338	-1000	22.75744
588848900971561814	146.0527979	0.71976217	24.89433	24.85608	22.27471	21.76299	20.62394	0.5478807	4.58365	4.582613	1.423955	1.312239	2.108893	-1000	26.39412
588848900971561815	146.05233959	0.69625831	23.14307	23.37995	21.29504	20.59404	19.642	1.10541	7.358431	7.356766	2.969686	1.887592	18.01184	-1000	22.67962
588848900971561851	146.07111864	0.6680319	22.81876	24.26767	22.41531	23.4036	22.46422	0.7481177	1.087785	0.6966921	1.808502	2.969397	4.582215	0.5354714	25.12197
588848900971561853	146.07158028	0.79136733	24.9755	23.901	22.39502	22.37514	21.62077	0.7689968	4.58365	2.968987	1.771492	2.969397	2.968729	-1000	24.6945
588848900971561865	146.07999348	0.6924415	25.77231	23.46031	22.2253	21.69327	21.33421	0.4439321	2.969659	0.9022567	1.280387	1.724382	2.658664	0.7786732	23.31351
588848900971561886	146.0880322	0.68077936	22.94723	24.47925	22.88208	21.98681	21.20091	0.8053567	1.21322	2.968987	2.969686	1.066979	2.594166	-1000	24.31874
588848900971561892	146.09079119	0.75925326	23.60421	22.95835	21.00774	20.34931	19.75349	0.946679	11.30512	2.968987	1.731414	1.377252	2.097013	-1000	23.05576
588848900971561900	146.09279426	0.66749669	22.45988	22.68083	21.50687	20.79943	20.23163	0.9273598	27.91881	18.0134	1.736081	1.713305	2.078165	-1000	22.15531
588848900971561902	146.09399346	0.77020806	22.59634	22.24866	21.49529	20.98499	20.8636	3.472809	1.246335	2.968987	2.969686	2.969397	11.30158	-1000	22.23863
588848900971561923	146.10240794	0.83007876	25.60117	22.77285	21.78406	21.70435	20.99641	0.9850321	2.969659	2.968987	1.966817	1.393939	1.31512	-1000	22.89356
588848900971561967	146.12563397	0.77433465	22.33331	22.14526	21.08159	20.12641	20.2609	1.518568	11.30512	11.30256	2.969686	2.969397	1.738189	-1000	21.99142
588848900971561968	146.12524864	0.77546867	22.81298	22.70481	22.08799	20.56156	21.23605	1.092878	18.01748	2.968987	2.969686	2.969397	1.09861	-1000	23.43964
588848900971561975	146.13151802	0.6899049	24.18222	23.4275	21.80146	22.04048	21.18241	0.8012734	2.969659	0.6908315	1.541288	0.9104736	2.790242	0.8751149	24.29445
588848900971561989	146.13699573	0.73639136	25.62597	23.28898	22.59961	21.80081	22.90377	-9999	0.1082829	11.30256	2.969686	2.337677	0.2506041	-1000	22.33118
588848900971562003	146.14401059	0.73527996	24.13459	23.77064	23.64456	21.58831	20.93634	0.657838	4.58365	2.968987	2.969686	2.448315	1.728696	-1000	23.29981
588848900971562042	146.01483497	0.77135382	23.41308	24.65717	22.84658	21.58669	21.34187	0.7947962	2.969659	4.582613	2.969686	1.780718	3.841441	-1000	23.82673
588848900971562072	146.04991321	0.77617168	25.8848	24.48218	23.11904	21.67389	21.18436	1.106553	2.969659	7.356766	2.969686	1.980476	4.000279	-1000	23.20802
588848900971562115	146.09877502	0.78102764	24.58748	23.68352	23.22531	21.84811	21.20709	-9999	2.969659	2.968987	2.969686	2.018897	4.582215	-1000	22.65804
588848900971562130	146.11343169	0.78459528	24.64325	24.72509	22.08207	21.1808	20.99165	0.3268454	2.969659	2.968987	2.969686	2.416518	2.56993	-1000	26.27013
588848900971562200	146.07517481	0.64459178	23.80852	23.87443	22.6016	21.67126	22.34374	0.547462	2.969659	2.968987	2.969686	2.715233	1.100338	-1000	24.79708
588848900971626513	146.16001523	0.68294701	26.69426	23.80134	22.38299	20.78579	22.77018	1.55576	2.969635	2.969482	2.969968	2.279827	27.91366	-1000	23.77057
588848900971626522	146.15918643	0.70903661	25.08183	24.43296	24.62715	21.4777	23.60583	2.749479	4.583613	2.969482	2.969968	2.690077	4.582804	-1000	24.66814
588848900971626536	146.17127758	0.79800961	24.37218	22.59279	21.42638	21.37515	20.24082	0.7161008	2.969635	1.310336	1.404949	1.281055	2.859087	0.2132201	22.75167
588848900971626547	146.17481882	0.79475862	25.15535	24.50913	21.42329	22.17197	21.50151	1.570498	2.969635	2.969482	2.969968	2.969421	2.969111	-1000	24.62029
588848900971626560	146.18172013	0.68403948	25.09843	23.00897	21.49544	21.06521	22.84629	1.268473	4.583613	2.969482	2.969968	2.97209	0.7100918	-1000	23.33334
588848900971626573	146.215754	0.83800676	23.69677	20.89046	20.54359	19.17009	25.93423	1.137321	2.969635	27.91715	2.969968	2.969421	1.119945	-1000	22.72613
588848900971626589	146.23947917	0.75375053	22.39408	22.20086	21.52401	20.91385	21.45304	1.607294	2.969635	2.969482	2.969968	2.481748	1.055623	-1000	22.22385
588848900971626665	146.15817552	0.83047726	22.10941	20.03407	18.92454	18.4427	18.06507	0.9499843	1.488389	2.012926	1.989123	1.970042	1.977924	0.1149965	20.09804
588848900971626737	146.16813946	0.65753784	22.57063	20.63964	19.51219	19.01004	18.67347	0.9626109	2.969635	2.158395	2.063642	2.015658	1.997776	0.1745163	20.73822
588848900971626754	146.21635501	0.65944121	19.82441	18.3903	17.25349	16.76277	16.43486	3.570665	27.91859	7.605836	7.41161	6.983019	7.360326	0.2771425	18.72025
588848900971626772	146.28103773	0.7983786	23.53991	23.5384	22.53382	22.1281	21.86087	0.6726415	0.2928717	2.969482	1.335676	1.625108	2.969111	-1000	23.38993
588848900971626887	146.17107821	0.65210409	23.71032	22.74923	22.12464	21.59168	21.49269	1.066138	2.969635	2.969482	2.969968	2.114638	4.512897	-1000	22.23141
588848900971626898	146.17617021	0.82817073	22.85951	21.92673	20.92564	20.41761	20.01136	1.396938	11.30503	2.969482	2.700709	3.531044	4.083465	-1000	22.3217
588848900971626924	146.19012438	0.65119788	23.91239	22.548	21.74865	21.2663	21.34334	0.7999535	4.583613	2.969482	1.713483	1.979039	1.00061	-1000	22.80763
588848900971626945	146.19409403	0.79748926	22.56398	21.9077	20.13792	19.50001	19.18221	1.060004	2.969635	2.969482	2.186299	2.473254	3.415015	-1000	21.80958
588848900971626968	146.2033945	0.64065426	24.04092	22.65948	22.02215	21.94181	22.41088	0.5886128	2.969635	2.969482	1.102589	1.520345	4.582804	-1000	22.61786
588848900971626977	146.20776659	0.73831344	23.16411	22.58905	20.80484	20.16241	19.62739	0.8805345	2.969635	2.969482	1.686905	1.872684	2.158851	-1000	22.66498
588848900971627002	146.22172861	0.76331854	23.48789	22.63807	21.55415	21.14412	21.12291	0.9281268	2.969635	2.969482	1.82083	1.999025	0.07960802	-1000	22.65012
588848900971627028	146.2415315	0.76611754	23.84876	24.09303	21.98035	22.4864	22.60784	1.324533	2.969635	4.583377	2.969968	0.05095449	4.582804	-1000	24.42014
588848900971627049	146.25973178	0.6584022	22.81823	22.32322	22.45233	22.45788	22.29921	0.8695419	0.8487458	2.969482	2.969968	1.5173	4.582804	-1000	22.47859
588848900971627053	146.26748194	0.71975676	23.94296	23.00507	22.74307	22.68733	22.46934	-9999	2.969635	2.969482	2.969968	1.697585	0.3712961	-1000	23.10561
588848900971627118	146.15402698	0.73872626	24.74189	23.30093	21.83759	21.20267	20.98573	0.8405091	2.969635	2.969482	1.618804	2.273643	2.969111	-1000	23.19406
588848900971627134	146.16419403	0.73537628	24.40474	25.36947	22.33156	22.42817	21.09182	0.5284691	4.583613	4.583377	0.9608786	0.9103191	2.106298	-1000	25.29063
588848900971627138	146.16847335	0.6960616	25.70189	23.53328	22.33539	20.97514	20.2695	0.6520646	2.969635	2.969482	1.211924	2.398697	2.491415	-1000	23.0503
588848900971627149	146.17484364	0.69158306	24.39182	23.30853	21.89492	21.29897	20.49339	0.7236295	7.358374	0.6518539	1.418951	1.568099	1.914709	0.214247	23.61934
588848900971627167	146.18522795	0.73016241	24.78311	24.03086	22.62642	22.18855	21.86033	0.5316717	4.583613	2.969482	1.316631	1.218067	4.582804	-1000	24.9504
588848900971627168	146.18411146	0.82946407	25.82174	23.38512	22.15443	21.65561	20.83147	0.985923	2.969635	2.969482	2.969968	2.607356	1.966609	-1000	23.28609
588848900971627174	146.18619453	0.69674373	24.10106	23.47323	22.28374	21.91728	22.72009	0.6266823	4.583613	2.969482	1.587666	2.969421	2.969111	-1000	23.61433
588848900971627196	146.19646489	0.69412853	24.12846	24.45028	22.42487	21.32966	20.83501	0.5680671	2.969635	2.969482	1.33205	1.463913	2.573539	-1000	23.92734
588848900971627208	146.20143683	0.7974528	24.54238	22.94467	21.7429	21.30859	21.10021	1.065347	4.583613	2.969482	2.059148	2.040855	1.157176	-1000	22.75789
588848900971627210	146.20278219	0.73601313	24.7946	23.82359	22.33941	21.90022	21.42675	0.6237464	2.969635	2.969482	1.181167	2.663803	1.359347	-1000	24.28712
588848900971627218	146.20567388	0.68379457	22.0656	23.47445	21.37853	21.70731	22.08244	2.367507	2.969635	2.969482	4.584127	1.050022	0.6936031	-1000	23.22407
588848900971627248	146.22459803	0.82600323	24.4577	23.55305	21.96325	21.54171	21.1127	0.8159838	2.969635	2.969482	1.645825	1.741022	7.357073	-1000	24.63619
588848900971627283	146.25195425	0.64882543	24.19364	23.5907	22.33725	22.83246	22.23365	0.7728871	4.583613	2.969482	1.560094	2.969421	2.017971	-1000	23.01568
588848900971627285	146.25347298	0.75042868	25.26814	22.79736	21.59026	21.53899	21.01823	1.243924	2.969635	1.246716	2.969968	1.463228	1.561549	1.18996	23.04668
588848900971627287	146.25333759	0.73377258	24.472	23.49632	21.97403	21.48418	21.56665	2.495009	7.358374	2.969482	7.359198	2.969421	1.632659	-1000	24.26809
588848900971627308	146.26793395	0.73852459	25.79064	24.22061	21.31479	20.58607	19.99239	1.067953	2.969635	7.357994	2.248519	3.664893	1.535398	-1000	23.47578
588848900971627327	146.27757201	0.7423623	23.97714	23.64378	22.03633	21.48013	21.44017	0.6534579	0.6995349	2.969482	1.50424	7.357843	1.912169	-1000	23.47922
588848900971627339	146.2831271	0.70632019	23.48587	25.3283	24.3687	24.83895	20.37012	0.5168796	1.134997	2.969482	4.584127	2.969421	2.095529	-1000	22.69985
588848900971627343	146.28403266	0.82817434	24.5095	24.44751	22.07033	21.41995	20.87422	1.035382	2.969635	2.969482	2.969968	2.094566	11.30303	-1000	27.28505
588848900971627357	146.29342784	0.7531895	23.64058	21.94557	20.52852	19.78662	21.43766	8.120317	27.91859	2.969482	27.92172	2.969421	27.91366	-1000	26.6764
588848900971627398	146.17637715	0.71863903	23.74784	23.66994	23.03203	21.76213	21.13502	0.7132023	2.969635	2.969482	2.969968	1.6601	2.507288	-1000	22.98982
588848900971627478	146.29979552	0.81861373	22.95214	22.46167	21.69906	20.65946	20.33842	0.8252416	0.3640776	2.969482	2.969968	2.969421	2.602293	-1000	23.26826
588848900971627530	146.19116361	0.76191088	25.45241	24.5862	22.94897	21.50798	21.48526	0.8787848	2.969635	2.969482	2.969968	2.296163	11.30303	-1000	25.24244
588848900971692064	146.33829734	0.65674715	23.05015	23.28717	22.65882	21.11123	21.0818	2.296942	4.583065	2.969244	2.969987	2.969802	4.582884	-1000	23.03071
588848900971692123	146.44468385	0.8176898	24.98642	22.90368	22.77534	24.35872	20.5307	0.6403609	2.96928	2.969244	1.142751	2.969802	2.531676	-1000	22.65766
588848900971692164	146.33806202	0.72216933	20.87457	19.23892	17.90286	17.31726	16.85898	1.801444	2.152405	5.210181	4.469993	3.414863	3.554334	0.6081859	19.10613
588848900971692237	146.44208008	0.63381557	24.69436	24.08693	22.76251	21.9288	21.96367	0.7185823	4.583065	2.969244	2.969987	2.447933	0.3078012	-1000	24.03529