587729149846946428	151.63263451	-2.61203165	24.60177	23.23802	21.90563	21.30927	20.81629	0.7675635	2.96956	2.96992	1.67355	2.791054	2.852454	-1000	22.65133
588848900971299300	145.47396353	0.81066028	23.6384	22.40554	21.16771	21.13859	20.37821	0.8738989	2.968804	2.969576	2.042646	1.916619	4.011299	-1000	22.3641
588848900971299317	145.4909632	0.83783288	24.75526	22.16235	21.05073	20.48334	20.46729	2.966501	11.30187	2.969576	11.30498	2.969343	11.30352	-1000	24.48825
588848900971299318	145.49148089	0.81142239	24.0182	22.6754	21.8848	22.13977	21.10087	0.9191305	4.58233	2.969576	2.969621	2.969343	1.731193	-1000	22.52478
588848900971299334	145.50227442	0.66003411	23.33905	22.43818	21.12033	20.64142	20.11884	1.049067	2.968804	2.969576	2.267951	1.603164	1.930194	-1000	22.59579
588848900971299340	145.50416663	0.76098365	22.50951	20.81962	20.02162	19.59682	19.3259	1.173755	2.968804	2.257083	2.404212	2.178187	1.705696	0.4799224	20.83715
588848900971299362	145.52366174	0.65364368	24.7968	22.99505	23.43509	22.87568	22.54142	0.7999009	4.58233	2.969576	2.969621	2.969343	2.969238	-1000	23.25749
588848900971299389	145.54954276	0.70376929	23.38449	22.64794	21.45666	21.06194	21.14985	1.029358	2.968804	2.969576	2.373986	1.878305	2.969238	-1000	22.74034
588848900971299432	145.42297084	0.81490282	23.36344	24.35848	22.03624	22.21961	21.32267	0.8009616	2.968804	2.969576	1.56452	2.969343	1.120436	-1000	25.19279
588848900971299434	145.42769243	0.82719714	25.49871	22.68368	20.8117	20.43061	19.69099	3.404019	2.968804	2.969576	2.969621	1.236095	0.9191437	-1000	24.85702
588848900971299445	145.44320237	0.68434032	23.35299	24.14812	22.33566	23.70852	21.96519	-9999	2.968804	2.969576	2.969621	0.7320931	1.181804	-1000	27.00465
588848900971299491	145.48839722	0.78773458	23.84792	23.34747	21.74711	21.33248	21.15536	1.498724	2.968804	2.969576	2.969621	1.956842	1.874886	-1000	22.65935
588848900971299504	145.50057313	0.83645179	24.62429	23.49146	22.20247	21.3064	20.89618	1.050742	0.727711	2.969576	2.969621	1.776134	1.523224	-1000	23.41769
588848900971299552	145.53301132	0.68660451	24.05314	23.3168	21.4687	20.91505	20.45274	0.8408025	4.58233	2.969576	1.736417	2.052792	11.30352	-1000	22.71032
588848900971299557	145.53742014	0.6896633	23.45524	22.8105	21.16215	19.77604	18.98633	1.502349	2.968804	2.969576	2.969621	2.431716	3.22686	-1000	23.14372
588848900971299569	145.5441279	0.63391582	24.15682	23.00704	21.57583	21.55968	22.25219	1.170358	7.356313	2.054337	2.564924	1.789098	0.578731	1.91881	24.10887
588848900971299578	145.5522323	0.80680643	24.06221	23.66996	21.05091	20.0824	19.41091	1.217308	2.968804	2.969576	2.969621	4.356917	1.639408	-1000	23.5944
588848900971299602	145.41693292	0.70428972	23.74264	23.86562	22.55784	21.47437	21.17425	1.772471	0.6435323	2.969576	2.969621	1.638441	1.357504	-1000	24.15458
588848900971299620	145.43461375	0.66359859	25.90094	25.79351	22.47568	21.25756	20.69911	1.471936	2.968804	4.583522	2.969621	1.717	2.65128	-1000	25.51811
588848900971299632	145.44865411	0.79827257	22.88657	24.06833	23.13071	22.05402	22.04836	-9999	2.968804	2.969576	2.969621	2.969343	2.969238	-1000	24.75765
588848900971299644	145.47224813	0.62991528	24.64993	25.2476	23.30939	21.91114	21.49056	1.419574	2.968804	2.969576	2.969621	1.824746	2.969238	-1000	22.79163
588848900971299683	145.53752446	0.68332453	22.98198	25.41029	22.80314	21.22416	20.5712	0.5147561	0.09337211	2.969576	2.969621	1.566746	1.760684	-1000	25.81909
588848900971299689	145.54845445	0.63177859	23.93063	23.54846	21.72699	20.77296	20.70498	2.064446	0.7613067	7.358226	2.969621	7.357649	2.969238	-1000	22.03935
588848900971299724	145.49500274	0.83435398	24.09638	24.24121	23.37892	21.91017	21.68969	0.1944294	2.968804	0.7485871	2.969621	1.913321	0.8673345	0.6745976	24.85213
588848900971364368	145.55944989	0.6849233	23.86743	22.06437	21.17116	20.6436	20.12671	0.903987	2.969064	2.135447	1.935099	3.555359	3.833015	0.4130461	22.01333
588848900971364372	145.56054833	0.67240713	24.12052	22.26848	23.5682	24.45452	22.78517	2.121471	2.969064	2.969459	0.08749627	2.96966	2.969321	-1000	22.38468
588848900971364410	145.58439276	0.64713241	22.64291	24.68234	22.03403	21.86093	22.26867	1.170771	2.969064	2.969459	2.970076	2.96966	3.298322	-1000	24.71915
588848900971364411	145.58866632	0.64663977	22.51854	22.24463	21.29034	21.27278	22.3305	1.956452	2.969064	43.76221	2.970076	2.96966	0.6939678	-1000	21.88878
588848900971364412	145.58176753	0.64193866	24.39982	23.8082	22.83928	21.21126	22.59561	1.403028	0.09924965	2.969459	2.970076	2.91156	7.357596	-1000	23.77801
588848900971364413	145.58926303	0.64211228	22.70613	21.1002	21.57108	19.32983	24.8456	2.127372	0.8424387	2.969459	2.970076	2.933627	2.969321	-1000	22.82337
588848900971364439	145.63826997	0.65947413	26.68868	22.49428	22.21078	19.82014	25.52523	3.046603	2.969064	2.969459	2.970076	43.76518	2.969321	-1000	21.23564
588848900971364462	145.69172947	0.74014503	23.03426	22.28608	21.04582	20.13833	20.79423	1.234589	2.969064	2.969459	2.969319	6.255765	7.357596	-1000	22.07941
588848900971364463	145.68947525	0.74682642	25.27316	24.32078	22.86404	21.6733	22.34033	1.236928	7.356958	2.969459	2.970076	18.01749	0.0872324	-1000	23.26564
588848900971364465	145.70083302	0.73386461	25.18842	24.54148	22.66744	21.95914	21.99922	0.1560891	0.2800451	2.969459	2.970076	1.960549	0.09303667	-1000	26.16691
588848900971364493	145.56329399	0.80261605	23.04446	20.52044	19.47627	19.04267	18.64659	1.632664	0.7790153	3.621742	3.403719	3.407566	3.682686	0.2678038	20.57559
588848900971364595	145.58876256	0.7776066	21.73252	20.77204	19.29259	18.77561	18.56436	1.389084	2.969064	2.969459	2.818326	3.662072	4.807558	-1000	20.72655
588848900971364662	145.56943578	0.65787766	22.20676	25.6603	25.11648	24.45519	23.59174	1.869581	1.186249	0.8616245	4.584293	4.583652	2.969321	-1000	25.10858
588848900971364677	145.62765399	0.6542532	21.6827	26.60706	23.42214	25.37464	22.71577	0.9959857	1.970404	2.969459	2.970076	2.96966	2.969321	-1000	26.27909
588848900971364737	145.5703523	0.6711544	25.02419	22.79151	22.99821	23.24498	22.59408	1.309555	2.969064	2.969459	2.970076	2.96966	0.2981468	-1000	22.5323
588848900971364766	145.58947351	0.76337368	24.51225	22.25431	21.30136	21.22799	21.0057	1.171585	4.582732	2.969459	2.218416	2.610502	2.586457	-1000	22.22405
588848900971364803	145.60286064	0.83566328	22.85551	21.69096	20.7553	20.43848	20.26153	1.916263	0.09492519	2.969459	7.359465	3.368889	0.08632595	-1000	21.53203
588848900971364804	145.60450495	0.79853036	22.39274	21.21782	20.10685	19.78563	19.36071	1.510088	2.969064	2.969459	7.359465	2.976003	3.323399	-1000	21.06604
588848900971364817	145.61046663	0.80902761	23.97651	22.58748	21.68475	21.55462	21.17797	0.960703	1.086193	2.969459	2.035373	18.01749	3.510839	-1000	22.71609
588848900971364818	145.60997022	0.80662779	23.57002	21.48327	21.05796	20.88967	20.6524	1.542551	2.969064	2.969459	2.991885	2.694651	2.00543	-1000	21.53151
588848900971364839	145.6163998	0.64243946	21.70533	20.93386	19.9311	19.45985	19.28056	1.418076	11.30286	3.099684	3.031574	2.718118	2.779552	0.3104219	20.90256
588848900971364840	145.61554482	0.64091468	22.9786	23.10471	22.28606	22.61606	21.21119	0.8501478	1.319867	2.969459	2.970076	2.96966	7.357596	-1000	22.69773
588848900971364853	145.6218303	0.69108105	22.61738	22.01148	22.23626	22.10953	22.62813	1.640597	2.969064	2.969459	2.970076	68.29963	0.7258698	-1000	22.00488
588848900971364905	145.65638962	0.7457	23.74149	22.00574	20.17134	19.49267	19.00105	1.151577	2.969064	2.969459	2.375784	2.526736	6.617638	-1000	21.88438
588848900971364913	145.65790482	0.70746268	23.54641	22.82277	21.96959	21.83702	20.58197	0.7545576	2.969064	2.969459	1.500785	1.194594	2.110669	-1000	22.48497
588848900971364927	145.66580889	0.82997228	22.73534	22.70148	21.48697	21.18198	20.47238	0.9382786	2.969064	2.969459	2.131951	1.810244	1.340916	-1000	22.41836
588848900971364952	145.67514195	0.70474089	23.85029	22.73592	21.99454	21.58414	21.89448	2.889675	0.1047165	2.046828	11.30671	1.120088	1.009516	0.1717185	25.77995
588848900971364959	145.6838381	0.65885033	23.39642	21.90283	20.33912	19.75833	19.24566	0.8538252	11.30286	2.244326	1.698715	1.796788	1.666846	0.2617707	21.76563
588848900971364970	145.69097389	0.67681765	23.88206	22.88147	22.85309	22.11695	21.32974	0.7253448	4.582732	2.969459	2.970076	2.96966	2.52706	-1000	23.35549
588848900971364982	145.69835972	0.66714901	25.01593	22.89193	21.55585	20.91273	20.39665	0.6795335	2.969064	2.969459	1.477269	1.738259	1.900523	-1000	23.42203
588848900971365005	145.55677364	0.73856723	23.45528	23.33208	21.84106	20.98801	20.55312	1.913293	2.969064	2.969459	7.359465	3.331751	3.374979	-1000	25.89452
588848900971365043	145.57753917	0.74180599	23.80726	23.47092	22.17581	21.85603	22.18051	1.462724	2.969064	2.969459	2.970076	1.629099	1.153711	-1000	23.16112
588848900971365058	145.5882357	0.75492015	23.01039	23.30857	21.38128	20.62459	20.10016	1.119964	2.969064	2.969459	2.541836	1.634225	6.865702	-1000	23.01048
588848900971365063	145.59056331	0.787701	24.02075	22.82255	21.90317	21.7401	21.2825	0.6276196	1.07416	2.969459	2.027456	2.96966	11.30384	-1000	23.44162
588848900971365064	145.59089654	0.70957917	24.80675	24.08587	22.40603	22.24825	21.39198	0.6834508	4.582732	0.09074883	1.201055	2.96966	1.355831	0.03360485	23.66242
588848900971365066	145.59405766	0.70030014	24.88166	23.78267	22.47707	20.49723	19.40232	0.6569476	2.969064	2.969459	1.152556	1.472944	1.472163	-1000	23.71722
588848900971365092	145.60839518	0.74371474	26.1975	23.62393	21.86486	21.74151	20.91945	0.8191637	2.969064	2.969459	1.95768	1.354457	3.916696	-1000	23.56429
588848900971365094	145.6085092	0.75970659	26.3495	23.47932	21.84556	21.61633	21.25598	1.215249	2.969064	7.357935	2.970076	2.96966	18.01543	-1000	21.89881
588848900971365118	145.61883422	0.69494675	23.29732	22.73792	21.12823	20.76487	19.96582	1.779855	2.969064	7.357935	2.970076	2.668521	2.385035	-1000	22.58621
588848900971365136	145.63485154	0.81937778	23.91556	23.6201	21.82055	22.23644	22.70863	0.8601736	4.582732	4.583341	1.865654	2.96966	0.6795334	-1000	23.34658
588848900971365137	145.63659471	0.83664228	23.68987	23.56505	21.91566	21.16395	20.84444	0.952891	2.969064	2.969459	1.960349	2.034716	3.307518	-1000	23.45683
588848900971365138	145.63794145	0.65363394	23.36325	23.15399	22.01956	22.64567	23.03638	2.268658	11.30286	2.969459	11.30671	2.96966	2.969321	-1000	27.41006
588848900971365160	145.64607875	0.78624679	23.73063	24.29836	22.49303	24.29477	22.01173	0.1759852	2.969064	2.969459	2.970076	2.96966	0.083639	-1000	26.00722
588848900971365168	145.65739894	0.64062564	24.77393	24.45802	22.33403	22.36996	22.3364	0.6841611	2.969064	2.969459	1.492877	1.830476	2.969321	-1000	26.1286
588848900971365175	145.66148589	0.74876219	25.37298	24.79306	22.24547	22.10027	21.28465	0.6146792	4.582732	2.969459	2.970076	2.96966	1.195699	-1000	27.12741
588848900971365207	145.68060771	0.67540316	24.2695	22.61027	21.41804	21.11446	20.96568	1.03904	2.969064	2.969459	2.262648	1.812608	1.583228	-1000	22.5892
588848900971365284	145.62630838	0.69738226	23.58031	24.11965	22.81785	21.73273	21.84709	0.7446996	4.582732	4.583341	2.970076	1.451177	1.063701	-1000	24.32986
588848900971365364	145.68199707	0.79931615	25.63252	22.99757	22.11276	21.0683	21.60236	1.729169	4.582732	4.583341	4.584293	3.216663	2.969321	-1000	22.69063
588848900971429899	145.7192778	0.79913731	22.65806	22.3131	21.85442	21.67577	21.03417	1.070549	2.969262	2.968944	2.969935	3.62229	3.950449	-1000	21.83588
588848900971429946	145.76325656	0.64123096	23.76061	22.54235	21.61568	20.8687	20.60088	0.5594336	2.969262	2.968944	1.112766	1.615565	1.129376	-1000	22.58299
588848900971429950	145.76461082	0.63071453	27.71823	21.75313	21.43569	19.91282	25.12466	1.869231	0.2768591	27.91209	2.969935	2.969401	2.969867	-1000	23.1361
588848900971429969	145.80693058	0.8086544	23.40982	21.70366	20.15949	19.58731	19.04355	1.099854	2.969262	2.968944	2.26598	1.749729	3.2341	-1000	21.8599
588848900971429993	145.84801261	0.81013333	23.36267	24.45969	23.48737	22.12832	21.12897	0.7346941	0.4616276	2.968944	2.969935	1.26282	7.358947	-1000	24.60171
588848900971430015	145.72547966	0.73065836	21.61929	19.32508	17.98836	17.40523	16.99121	1.350418	2.969262	2.962806	2.943259	2.839366	2.861727	0.2403242	19.37798
588848900971430063	145.79613959	0.69135615	24.21267	23.69055	22.13734	21.65858	22.4874	0.7805586	2.969262	2.968944	2.969935	1.462769	1.045156	-1000	23.87919
588848900971430080	145.81935051	0.70692645	21.18253	19.44293	18.26051	17.75525	17.34529	1.207787	2.969262	2.77609	2.721514	2.642029	16.57329	0.267767	19.50974
588848900971430081	145.81919984	0.70447683	23.3057	23.16497	22.03309	21.7021	21.22765	0.7244372	2.969262	4.582546	1.589107	1.721039	1.784774	-1000	23.12341
588848900971430200	145.77402364	0.73662347	23.71635	22.24234	20.80324	20.21763	19.81971	0.9839271	4.583037	2.968944	2.303853	2.049451	2.766872	-1000	22.3816
588848900971430263	145.82625058	0.65831377	24.03439	23.08784	21.74817	21.31477	20.84149	0.9987191	4.583037	2.968944	2.969935	2.177143	4.583971	-1000	22.98824
588848900971430293	145.71069163	0.6328891	22.60473	22.85829	22.00991	22.19859	21.52558	0.9913119	1.044862	1.067262	2.969935	0.9385054	1.411789	0.41225	23.08269
588848900971430309	145.71773423	0.63298457	24.94434	22.14605	21.25195	20.92554	20.90452	1.308597	2.969262	2.968944	2.509427	1.775998	18.01874	-1000	22.56097
588848900971430314	145.72251842	0.75721061	23.259	22.51595	22.00179	21.41788	21.3258	0.6565776	2.969262	2.968944	1.420735	1.794302	1.497411	-1000	22.47337
588848900971430317	145.72535238	0.7813429	22.61257	22.25556	21.98373	21.89242	22.31034	0.8718254	0.7949014	1.378215	2.969935	2.969401	0.1227582	0.2014284	22.74704
588848900971430324	145.73305686	0.72343683	23.94929	22.56294	21.41457	21.01681	20.5932	0.7432001	4.583037	2.968944	1.452884	1.597126	11.30591	-1000	22.51562
588848900971430358	145.75673413	0.78353418	23.44233	22.66657	21.47298	21.35648	21.61828	0.7313755	2.969262	2.968944	1.68634	1.672662	0.6626385	-1000	23.01778
588848900971430363	145.76258109	0.83304117	23.11457	22.83329	23.20185	23.26365	21.61399	0.7527282	2.969262	2.968944	2.969935	0.09558155	0.9973176	-1000	23.50752
588848900971430374	145.77722798	0.67817252	24.02431	21.49809	20.55723	20.031	19.74757	0.9181044	0.3364486	2.35838	2.304306	1.867079	1.742203	0.2569272	21.83599
588848900971430376	145.77932697	0.72875918	26.26666	22.60667	21.765	21.09461	20.41045	0.8741561	2.969262	27.91209	2.022305	3.248326	1.71736	-1000	21.99645
588848900971430384	145.78681725	0.63459789	24.94552	22.94205	22.38062	22.28438	22.58734	0.6567707	4.583037	2.968944	1.515879	2.969401	0.7591628	-1000	23.23065
588848900971430388	145.78948689	0.72772115	21.97816	22.78613	21.57421	20.5559	20.7844	1.8766	2.969262	2.968944	2.969935	2.861627	11.30591	-1000	22.45624
588848900971430390	145.79024909	0.71571063	23.17422	22.21867	21.67293	21.47991	21.82568	1.260009	0.8476269	1.499225	2.969935	2.607272	0.1015585	0.2405588	22.54969
588848900971430409	145.80119718	0.77603027	22.81904	22.64645	22.05999	21.5983	21.45553	0.6941077	1.181897	2.968944	1.416523	1.714509	1.087501	-1000	22.76987
588848900971430415	145.80369141	0.73965792	26.31303	22.32329	21.19451	20.75327	19.91766	1.337528	7.357448	2.968944	2.796978	3.422134	11.30591	-1000	22.29845
588848900971430420	145.80585822	0.72358378	23.67857	22.72235	21.73224	21.20282	21.01766	0.9113672	2.969262	2.968944	2.363683	2.204996	2.324573	-1000	23.99601
588848900971430423	145.80716549	0.82732251	23.07724	22.17919	20.75504	20.04115	19.35295	1.179108	4.583037	2.968944	2.643224	2.407865	2.039137	-1000	22.17244
588848900971430433	145.81312046	0.64192396	23.16136	21.84272	21.51971	21.06203	21.22708	1.282658	2.969262	2.968944	2.19389	2.168824	3.11404	-1000	21.84744
588848900971430458	145.82987602	0.77309258	22.7392	22.09458	21.74678	21.29345	20.66308	1.426329	2.969262	2.089769	2.969935	1.843819	7.358947	0.3829347	22.42997
588848900971430472	145.83885266	0.70192943	22.00073	20.44204	19.41749	18.93195	18.64315	1.623584	11.30361	3.231272	3.30441	3.074676	10.24497	0.2720228	20.63727
588848900971430481	145.84455439	0.73321699	22.20239	21.46467	20.60007	20.36676	20.04951	1.49793	2.969262	2.968944	3.10589	3.063815	7.358947	-1000	21.90936
588848900971430487	145.85047204	0.82016738	22.63255	21.55191	20.37363	19.94526	19.46787	1.116649	2.969262	2.233297	2.182579	1.998989	2.567248	0.3248879	21.73689
588848900971430619	145.79511384	0.76269635	23.22967	22.77485	21.29361	20.1625	19.52339	1.479037	2.969262	0.1027801	2.969935	2.669437	4.583971	0.04462948	23.64013
588848900971430622	145.79588791	0.67021325	23.06631	23.23069	21.7345	21.01215	21.00621	0.792715	4.583037	2.968944	1.658107	1.668177	0.08658916	-1000	23.41782
588848900971430634	145.8049532	0.71478965	25.68299	22.82163	21.94984	21.5105	21.48858	0.95366	2.969262	2.968944	2.025895	2.52832	2.969867	-1000	23.84839
588848900971430637	145.80469806	0.80344532	25.89498	23.07105	21.61896	21.27299	20.57617	1.010513	2.969262	2.968944	2.170457	2.830205	4.047101	-1000	22.81402
588848900971430640	145.80650911	0.68141621	24.73599	23.22904	22.17177	21.7778	22.4407	0.6617531	4.583037	2.968944	1.303619	1.140546	2.969867	-1000	23.22783
588848900971430665	145.81952384	0.77149794	25.30261	23.89332	22.16837	24.39733	21.83772	1.096113	2.969262	2.968944	2.969935	2.969401	4.583971	-1000	23.60696
588848900971430668	145.82067901	0.66641823	25.72816	25.54118	22.2298	24.60571	23.58185	0.5114835	2.969262	2.968944	1.295576	2.969401	2.969867	-1000	25.50877
588848900971430672	145.82308692	0.80135765	22.27635	23.07525	21.40174	21.14882	20.68039	1.36385	2.969262	2.968944	2.969935	3.106845	7.358947	-1000	29.91983
588848900971430676	145.82624217	0.64248077	22.44606	21.3231	20.39918	20.4214	21.73111	2.634005	7.357448	2.968944	7.359116	1.783726	1.751095	-1000	22.16801
588848900971430688	145.83421857	0.76705635	26.00848	22.83429	21.83994	22.59325	22.12514	1.158304	2.969262	2.968944	2.969935	2.969401	1.907259	-1000	22.9726
588848900971430689	145.83436196	0.78264775	24.55711	23.83872	21.73639	21.17539	20.83835	0.8329234	18.01507	18.01314	1.542235	1.157988	3.362945	-1000	23.30795
588848900971430710	145.84739693	0.66190822	24.66247	25.22016	23.85166	23.62311	19.55391	2.436159	2.969262	2.968944	11.30617	2.969401	2.445719	-1000	27.54647
588848900971430726	145.85184735	0.7917128	23.80882	23.15442	22.43535	21.9778	21.88053	0.5998797	2.969262	2.968944	1.313185	1.411793	1.010459	-1000	23.13103
588848900971430752	145.70891739	0.83620396	24.61524	24.06416	23.81159	21.7656	20.71685	0.5323476	2.969262	2.968944	2.969935	1.045009	2.980554	-1000	23.19957
588848900971430753	145.71251741	0.69444929	26.12841	24.90018	23.04473	21.85861	21.43228	0.6320522	2.969262	2.968944	2.969935	1.951454	1.600739	-1000	25.7489
588848900971430778	145.74857165	0.72394219	23.85201	22.40426	22.02853	20.99634	21.49289	0.9094639	2.969262	2.968944	2.969935	2.969401	1.111049	-1000	21.60573
588848900971430794	145.76699497	0.69643434	22.85181	25.55782	22.71398	20.99165	20.20974	0.3967502	11.30361	11.3024	1.083174	2.484182	3.261612	-1000	23.85178
588848900971430803	145.77862053	0.63029357	22.82444	23.53596	22.26947	20.77977	20.406	0.9267602	1.854659	2.968944	2.969935	2.048502	2.323247	-1000	25.13434
588848900971430809	145.78622696	0.83906573	23.76572	23.85194	23.29696	21.43612	20.88333	2.370234	2.969262	2.968944	4.584076	1.781357	1.480903	-1000	24.43791
588848900971430836	145.82589062	0.75883473	24.05767	23.32758	23.00408	21.96666	22.35585	0.9945851	2.969262	2.968944	2.969935	1.433915	1.094296	-1000	23.06178
588848900971430846	145.83918432	0.71185314	24.84204	23.53781	23.0323	21.60495	21.23389	1.417865	2.969262	4.582546	2.969935	1.307746	1.508839	-1000	22.90938
588848900971430899	145.77505023	0.7190951	23.883	22.94149	22.25863	21.46019	21.05697	1.044698	2.969262	2.968944	2.969935	2.969401	2.969867	-1000	22.73013
588848900971495512	145.96015695	0.81990962	23.64991	23.88212	23.15795	21.24922	21.89179	1.597392	2.968739	2.968655	2.969973	2.930454	2.969172	-1000	23.55881
588848900971495616	145.95577493	0.71587642	21.27493	19.27876	18.16479	17.70062	17.34634	1.149937	2.820448	2.513069	2.37045	2.311399	2.411909	0.06539778	19.32053
588848900971495649	145.99052291	0.7871069	22.1449	21.28225	20.65107	20.21721	19.70473	1.377324	2.968739	2.968655	7.35921	3.01259	2.043571	-1000	21.51309
588848900971495768	145.94002578	0.65789341	21.6367	25.63869	24.86857	24.2897	21.99036	2.839487	2.968739	4.5821	2.969973	4.582686	2.969172	-1000	26.18249
588848900971495773	145.94679004	0.65584194	23.29224	21.79242	20.6593	20.18892	19.84927	1.305973	2.968739	2.968655	2.450268	2.024808	2.990863	-1000	21.79785
588848900971495789	145.99274756	0.63599922	21.91793	21.47376	20.9813	20.55177	20.2473	1.224456	2.968739	2.684813	2.758805	2.459155	2.45318	0.4376078	21.51013
588848900971495813	145.85737587	0.82393788	21.99898	21.34996	19.9576	19.4057	18.84245	1.571673	7.356152	2.968655	4.478603	2.77067	3.416324	-1000	21.3404
588848900971495816	145.85922004	0.73799565	24.08622	22.91577	21.81981	20.62515	20.02465	0.7923918	2.968739	11.3013	1.650985	1.260519	1.072812	-1000	22.68097
588848900971495817	145.85926921	0.75887216	23.26775	22.72245	21.70062	21.14267	21.06425	0.7773334	2.968739	11.3013	1.566165	2.362506	2.408638	-1000	22.53178
588848900971495822	145.8635718	0.67914966	22.79527	23.42387	21.94229	21.45244	21.77583	0.6710398	7.356152	2.968655	1.687952	1.61311	1.185795	-1000	23.88867
588848900971495823	145.86318358	0.67763902	24.55562	22.79711	21.7226	21.64376	21.24463	0.8144656	4.58223	1.02461	1.904494	2.969034	1.530501	0.1207123	23.15647
588848900971495832	145.86791649	0.71337616	22.4278	21.34492	19.84828	19.14538	18.77589	1.340618	0.1024896	2.968655	2.962655	2.694421	2.346572	-1000	21.36557
588848900971495847	145.87662299	0.72411839	22.53689	21.62597	21.04406	21.0209	20.56741	1.000656	2.968739	2.188505	2.159641	2.122947	1.587884	0.3663163	21.66031
588848900971495851	145.87931979	0.72299768	22.85242	22.78002	22.51648	22.175	20.50743	0.4363374	4.58223	2.968655	1.241299	43.75595	1.655052	-1000	22.95941
588848900971495852	145.88093496	0.81850058	24.59854	22.82299	20.64161	20.12933	19.62214	0.9558944	2.968739	2.968655	1.759327	2.202731	1.382119	-1000	22.73112
588848900971495869	145.8899844	0.77730334	25.40833	23.7785	22.09288	21.59131	21.24554	0.8591256	0.5509031	2.968655	1.768753	1.618162	1.36533	-1000	24.32628
588848900971495883	145.8999371	0.82239071	24.29222	22.66607	20.67238	20.05392	19.49801	0.9328176	0.08317956	2.968655	1.848073	1.626655	2.5472	-1000	23.64897
588848900971495885	145.90238139	0.65017632	21.31303	19.94852	19.25945	18.83918	18.51967	2.10607	11.30162	4.054498	4.67081	4.47677	4.67836	0.2838201	20.04407
588848900971495888	145.90327872	0.70615601	22.38271	21.64632	20.52117	20.08741	19.76807	1.051867	1.306038	2.968655	2.153748	2.073925	2.234473	-1000	21.59796
588848900971495901	145.90942107	0.76332365	22.71201	21.69156	20.18502	19.68355	19.01789	1.211151	2.968739	2.105893	2.654279	2.012388	2.355965	0.2555644	22.00983
588848900971495911	145.91907303	0.65178239	25.01843	22.22395	22.50638	22.34817	22.10269	2.666677	7.356152	2.968655	7.35921	2.969034	7.357225	-1000	22.29724
588848900971495915	145.9203634	0.78904112	23.82862	22.13803	20.53403	20.08558	19.32957	1.206605	2.968739	2.968655	2.678282	2.606364	3.198269	-1000	22.18697
588848900971495918	145.92042182	0.7348199	23.7244	22.91327	23.64627	23.15743	21.69902	1.308655	2.968739	2.968655	0.1007213	2.969034	4.582898	-1000	23.23462
588848900971495923	145.92140053	0.74512068	23.17231	22.71522	21.63279	21.5946	20.79049	1.349299	0.08843848	2.968655	7.35921	2.969034	2.016129	-1000	22.80055
588848900971495935	145.92850953	0.74456537	22.08133	21.56544	20.4088	20.23542	19.75694	1.026836	1.805722	2.004081	4.340556	1.842541	1.627652	0.2306276	21.7689
588848900971495947	145.93451892	0.63202156	23.97421	22.97961	22.64232	22.01723	21.83569	1.144126	2.968739	4.5821	2.969973	1.706345	7.357225	-1000	22.75214
588848900971495976	145.95169617	0.8116155	23.84969	22.31725	20.65969	20.1858	19.98861	0.7779759	2.968739	1.641762	1.531349	1.745231	1.452964	0.2204594	22.41077
588848900971495996	145.96506025	0.78401406	24.36101	23.04146	22.21357	21.99516	21.02399	0.6925886	2.968739	2.968655	1.235814	2.679406	2.185733	-1000	22.63707
588848900971495998	145.96620544	0.672488	22.10074	21.29993	20.24376	19.72474	19.53542	1.006199	1.397447	2.626496	2.215638	1.946019	5.270658	0.372834	21.14845
588848900971496010	145.96934559	0.66226321	24.85731	22.47659	22.03325	21.32107	20.53954	0.8494462	2.968739	2.968655	1.704995	1.223957	1.787968	-1000	22.40298
588848900971496029	145.98189017	0.80522055	25.94568	22.72688	22.10302	21.82893	20.99168	0.8992538	0.2600163	2.968655	2.243236	1.564927	3.397308	-1000	23.15086
588848900971496057	145.99619229	0.70458459	24.02741	22.20824	20.76041	20.29778	20.10205	0.86838	2.968739	2.968655	1.888577	1.360107	5.990846	-1000	22.09249
588848900971496060	145.99535277	0.75806984	23.61868	23.7064	22.14932	21.92284	21.74021	1.242586	2.968739	2.968655	2.969973	1.630984	1.434834	-1000	25.50861
588848900971496062	145.99993255	0.73039135	22.68902	21.67165	20.45394	20.05989	19.43986	1.084496	7.356152	2.968655	2.256308	2.287934	1.781673	-1000	21.4782
588848900971496097	145.85660368	0.83268334	26.4845	22.96359	20.96161	20.19662	19.65801	1.266077	2.968739	2.968655	2.969973	2.988798	1.233974	-1000	23.54622
588848900971496115	145.86966274	0.74709396	23.77954	23.46464	22.06041	21.37117	21.84549	0.7286041	11.30162	11.3013	1.43166	1.821749	4.072578	-1000	23.20315
588848900971496129	145.87874543	0.80070946	23.90917	24.13319	22.26798	21.72055	21.36584	1.32866	0.7502384	7.355945	7.35921	2.633609	2.810716	-1000	22.38451
588848900971496135	145.88428568	0.78450423	23.9815	22.71815	20.99109	20.48131	19.62914	1.098505	2.968739	2.968655	2.360847	1.97849	5.176142	-1000	23.22553
588848900971496136	145.88424592	0.77885681	24.48729	24.37219	22.60786	21.91987	21.2206	0.8942267	2.968739	11.3013	2.969973	1.700027	1.7334	-1000	23.18722
588848900971496180	145.90755586	0.63939897	23.78605	23.33642	21.38909	20.67085	20.08554	1.147129	2.968739	1.175603	2.67049	1.296509	1.737016	1.046969	24.93138
588848900971496203	145.91791354	0.73537034	24.23616	24.45857	22.19747	24.02815	21.91793	0.6254074	7.356152	7.355945	1.093867	7.356884	2.969172	-1000	24.41694
588848900971496216	145.92344898	0.79182898	25.86857	22.36845	21.56598	21.68857	21.87824	1.396953	2.968739	2.968655	2.969973	1.508655	0.8052043	-1000	22.82512
588848900971496225	145.92649218	0.71451912	22.74638	23.24771	22.12357	21.62906	20.91239	0.7519079	1.824534	2.968655	1.399251	1.855498	1.714297	-1000	23.32907
588848900971496231	145.93182604	0.80546476	24.68541	23.71452	21.97535	21.56202	21.04275	0.8208639	4.58223	2.968655	2.969973	2.189267	0.909775	-1000	24.39665
588848900971496239	145.93639278	0.6663112	23.53411	27.33743	21.22289	25.52649	22.91574	12.27782	2.968739	2.968655	43.76979	2.969034	43.75798	-1000	29.97543
588848900971496248	145.94256611	0.78320254	23.7821	22.89201	21.01188	20.26036	19.6894	0.9398165	2.968739	1.830829	2.05828	2.024805	2.665326	0.3382164	24.07366
588848900971496273	145.95663314	0.639756	23.97872	23.22202	21.63331	21.4665	20.81271	1.048331	2.968739	2.968655	2.297851	1.498201	2.472043	-1000	24.70451
588848900971496307	145.97633991	0.72875459	22.98485	23.39918	21.98127	21.77762	21.57271	0.6542948	2.968739	2.968655	1.555718	1.340206	2.969172	-1000	22.68294
588848900971496310	145.97802255	0.73697295	25.59417	23.44141	21.69909	20.75561	20.0294	1.276336	4.58223	2.968655	2.220824	1.793586	7.357225	-1000	23.04615
588848900971496314	145.97801369	0.75847807	22.01381	21.15953	20.11739	19.48787	20.97277	1.046014	2.968739	2.968655	1.737736	7.356884	2.969172	-1000	22.63062
588848900971496319	145.98035706	0.77944795	23.74834	24.057	22.268	21.55343	20.70955	0.6125032	2.968739	2.968655	1.789036	1.573581	2.131767	-1000	23.53698
588848900971496321	145.98066973	0.64817473	22.53932	23.39566	21.99887	21.59438	20.98286	0.7677845	2.968739	2.968655	1.834792	3.098601	1.292188	-1000	23.18747
588848900971496331	145.98742588	0.7918937	23.95132	22.99825	21.98463	21.49434	20.92894	0.6647741	7.356152	7.355945	1.209881	2.969034	2.143906	-1000	23.31074
588848900971496372	146.00290848	0.73010767	23.45323	22.05279	20.56649	19.95139	19.3534	1.818783	11.30162	2.968655	2.969973	3.847277	2.810522	-1000	21.91199
588848900971496399	145.87561221	0.81818188	23.50998	25.3928	22.82195	21.95274	22.03464	0.775252	2.968739	2.968655	7.35921	1.150244	0.6786052	-1000	25.80805
588848900971496455	145.96204286	0.79285911	24.70461	25.27055	22.97687	21.50541	21.03806	1.636759	2.968739	2.968655	0.7800977	1.41374	3.843559	-1000	25.66193
588848900971496460	145.96616017	0.81873246	25.50661	23.92484	23.68461	21.87888	21.15116	-9999	2.968739	2.968655	2.969973	1.816139	0.9011127	-1000	22.86382
588848900971496463	145.97023563	0.68186929	23.96336	22.61531	22.20634	21.24921	21.76004	2.324311	2.968739	2.968655	11.30632	2.969034	2.969172	-1000	22.99482
588848900971496500	145.97309426	0.75155499	24.81573	25.60514	24.83283	22.86573	20.47749	2.978872	2.968739	2.968655	2.969973	2.969034	3.511127	-1000	26.07065
588848900971496502	145.99067679	0.70299318	24.18234	24.49739	24.17424	24.44611	20.52929	2.131537	2.968739	7.355945	7.35921	7.356884	3.533025	-1000	23.45831
588848900971496511	146.00259892	0.65207576	25.79094	21.62827	21.9367	21.65064	20.72575	1.269794	4.58223	4.5821	2.969973	4.582686	1.75942	-1000	22.05163
588848900971496516	145.92434185	0.69701193	23.16218	23.05576	22.28926	22.10552	20.89628	0.6776626	11.30162	7.355945	2.969973	1.842192	7.357225	-1000	22.46939
588848900971496520	145.89519634	0.74416986	24.9507	24.42432	23.77514	21.79411	21.72526	1.008066	2.968739	0.1052381	0.1014456	2.021179	2.072619	0.03411663	25.10072
588848900971496523	145.9483853	0.7094753	22.54443	22.63295	22.41292	21.45062	21.27644	0.7741916	2.968739	27.90938	1.208138	2.417276	7.357225	-1000	22.31845
588848900971561012	146.02962078	0.65679401	22.78463	22.7425	22.0893	21.15588	23.22373	1.458773	2.969659	2.968987	2.969686	2.015377	2.968729	-1000	22.54228
588848900971561054	146.10092605	0.81325511	24.00955	23.31855	21.92663	21.04932	21.48997	1.065935	0.1016634	2.968987	2.200884	2.819394	3.288285	-1000	23.19926
588848900971561059	146.10386073	0.83334034	25.98538	21.98023	20.41237	19.7026	19.25424	1.114721	2.969659	2.968987	2.855573	2.579501	3.074775	-1000	21.502
588848900971561138	146.13658204	0.69947272	25.80976	24.16928	23.21576	21.19213	22.12817	1.640299	2.969659	2.968987	2.969686	2.585322	0.8166521	-1000	24.16611
588848900971561145	146.14901333	0.83020826	22.74544	21.53732	20.62695	19.82154	19.40283	0.9029998	1.006552	1.934426	1.683526	2.251424	2.168102	0.2977751	21.58459
588848900971561170	146.01226048	0.76562991	18.77962	17.73466	17.1982	16.86865	16.63783	4.144458	2.969659	8.818936	8.965322	8.538695	9.570985	0.5677537	17.91555
588848900971561191	146.06942895	0.69819749	20.93717	18.95379	17.67874	17.16011	16.75607	1.789754	27.91881	4.497218	4.421663	4.231618	4.199725	0.3642822	18.93338
588848900971561327	146.02148533	0.83438468	25.26827	23.65965	21.85966	21.17169	20.72687	0.7166783	2.969659	2.968987	1.603713	1.473145	3.509385	-1000	24.05474
588848900971561349	146.10830339	0.79663871	26.18671	22.58483	24.71525	22.82355	21.9115	5.317261	2.969659	2.968987	2.969686	2.969397	1.049983	-1000	22.28866
588848900971561406	146.09596567	0.71733851	19.92357	18.91459	18.38053	18.12306	17.90096	3.634394	2.969659	8.796127	7.925885	8.179046	9.507345	0.4955635	18.77464
588848900971561444	146.00809378	0.78968418	24.12999	22.95719	22.22563	21.90637	21.62039	0.6480901	2.969659	2.120007	1.176968	2.969397	0.09244963	1.976121	22.67726
588848900971561463	146.02421896	0.7703949	24.01903	22.63549	21.30898	20.67154	20.03007	0.8493283	7.358431	2.968987	1.650222	1.676009	3.729777	-1000	22.70314
588848900971561504	146.04785609	0.80241518	23.20954	22.74869	24.28707	24.98454	22.90114	3.132057	2.969659	2.968987	2.969686	7.357783	0.07628208	-1000	22.56963
588848900971561509	146.05181334	0.76514758	23.41588	21.4134	20.18172	19.72441	19.4395	1.500078	2.969659	2.968987	2.885743	27.91635	1.793262	-1000	21.57268
588848900971561540	146.06475015	0.83157844	23.95202	23.64548	23.23397	21.70078	23.17846	0.9695203	2.969659	2.968987	2.969686	2.041347	2.968729	-1000	24.29572
588848900971561558	146.07110254	0.77111642	23.44594	22.3598	21.56762	20.96929	20.62455	1.069948	2.969659	2.968987	2.349514	3.064145	7.356129	-1000	22.26599
588848900971561581	146.0836512	0.76265333	25.54376	22.6585	22.33156	22.73901	22.78936	0.6152626	2.969659	2.968987	1.434824	2.969397	4.582215	-1000	22.73467
588848900971561592	146.08953729	0.65423915	25.67306	22.41292	21.31651	20.86281	20.3695	0.8719842	2.969659	2.968987	2.144884	1.663908	1.795393	-1000	22.05993
588848900971561600	146.09550732	0.76575947	22.22076	21.46232	20.15248	19.59953	19.19562	1.594552	2.969659	2.968987	4.041514	2.696785	2.622929	-1000	21.33196
588848900971561611	146.10329372	0.73670427	24.50378	22.39033	21.34105	21.25311	20.91773	1.225804	2.969659	2.968987	2.969686	1.533148	2.472414	-1000	22.81817
588848900971561627	146.11221872	0.7973445	22.04812	21.29708	19.89058	19.23729	18.85116	1.938636	18.01748	2.968987	3.66656	3.863334	3.498858	-1000	21.89211
588848900971561648	146.12426708	0.74945605	21.78616	20.9369	20.17584	19.87447	19.64817	1.757746	11.30512	7.356766	7.3585	3.297374	5.623556	-1000	21.24672
588848900971561668	146.12433893	0.72056843	24.43713	22.35902	25.4726	25.58492	24.04355	-9999	2.969659	2.968987	2.969686	2.969397	2.968729	-1000	22.25164
588848900971561682	146.13650438	0.72382452	23.45405	22.63252	21.3047	20.90305	20.86259	0.8384794	2.969659	2.968987	1.766794	1.86446	1.778615	-1000	22.51253
588848900971561685	146.14158791	0.81464944	23.05544	21.19841	20.1501	19.6531	19.34189	1.47712	2.969659	2.968987	3.32228	2.957408	3.922678	-1000	21.16621
588848900971561712	146.15105518	0.7455125	25.58387	22.27695	20.62447	20.10321	19.63973	0.7998273	2.969659	1.603262	1.499921	1.526611	6.128488	0.2583103	22.30878
588848900971561738	146.00651697	0.72333176	23.27445	23.23098	21.76177	21.11538	20.43724	0.7371532	7.358431	2.968987	1.628822	1.435933	1.22761	-1000	22.95748
588848900971561772	146.02905952	0.79266338	23.56792	23.17248	21.68544	21.04457	21.478	1.299424	1.75686	2.968987	2.969686	1.338966	0.7868406	-1000	23.28732
588848900971561811	146.05217185	0.76904876	23.18175	22.58254	21.0249	19.79978	19.72879	2.364181	11.30512	11.30256	11.30522	3.73459	1.725411	-1000	22.59412
588848900971561836	146.06431631	0.64804387	23.4145	23.04731	21.41002	20.6192	20.31691	0.8583585	7.358431	7.356766	1.877174	1.70839	1.913357	-1000	22.2115
588848900971561837	146.06437164	0.65831382	24.36198	23.8281	22.07135	21.07638	20.8857	0.7348568	43.76516	43.75525	1.336111	1.888158	43.75146	-1000	23.52943
588848900971561839	146.06583478	0.73862159	24.6881	23.56108	22.28365	22.05352	21.41743	0.8918748	2.969659	2.968987	1.728074	1.565907	7.356129	-1000	23.86491
588848900971561842	146.06694753	0.75635682	25.82585	23.93712	22.39495	22.36255	21.8344	0.4529007	2.969659	2.968987	1.622795	0.9416388	2.968729	-1000	24.02856
588848900971561846	146.06776781	0.76145194	24.73855	24.31186	22.06186	21.19867	20.37531	0.7757648	2.969659	7.356766	1.57593	2.087599	1.529076	-1000	24.18473
588848900971561848	146.0696586	0.63910147	25.08932	23.61762	22.1567	21.43199	21.23729	0.7033873	2.969659	2.968987	1.32302	1.452292	3.258189	-1000	23.55426
588848900971561851	146.07111864	0.6680319	22.81876	24.26767	22.41531	23.4036	22.46422	0.7481177	1.087785	0.6966921	1.808502	2.969397	4.582215	0.5354714	25.12197
588848900971561865	146.07999348	0.6924415	25.77231	23.46031	22.2253	21.69327	21.33421	0.4439321	2.969659	0.9022567	1.280387	1.724382	2.658664	0.7786732	23.31351
588848900971561874	146.08220812	0.65616495	23.53478	23.46915	22.20087	22.49793	22.72223	0.6125124	4.58365	2.968987	1.382317	2.969397	0.2945863	-1000	23.58512
588848900971561885	146.0878212	0.6820002	24.79613	23.36495	22.07685	20.90193	20.07291	1.288415	7.358431	2.968987	7.3585	2.879083	1.652691	-1000	25.54305
588848900971561963	146.12396719	0.81373521	25.99814	23.12245	21.20948	20.64632	20.11756	0.8340347	2.969659	2.968987	1.645018	1.389395	2.12379	-1000	24.71478
588848900971561967	146.12563397	0.77433465	22.33331	22.14526	21.08159	20.12641	20.2609	1.518568	11.30512	11.30256	2.969686	2.969397	1.738189	-1000	21.99142
588848900971562002	146.14498078	0.73622384	24.72769	23.49095	21.95506	21.123	20.62699	0.6629528	2.969659	0.7665859	1.77553	1.79265	4.335329	0.5848804	23.83841
588848900971562010	146.14782962	0.68550067	24.06093	23.65241	22.17013	22.15326	21.85861	0.5165615	2.969659	2.968987	0.9460332	1.009859	2.968729	-1000	24.94102
588848900971562057	146.03279929	0.8207163	23.2499	23.10108	22.4372	21.78048	20.89841	1.002784	2.969659	2.968987	2.969686	1.860349	2.830546	-1000	22.62572
588848900971562079	146.05804793	0.65086261	23.07976	23.58665	22.39751	20.90852	20.06847	1.306525	11.30512	11.30256	2.969686	2.969397	3.045688	-1000	22.74058
588848900971562111	146.09521159	0.64004751	24.78432	23.98618	22.66693	21.62023	20.29532	0.0234743	2.969659	4.582613	2.969686	2.027202	1.789267	-1000	23.51308
588848900971562128	146.11307307	0.83215316	25.41185	23.71287	22.67362	21.7297	22.10081	1.11483	4.58365	2.968987	2.969686	2.212665	0.6845767	-1000	24.02211
588848900971562136	146.12157744	0.68283284	25.01038	23.92604	22.78099	21.90079	22.46117	1.848539	2.969659	2.968987	2.969686	2.969397	4.582215	-1000	23.11976
588848900971562155	146.1483254	0.798757	24.96832	24.37097	22.91647	21.62496	21.74025	-9999	2.969659	2.968987	2.969686	2.969397	4.582215	-1000	27.4903
588848900971562181	146.00783639	0.73834364	23.34792	22.71829	23.20865	22.2382	22.49396	3.113424	0.6043004	2.968987	4.583692	1.382793	4.582215	-1000	22.81611
588848900971562191	146.07900681	0.83675963	23.5398	23.39479	22.60326	22.62513	21.49218	0.6655353	2.969659	2.968987	2.176069	0.7600456	1.680292	-1000	24.46471
588848900971562193	146.08627963	0.83136786	22.6993	23.28165	21.14738	26.45592	22.4166	3.687626	2.969659	11.30256	11.30522	2.969397	0.6742156	-1000	21.68166
588848900971626518	146.16652587	0.70378617	24.20081	22.42531	20.89559	20.13573	19.83689	1.327239	18.01734	2.969482	2.629459	2.969421	2.956943	-1000	22.33885
588848900971626532	146.1626552	0.80504127	24.86954	24.22565	22.76526	21.39107	20.79155	0.3523846	2.969635	2.969482	0.7604544	1.86445	1.432391	-1000	23.95155
588848900971626536	146.17127758	0.79800961	24.37218	22.59279	21.42638	21.37515	20.24082	0.7161008	2.969635	1.310336	1.404949	1.281055	2.859087	0.2132201	22.75167
588848900971626537	146.1770047	0.79406674	23.14897	24.96353	23.51866	20.79808	23.30673	1.306553	2.969635	2.969482	2.969968	2.922306	2.969111	-1000	24.32909
588848900971626539	146.15916324	0.80336642	23.86996	23.17578	23.07062	21.45456	21.30874	0.4872222	2.969635	2.969482	2.969968	2.593513	1.938345	-1000	22.82675
588848900971626545	146.17379615	0.7887485	24.54787	24.11801	21.94447	22.96173	20.54138	1.086299	2.969635	2.969482	2.969968	2.969421	2.512016	-1000	24.0388
588848900971626556	146.1895405	0.6892616	23.81796	24.02014	21.80191	20.87494	20.50516	0.6691864	2.969635	2.969482	1.210709	1.945454	2.917325	-1000	23.69562
588848900971626582	146.23412365	0.78761367	23.36302	24.7519	21.66231	20.57828	20.2749	0.7946234	2.969635	2.969482	1.513259	1.870036	2.499609	-1000	24.01157
588848900971626590	146.22931864	0.75939384	25.47146	23.1494	21.51032	19.95955	20.56548	0.9566315	27.91859	2.969482	2.969968	3.366699	1.029101	-1000	23.24739
588848900971626594	146.24145053	0.75948764	26.59584	28.03539	20.72948	18.95085	24.80347	1.384959	27.91859	2.969482	2.969968	2.969421	2.969111	-1000	26.39429
588848900971626634	146.28184974	0.7401221	24.04508	23.41695	21.58161	22.17182	20.65028	9.284885	27.91859	2.969482	27.92172	27.91658	1.20797	-1000	29.95115
588848900971626676	146.17862833	0.78306331	23.49632	22.59063	20.92152	20.30641	19.76694	1.029344	1.089025	2.969482	2.654129	2.088468	1.631565	-1000	22.27713
588848900971626746	146.18970617	0.76860297	22.33695	20.63244	19.58718	19.09755	18.7325	1.095375	2.969635	2.357568	2.317828	2.163942	2.289341	0.2153609	20.63562
588848900971626756	146.21934209	0.65890472	23.55424	22.14703	21.12951	20.72829	20.56326	1.315704	7.358374	2.969482	2.723484	3.064365	2.836096	-1000	22.21109
588848900971626763	146.25530789	0.68338033	23.73949	20.48984	19.27419	18.68378	18.23923	1.681572	0.6648888	2.969482	3.810744	3.938112	3.393275	-1000	20.41985
588848900971626773	146.28810726	0.63871965	23.48617	20.97904	19.49449	18.93209	18.52625	1.09419	2.969635	2.201179	2.344597	2.056772	2.035896	0.02237773	21.02415
588848900971626782	146.29937838	0.65396892	21.54677	22.96292	22.96659	22.3856	21.08837	1.460465	3.339372	2.969482	0.09581348	2.209506	4.582804	-1000	22.53782
588848900971626828	146.22194185	0.74644391	21.72027	21.07118	20.69105	20.58172	20.58972	1.079395	2.969635	2.307781	2.368257	1.898918	2.743624	0.3019839	21.24069
588848900971626837	146.2510505	0.73352478	22.21284	21.3147	20.6432	20.34959	20.28342	0.6280842	2.969635	1.2717	1.248896	1.197063	1.141844	0.1064901	21.51142
588848900971626843	146.28293548	0.65797595	22.54809	22.41244	20.72994	20.2044	19.89726	1.184457	7.358374	2.969482	2.295763	1.843766	1.41572	-1000	22.66244
588848900971626889	146.17297994	0.74524254	23.42463	21.76484	20.84145	20.66422	20.14378	0.9589656	2.969635	2.403816	2.091923	1.767075	3.029113	3.409873	21.66046
588848900971626902	146.18025582	0.8141398	22.44663	21.68793	20.99728	20.88857	20.74007	0.9608134	4.583613	2.234037	2.181998	2.337812	2.579275	0.36689	21.58242
588848900971626908	146.18063065	0.83200394	24.71269	22.61988	21.12711	20.58472	19.93851	0.8863663	2.969635	2.969482	2.080145	1.858787	2.379881	-1000	22.15247
588848900971626913	146.18371645	0.76657624	23.32277	22.67033	21.90888	21.53498	20.56471	1.425814	0.656212	1.216633	7.359198	2.969421	11.30303	1.132303	24.75013
588848900971626920	146.18798277	0.69840072	25.03538	24.56715	22.74124	21.83068	21.005	0.439261	4.583613	2.969482	1.146421	2.131927	2.587694	-1000	25.1605
588848900971626965	146.20112871	0.74969553	22.81147	21.82979	20.18554	19.51774	19.18932	1.079036	2.969635	2.969482	2.301765	2.106516	2.501014	-1000	21.85695
588848900971626988	146.21501349	0.73546138	23.28975	22.88458	21.55607	21.25772	20.96773	1.002703	2.969635	2.969482	2.386636	1.538265	1.08756	-1000	22.77378
588848900971626991	146.21881841	0.68496621	24.02523	22.89214	21.19641	20.42144	19.75754	0.7795921	2.969635	2.969482	1.725591	1.475603	3.869441	-1000	22.84623
588848900971627020	146.23646754	0.66608398	22.18596	21.96789	21.50944	21.0738	21.24906	1.147661	4.583613	7.357994	2.492796	2.548465	2.969111	-1000	22.01814
588848900971627027	146.24281184	0.76796391	24.49101	23.72211	22.32176	21.55093	21.07228	0.8544052	2.969635	2.969482	1.266962	2.195714	4.582804	-1000	23.98026
588848900971627052	146.26459816	0.73057064	22.44272	21.76817	20.85851	20.48672	20.07172	1.02025	2.969635	2.200304	1.842766	2.110091	2.138838	0.5260004	21.77848
588848900971627056	146.27082452	0.7828667	22.64101	21.9352	20.97001	20.86316	20.59626	0.8600548	2.969635	2.969482	1.594791	1.318695	1.03439	-1000	21.77832
588848900971627130	146.16177444	0.75289122	26.31303	25.25986	22.47279	24.17038	22.49085	0.5829816	2.969635	2.969482	1.064605	2.969421	0.6642562	-1000	23.44143
588848900971627131	146.16348217	0.63757213	24.82587	23.96485	22.66193	22.19642	22.59337	0.5208477	2.969635	2.969482	0.9940996	1.197424	2.969111	-1000	24.55013
588848900971627134	146.16419403	0.73537628	24.40474	25.36947	22.33156	22.42817	21.09182	0.5284691	4.583613	4.583377	0.9608786	0.9103191	2.106298	-1000	25.29063
588848900971627142	146.1717679	0.74383158	24.29457	24.02187	22.32428	21.25913	20.7322	0.4905683	4.583613	2.969482	1.043851	1.441391	43.75708	-1000	24.13126
588848900971627154	146.17767697	0.82051472	24.47205	23.81173	22.41961	22.80218	21.61084	0.7686476	2.969635	2.969482	1.556425	0.09988494	1.725101	-1000	22.96186
588848900971627171	146.18503362	0.72490066	23.92192	23.51456	21.83498	21.41138	20.48773	0.9183872	11.30503	2.969482	2.969968	1.90467	1.016056	-1000	23.32499
588848900971627182	146.18910105	0.69666288	24.19306	23.84122	22.39146	22.84169	21.57125	0.3043378	4.583613	2.969482	2.969968	1.052239	2.465975	-1000	24.38066
588848900971627183	146.18990101	0.63130322	24.75558	22.70174	21.20832	20.41791	19.86492	1.458657	2.969635	2.969482	2.969968	2.357367	3.825886	-1000	22.54787
588848900971627186	146.19139958	0.81731886	24.17912	24.19299	22.24633	21.18314	20.76634	0.7931076	0.7168234	2.969482	1.965403	1.649542	1.806892	-1000	24.43163
588848900971627187	146.19148948	0.70149676	24.12581	24.05869	22.74645	22.20052	21.3844	0.6501188	2.969635	2.969482	2.969968	1.717415	1.767261	-1000	26.09083
588848900971627201	146.19919164	0.75290411	24.64005	25.21843	22.12564	25.11788	23.26427	2.486647	2.969635	2.969482	2.969968	0.2620897	0.2567197	-1000	23.12037
588848900971627221	146.20600937	0.77443557	23.44419	23.85064	22.01941	21.32459	20.76006	0.6697206	2.969635	2.969482	1.61792	1.391409	1.453122	-1000	24.90959
588848900971627242	146.21876368	0.80361409	22.48415	22.08091	21.27243	22.15526	21.04333	2.0722	2.969635	2.969482	7.359198	1.754769	7.357073	-1000	21.91806
588848900971627260	146.23505245	0.73425307	25.30721	23.29492	21.65535	20.90929	20.6296	1.177604	2.969635	2.969482	2.969968	3.118233	3.651446	-1000	22.45787
588848900971627275	146.24643244	0.64103855	24.82028	24.03808	22.12098	21.00946	20.66019	0.6084331	2.969635	4.583377	1.54796	1.493508	3.166551	-1000	23.53978
588848900971627278	146.24926704	0.79671484	23.01747	23.22827	22.06977	21.55596	21.32682	1.369133	2.969635	2.969482	2.969968	27.91658	3.812558	-1000	22.96222
588848900971627288	146.2540085	0.72339295	24.50577	23.25537	22.08805	20.95072	20.67397	0.7316857	2.969635	2.969482	1.501231	1.448022	1.427142	-1000	22.55179
588848900971627313	146.27131627	0.80168527	22.94862	22.79113	21.50166	21.05232	20.35723	1.208453	2.969635	2.969482	2.969968	11.30422	68.28699	-1000	23.31145
588848900971627330	146.27860137	0.72922567	23.53752	23.30732	21.40982	20.89432	20.22811	0.805795	2.969635	2.969482	1.886232	1.691727	2.043265	-1000	23.22883
588848900971627345	146.28582035	0.71691239	25.80416	22.928	21.83085	21.14723	20.9002	1.116879	0.09843701	4.583377	2.969968	2.330337	2.209456	-1000	22.43005
588848900971627360	146.29515554	0.63309104	23.17619	22.38764	20.85619	20.53997	19.92846	1.399672	2.969635	2.969482	2.836889	2.402862	3.491819	-1000	22.10358
588848900971627423	146.21548551	0.69463291	23.71107	24.00343	23.68744	21.90845	21.80206	0.6497421	2.969635	11.30445	2.969968	1.374478	1.960641	-1000	23.5335
588848900971627434	146.23008008	0.66494968	24.38118	23.92745	22.88276	22.11854	21.33464	3.939719	2.969635	2.969482	2.969968	2.969421	0.9254332	-1000	25.46618
588848900971627438	146.23525896	0.66095302	23.60139	24.13961	22.405	21.56926	21.33046	1.245484	4.583613	7.357994	2.969968	2.469548	2.969111	-1000	23.14745
588848900971627450	146.26120397	0.7076832	27.15693	22.66499	22.17422	20.8458	20.52728	-9999	2.969635	27.91715	2.969968	18.01604	1.333687	-1000	20.92511
588848900971627452	146.26161589	0.70199457	24.231	25.73722	24.07936	21.40619	21.53811	3.997924	4.583613	2.969482	4.584127	2.82854	1.767781	-1000	24.83693