587729149846946412	151.61831949	-2.52546925	24.11156	22.7723	21.67208	21.84229	21.84837	1.562984	2.96956	2.96992	2.970021	11.30555	2.969635	-1000	22.4241
588848900971299297	145.46972431	0.65142129	22.72431	21.57746	19.93474	19.27024	18.77873	1.291984	2.968804	2.969576	3.019122	2.744307	2.569376	-1000	21.34136
588848900971299304	145.48122408	0.766678	23.17702	22.89227	21.86848	21.33621	21.22239	0.6599247	7.356313	1.282246	2.051579	1.320397	1.498434	0.2576815	22.74993
588848900971299376	145.53592825	0.74163715	22.7391	22.38043	21.29219	20.91273	20.28859	1.045565	2.968804	2.969576	2.088232	2.683713	2.265066	-1000	22.21405
588848900971299377	145.53675221	0.65398933	22.52655	21.43119	20.20559	19.72333	19.29918	0.9955355	7.356313	2.023339	2.427963	1.916594	2.06026	0.2268728	21.48598
588848900971299427	145.41670299	0.66922103	24.59029	23.28917	21.86753	20.79293	20.52135	0.7667869	2.968804	4.583522	2.969621	2.186023	2.990714	-1000	22.31026
588848900971299435	145.42819561	0.66960458	22.16937	22.12576	20.63923	20.13736	20.60408	4.72834	1.074465	0.1007284	18.01725	43.7605	2.969238	0.04295263	21.73977
588848900971299480	145.47293183	0.77607968	23.40898	23.58242	21.87377	21.78275	21.27834	1.027326	2.968804	2.969576	2.969621	0.9969741	1.342914	-1000	23.41748
588848900971299493	145.48992235	0.72567956	24.42973	23.61314	21.71837	21.07846	20.61037	0.7630399	2.968804	2.969576	1.97493	1.794239	18.01493	-1000	23.89034
588848900971299500	145.49498644	0.75689216	25.34508	23.33305	22.17088	22.08893	22.30173	0.8218986	2.968804	2.969576	1.843609	1.238307	2.969238	-1000	23.68065
588848900971299561	145.53933818	0.77212051	26.22233	22.60443	21.88263	21.94792	22.44409	1.270181	2.968804	2.969576	4.583591	4.583162	2.969238	-1000	22.5699
588848900971299564	145.54297282	0.72173423	25.57355	23.65878	21.27765	20.83428	20.82041	1.301217	2.968804	2.969576	7.358338	1.552965	1.741135	-1000	26.62403
588848900971299567	145.54297077	0.64004697	23.67996	25.46742	21.22198	20.76998	19.85866	2.534539	2.968804	7.358226	7.358338	1.733749	3.945348	-1000	25.55144
588848900971299600	145.41271037	0.71851559	23.73249	23.35395	22.57482	21.676	21.99016	0.9765092	4.58233	2.969576	2.969621	1.477973	3.405187	-1000	22.82428
588848900971299607	145.42274482	0.63584069	25.04078	22.69692	22.32179	21.6887	21.50176	1.94022	4.58233	2.969576	11.30498	2.577097	1.887293	-1000	23.09022
588848900971299612	145.42692007	0.72315125	23.93718	24.18125	23.43418	21.70782	22.00532	-9999	2.968804	2.969576	1.038817	1.405366	2.969238	-1000	24.6326
588848900971299647	145.47529439	0.67613626	24.82423	24.66483	22.33971	20.96085	20.00053	1.144856	2.968804	4.583522	2.969621	1.780061	2.389208	-1000	23.42165
588848900971299689	145.54845445	0.63177859	23.93063	23.54846	21.72699	20.77296	20.70498	2.064446	0.7613067	7.358226	2.969621	7.357649	2.969238	-1000	22.03935
588848900971299713	145.5273391	0.71662112	24.66865	25.13125	24.95786	24.30276	20.48908	-9999	2.968804	4.583522	4.583591	2.969343	1.108509	-1000	25.18422
588848900971299714	145.5295909	0.78436721	23.78044	24.01717	23.49361	25.52846	19.91284	3.469542	2.968804	2.969576	2.969621	4.583162	3.515733	-1000	25.24575
588848900971299718	145.52090426	0.82615075	21.8359	21.52066	22.19372	21.68758	21.81532	2.940844	2.968804	2.969576	11.30498	2.969343	11.30352	-1000	21.84032
588848900971299723	145.47595875	0.78119114	21.64759	28.21952	23.26104	20.63152	18.62963	-9999	11.30187	2.969576	2.969621	2.969343	11.30352	-1000	27.92275
588848900971364370	145.55559859	0.67095761	25.97182	24.55877	22.79455	21.18157	21.05417	0.8058423	2.969064	2.969459	2.970076	2.399363	2.374831	-1000	24.0969
588848900971364371	145.5605269	0.67100909	25.44338	25.33824	22.06543	20.26559	20.14017	3.856709	18.01387	18.01626	2.970076	3.354405	0.8462929	-1000	24.75738
588848900971364424	145.61055462	0.79047198	23.28247	22.88454	21.15164	20.67401	20.15764	1.692886	2.969064	2.969459	2.970076	2.96966	2.555086	-1000	24.1726
588848900971364443	145.64337174	0.79528649	25.31243	23.05308	21.89717	20.94407	21.28448	0.9032195	2.969064	2.969459	2.970076	1.225549	18.01543	-1000	23.86193
588848900971364458	145.69844347	0.75197799	20.77122	19.4151	18.90791	18.61957	18.53678	2.245527	2.969064	4.429462	4.76724	4.34898	4.539494	0.2413291	19.5848
588848900971364528	145.60520945	0.65441784	21.55195	25.3925	26.28249	25.56054	23.5105	-9999	3.525218	2.969459	2.970076	0.2767034	2.969321	-1000	25.6742
588848900971364565	145.67358235	0.8332586	23.43528	23.19247	22.52026	21.19429	20.55285	1.272026	2.969064	4.583341	2.970076	3.190299	2.22411	-1000	22.47285
588848900971364667	145.5986179	0.83482475	21.76882	21.07614	20.25038	19.75523	19.54603	0.9437296	1.919825	1.986622	1.749564	1.890247	1.643711	0.1528316	21.09368
588848900971364720	145.56036617	0.75701399	24.51012	22.73472	21.69655	21.51866	21.02132	1.079229	2.969064	2.969459	2.970076	2.863986	2.265659	-1000	22.41891
588848900971364721	145.56058049	0.754983	26.14269	20.95599	20.82764	20.58985	21.2072	6.349937	2.969064	27.91693	2.970076	2.96966	2.969321	-1000	20.55514
588848900971364737	145.5703523	0.6711544	25.02419	22.79151	22.99821	23.24498	22.59408	1.309555	2.969064	2.969459	2.970076	2.96966	0.2981468	-1000	22.5323
588848900971364756	145.58270622	0.77889135	22.48195	21.81511	20.76118	20.39275	20.24884	0.9454121	1.746571	2.544306	1.697024	1.885651	2.454191	0.3646257	21.59879
588848900971364762	145.58794136	0.68480458	23.21094	22.77978	22.18319	22.40098	21.97596	0.6979991	2.969064	2.969459	1.525797	0.9374661	2.969321	-1000	23.28551
588848900971364789	145.5964023	0.75488435	23.71387	22.39022	21.32296	21.15481	20.92931	1.222821	11.30286	2.969459	2.970076	1.84339	2.251179	-1000	22.18312
588848900971364813	145.60906411	0.73241525	23.00069	23.47292	21.7218	20.92961	20.71261	0.7476622	2.969064	2.969459	1.549991	1.61656	1.611633	-1000	24.2363
588848900971364814	145.60768421	0.73690863	25.1636	22.41821	21.36468	21.33655	21.24306	1.164092	2.969064	2.969459	2.970076	1.741425	2.046086	-1000	23.36582
588848900971364877	145.64321663	0.67670364	22.09987	21.6955	21.595	20.93607	20.85308	1.656092	2.969064	2.969459	2.970076	2.96966	0.06716675	-1000	22.53653
588848900971364882	145.64670686	0.62981003	23.11749	22.09505	20.99549	20.53109	20.05105	1.272127	2.969064	2.969459	2.765165	2.078435	2.022187	-1000	21.69815
588848900971364883	145.64713158	0.70965989	22.81138	22.2953	20.82666	20.50864	19.88576	0.9824634	2.969064	2.969459	1.967719	1.875108	11.30384	-1000	22.00723
588848900971364924	145.66345019	0.650246	24.02251	22.35764	20.9199	20.23111	19.65154	1.322268	2.969064	2.969459	2.970076	2.085468	2.315212	-1000	22.09099
588848900971364929	145.66682139	0.81226135	23.5124	22.36388	20.60839	20.0195	19.65033	2.537783	2.969064	11.30436	11.30671	2.613189	3.336668	-1000	21.14981
588848900971364938	145.66817007	0.8220372	23.33287	21.83315	20.95663	20.64066	20.04877	0.9742028	2.969064	2.180788	2.15561	2.1483	1.854967	0.4518225	21.69144
588848900971364954	145.67803133	0.64799538	20.68792	19.80076	19.24146	19.09276	18.89629	2.259968	2.969064	2.969459	2.970076	5.221078	3.703243	-1000	20.22504
588848900971364977	145.69429014	0.72707791	23.09348	22.43461	21.28653	20.88557	20.25893	0.8414326	2.969064	2.969459	1.972824	1.836141	2.716307	-1000	22.78571
588848900971365012	145.56162187	0.82774634	24.53642	22.77994	22.06653	22.0807	20.35898	1.961364	2.969064	2.969459	7.359465	1.860189	1.789144	-1000	21.63538
588848900971365016	145.56280774	0.74197624	24.71107	23.31752	22.10392	21.68372	20.63922	1.041013	2.969064	2.969459	1.901558	7.358435	11.30384	-1000	23.54082
588848900971365057	145.58759541	0.79856111	24.21943	23.26199	22.28704	22.31604	22.08794	0.7238566	2.969064	2.969459	1.634984	2.96966	1.398563	-1000	22.87645
588848900971365087	145.60592161	0.73222807	21.99361	22.22048	21.14008	20.67013	20.02658	1.861627	7.356958	2.969459	2.970076	2.329557	4.796806	-1000	22.83664
588848900971365092	145.60839518	0.74371474	26.1975	23.62393	21.86486	21.74151	20.91945	0.8191637	2.969064	2.969459	1.95768	1.354457	3.916696	-1000	23.56429
588848900971365104	145.61255147	0.73635214	26.41887	24.38788	22.27232	22.91342	22.06307	0.7709312	2.969064	4.583341	1.58734	0.8052031	4.583129	-1000	23.3156
588848900971365135	145.63486895	0.81648218	24.78529	23.27699	22.3609	22.20709	22.28549	0.7126607	11.30286	2.969459	1.2236	1.565203	1.353602	-1000	23.56804
588848900971365140	145.63967256	0.65275843	23.67174	23.68568	21.94982	21.3952	21.09952	0.5360999	2.969064	2.969459	1.873549	1.378659	1.434879	-1000	23.9172
588848900971365184	145.66827653	0.73493041	25.03657	24.11016	22.14006	25.22912	22.11454	0.5179448	0.2860537	0.0903632	2.970076	4.583652	2.969321	0.03665286	23.811
588848900971365228	145.70219448	0.7856175	23.78742	22.79032	21.96185	22.70859	21.3144	1.14134	2.969064	2.969459	1.92832	2.96966	27.91564	-1000	22.79798
588848900971365243	145.56149597	0.7611385	24.87094	24.00555	22.76027	21.12554	20.57822	1.80373	0.2374143	2.969459	2.970076	1.917351	2.258381	-1000	25.09132
588848900971365247	145.56342976	0.75945496	23.63625	23.29703	23.17778	21.84893	20.83558	1.381578	2.969064	2.969459	2.970076	2.005447	2.795975	-1000	23.53288
588848900971365249	145.56795887	0.81972275	24.31866	25.50203	23.02051	21.89486	20.66696	0.5155914	4.582732	4.583341	2.970076	1.099473	1.594067	-1000	25.10778
588848900971365266	145.60161627	0.71601963	23.92279	24.44693	23.68136	21.49303	20.94961	-9999	0.08802018	2.969459	2.970076	1.268028	0.8332105	-1000	24.3563
588848900971365271	145.60662271	0.67226253	24.01325	24.11642	23.97351	21.9203	21.15793	1.937876	2.969064	7.357935	2.970076	1.459731	2.302135	-1000	23.44396
588848900971365309	145.67268865	0.64928398	23.83729	24.25872	23.18257	21.8176	20.99775	0.9237753	7.356958	2.969459	2.970076	1.460913	3.277748	-1000	23.22008
588848900971365317	145.69136626	0.78591379	23.14213	23.39478	22.65862	21.69763	21.9593	2.232993	2.969064	2.969459	7.359465	2.426891	1.804265	-1000	23.6319
588848900971365331	145.5644271	0.70630052	25.36855	24.38757	24.3095	25.41462	20.56098	0.9681061	2.969064	4.583341	2.970076	4.583652	0.7959352	-1000	24.12023
588848900971365352	145.58812229	0.66956577	22.82717	21.50566	22.88378	22.30642	21.48455	-9999	0.2507562	11.30436	2.970076	2.96966	0.7603064	-1000	21.77623
588848900971365353	145.6496584	0.72306489	25.64065	22.38798	23.65633	21.80766	22.65071	-9999	2.969064	0.09134869	0.1025323	7.358435	4.583129	0.05153229	25.10896
588848900971365363	145.64260463	0.64297948	24.38357	24.17617	23.01107	21.51936	22.77588	-9999	7.356958	7.357935	0.7867572	2.551405	2.969321	-1000	25.8641
588848900971429896	145.72732429	0.80923565	22.28725	21.9539	21.18623	20.02587	19.84585	1.518425	2.969262	2.968944	3.308687	4.028346	3.394288	-1000	21.99727
588848900971429908	145.72950419	0.79828413	23.68666	22.96614	22.29667	22.62666	21.45032	0.8466427	2.969262	16.50063	2.969935	2.969401	2.969867	16.37853	22.82745
588848900971429910	145.72531871	0.80990188	21.97907	22.26833	21.81038	19.85147	20.80739	2.337037	2.969262	2.968944	2.969935	3.477866	2.969867	-1000	22.63627
588848900971429911	145.72028519	0.80980972	22.38303	23.00268	24.4888	21.40545	23.69128	0.03196248	2.969262	2.968944	2.969935	2.969401	2.969867	-1000	23.19758
588848900971430052	145.77546311	0.71176491	24.25775	23.44226	22.29695	20.73598	20.31095	1.255633	2.969262	2.968944	2.969935	2.202143	1.795353	-1000	24.26127
588848900971430111	145.73051279	0.8128006	22.76801	21.24573	19.89236	19.31038	18.89079	0.9332476	2.969262	2.134959	1.932729	2.24527	3.988315	0.3361839	21.32065
588848900971430224	145.71401682	0.65425495	21.90774	26.56357	25.59699	24.80608	23.94982	1.692451	0.9429562	2.968944	2.969935	2.969401	2.969867	-1000	25.92768
588848900971430256	145.81922421	0.69383628	20.47388	19.43481	18.9585	18.64668	18.51916	2.069536	2.969262	4.14212	4.622423	4.458177	7.303014	0.2287321	19.64541
588848900971430301	145.71213556	0.64267502	25.65724	23.04279	22.17618	22.94954	23.22105	0.954735	7.357448	2.968944	2.969935	2.969401	0.2911817	-1000	23.56107
588848900971430321	145.73157994	0.75344803	23.9084	22.46699	21.53559	20.95425	20.99448	1.551787	2.969262	2.968944	7.359116	2.182654	1.478197	-1000	22.27274
588848900971430345	145.75150027	0.78360548	23.1533	21.21156	20.59486	20.19512	19.78695	0.8590528	2.969262	3.24735	1.597957	1.832056	1.512849	1.561827	21.20944
588848900971430390	145.79024909	0.71571063	23.17422	22.21867	21.67293	21.47991	21.82568	1.260009	0.8476269	1.499225	2.969935	2.607272	0.1015585	0.2405588	22.54969
588848900971430444	145.81943056	0.63317692	23.73096	22.40615	21.93428	21.63752	21.19437	0.9033102	0.1061526	11.3024	1.660679	2.410275	1.634397	-1000	22.42904
588848900971430449	145.82438356	0.62934018	21.97693	21.71573	19.97548	19.2263	18.77184	2.01697	2.969262	2.968944	5.402685	3.571903	3.262841	-1000	21.79477
588848900971430450	145.82484281	0.74837277	22.75704	21.95378	21.35719	21.12808	21.10307	0.9201751	2.969262	2.968944	2.129346	1.555468	0.03190645	-1000	22.0265
588848900971430452	145.82647733	0.70946256	22.47332	22.27321	23.53726	22.99674	23.20745	1.943504	3.074611	2.968944	11.30617	2.969401	11.30591	-1000	22.11198
588848900971430458	145.82987602	0.77309258	22.7392	22.09458	21.74678	21.29345	20.66308	1.426329	2.969262	2.089769	2.969935	1.843819	7.358947	0.3829347	22.42997
588848900971430459	145.83045811	0.65459202	24.64327	23.03778	21.91908	21.52267	21.07834	0.6922483	4.583037	1.113583	1.323841	1.310862	1.909226	0.2378348	23.58541
588848900971430473	145.83868627	0.64617409	24.76961	22.49354	21.01049	20.25912	19.72171	0.9967741	4.583037	2.968944	2.173701	4.036306	3.621858	-1000	22.49711
588848900971430482	145.84584619	0.78050133	26.67237	22.37908	23.11322	22.8193	22.09801	1.228126	4.583037	2.968944	2.969935	2.969401	2.969867	-1000	22.60561
588848900971430488	145.85318759	0.73627594	22.91406	22.06024	21.17829	21.03265	20.59329	0.9506888	2.969262	11.3024	1.945008	1.924845	1.726864	-1000	21.73074
588848900971430546	145.74213595	0.67146148	24.62437	24.26496	23.12557	22.28441	23.25718	0.4634511	2.969262	2.968944	1.069357	2.27153	2.969867	-1000	24.50203
588848900971430581	145.7643929	0.73817178	24.84626	23.32591	22.08648	21.48062	21.16938	0.6173373	0.3129669	2.968944	1.404535	1.852721	1.105375	-1000	23.41435
588848900971430600	145.77781161	0.6706926	25.18791	23.18447	22.55873	21.63845	21.08096	0.7876538	2.969262	2.968944	1.485127	1.513587	11.30591	-1000	23.48702
588848900971430634	145.8049532	0.71478965	25.68299	22.82163	21.94984	21.5105	21.48858	0.95366	2.969262	2.968944	2.025895	2.52832	2.969867	-1000	23.84839
588848900971430660	145.8191509	0.79850255	22.95774	22.93012	21.97875	22.45071	21.50422	0.6539057	1.028584	7.356659	2.097859	2.969401	4.583971	-1000	22.37304
588848900971430672	145.82308692	0.80135765	22.27635	23.07525	21.40174	21.14882	20.68039	1.36385	2.969262	2.968944	2.969935	3.106845	7.358947	-1000	29.91983
588848900971430681	145.82932509	0.64796155	23.86968	22.99583	21.86665	21.26747	20.60123	0.7867385	2.969262	2.968944	1.5805	1.584172	1.236263	-1000	23.11011
588848900971430682	145.82917558	0.6657463	23.26969	23.61942	22.52958	22.61567	21.37127	0.7028378	0.8296601	27.91209	1.574772	2.969401	2.969867	-1000	22.84822
588848900971430715	145.84783098	0.66994915	22.95745	22.97079	21.64734	21.76716	21.50245	2.210896	2.969262	2.968944	7.359116	7.357791	2.969867	-1000	25.48255
588848900971430778	145.74857165	0.72394219	23.85201	22.40426	22.02853	20.99634	21.49289	0.9094639	2.969262	2.968944	2.969935	2.969401	1.111049	-1000	21.60573
588848900971430816	145.79050307	0.78285434	25.67142	23.94475	22.83074	21.4875	21.65623	3.501483	2.969262	2.968944	7.359116	3.273263	7.358947	-1000	22.67637
588848900971430884	145.72534541	0.72216654	20.73264	20.1837	21.98877	21.06568	23.62035	6.367753	0.6581428	27.91209	27.92141	27.91639	27.92077	-1000	20.52725
588848900971430888	145.74075829	0.75300481	23.14827	25.28133	22.01915	26.44433	22.03297	0.9457565	2.969262	2.968944	2.969935	4.583251	4.583971	-1000	24.89699
588848900971430889	145.77693257	0.67433656	23.5813	23.24085	22.35937	22.40311	22.67813	0.8451968	2.969262	2.968944	2.181678	2.969401	2.969867	-1000	24.97287
588848900971495442	145.86462128	0.66819822	22.3925	21.20252	19.93967	19.40369	18.96847	1.317207	2.968739	3.049505	2.84642	2.758926	2.460833	0.3513238	21.0111
588848900971495449	145.87933231	0.64385975	27.55896	21.70109	20.45607	19.16884	23.60363	14.243	2.968739	27.90938	2.969973	27.91294	0.6631491	-1000	20.70999
588848900971495489	145.93048204	0.66089621	23.5661	23.06114	22.4259	22.15805	22.75137	0.7707242	2.968739	0.9179672	2.969973	2.316806	2.969172	0.1377272	23.57801
588848900971495501	145.94359475	0.83828598	25.65202	23.55233	21.99652	20.96329	20.18865	1.4795	2.968739	2.968655	2.969973	8.570597	4.467941	-1000	22.88
588848900971495557	145.86944667	0.8322468	21.98755	21.16951	20.26621	20.03783	19.56049	1.318695	1.086094	2.968655	2.481781	2.332293	3.273666	-1000	21.56391
588848900971495589	145.92959072	0.77252391	25.79945	23.92873	22.81135	21.2796	20.39794	0.6234989	2.968739	2.968655	2.969973	1.247368	1.961043	-1000	24.7
588848900971495601	145.93774186	0.67206391	20.84011	18.93478	17.69854	17.2097	16.7659	2.497304	2.968739	6.664438	6.120205	4.882816	4.242269	2.098558	18.86335
588848900971495708	145.88302506	0.68539868	22.50601	22.25464	20.55544	19.87308	19.41975	1.062186	2.968739	2.968655	2.255975	1.899074	2.349787	-1000	22.30272
588848900971495792	145.99547805	0.67805711	22.02623	23.81965	23.82209	23.76635	23.92263	-9999	1.227383	2.968655	2.969973	0.09774094	2.969172	-1000	23.73954
588848900971495807	145.85496016	0.74462954	22.03092	21.17138	20.68439	20.48652	20.63832	1.474591	2.968739	2.968655	7.35921	3.055747	2.969172	-1000	20.99127
588848900971495873	145.89499033	0.75947549	23.42504	21.44299	20.38059	19.92513	19.47276	0.969586	2.968739	1.864534	2.016126	1.707406	2.595898	0.3021497	21.49549
588848900971495881	145.89772129	0.82744744	23.18946	22.06169	20.61726	20.14897	19.41312	1.254647	2.968739	2.968655	2.778758	2.42648	1.658019	-1000	21.99169
588848900971495888	145.90327872	0.70615601	22.38271	21.64632	20.52117	20.08741	19.76807	1.051867	1.306038	2.968655	2.153748	2.073925	2.234473	-1000	21.59796
588848900971495899	145.90796534	0.63068708	25.07035	24.87637	23.42307	21.25173	20.76827	0.7080284	2.968739	2.968655	2.969973	1.969315	2.435745	-1000	24.7272
588848900971495920	145.92148408	0.71809435	22.01777	21.51661	20.51483	20.08713	19.80767	1.178722	2.968739	2.968655	2.420194	2.442858	2.314051	-1000	21.12546
588848900971495923	145.92140053	0.74512068	23.17231	22.71522	21.63279	21.5946	20.79049	1.349299	0.08843848	2.968655	7.35921	2.969034	2.016129	-1000	22.80055
588848900971495925	145.92242897	0.70392368	22.20229	21.82218	20.81207	20.48579	20.29656	0.8934054	2.968739	2.40138	1.798254	1.636499	3.079481	0.3491023	21.64033
588848900971495943	145.93271749	0.77359037	22.04315	21.30627	20.22334	19.73978	19.3986	1.007288	2.968739	1.913676	1.894184	1.906836	3.032995	0.2079848	21.4222
588848900971495949	145.93608173	0.66876297	24.7712	22.72639	24.34742	25.07045	23.4929	1.952107	2.968739	1.122652	2.969973	2.969034	2.969172	0.2786786	23.2826
588848900971495956	145.93948145	0.80940714	23.71675	21.98767	21.2034	21.19174	20.80342	1.153986	2.968739	1.758875	2.203986	2.382415	4.582898	0.1970385	22.06013
588848900971495982	145.95678301	0.72872562	22.28009	21.37429	19.69477	19.00997	18.5293	1.415866	2.968739	7.355945	3.683302	3.815417	3.052204	-1000	21.45976
588848900971495986	145.95714968	0.79854268	22.33894	22.22951	21.32475	21.03675	20.84665	1.14943	2.968739	2.968655	2.871415	2.009228	4.14208	-1000	24.63717
588848900971495988	145.95674903	0.80506901	24.82414	22.87907	21.39632	20.20268	19.86865	0.6821162	4.58223	4.5821	1.473353	1.749011	1.631359	-1000	22.45032
588848900971495989	145.95543614	0.80456542	23.40119	23.29148	22.94138	21.74376	21.27421	0.8371556	2.968739	4.5821	2.969973	1.169455	2.151976	-1000	23.25453
588848900971495994	145.96451702	0.6605027	22.70877	21.34589	20.2754	19.86607	19.59091	0.8431627	2.968739	1.92871	1.649222	1.670633	1.703222	0.2994175	21.30917
588848900971495998	145.96620544	0.672488	22.10074	21.29993	20.24376	19.72474	19.53542	1.006199	1.397447	2.626496	2.215638	1.946019	5.270658	0.372834	21.14845
588848900971496012	145.97112324	0.74786794	23.44816	22.8395	21.54768	21.11142	20.49256	0.8902854	2.968739	2.968655	1.730922	2.242545	68.2884	-1000	22.45798
588848900971496030	145.9830452	0.63597265	23.11563	22.13268	21.71521	21.5653	20.83277	1.113418	2.968739	2.968655	2.229584	1.380704	2.080075	-1000	22.09066
588848900971496043	145.98748266	0.67137218	24.34273	22.57469	21.26865	21.31617	20.41901	0.980486	4.58223	7.355945	1.944721	7.356884	2.384173	-1000	22.44535
588848900971496053	145.99376647	0.83166172	23.82475	22.25209	21.01884	20.49157	20.25833	1.038585	0.107989	2.968655	2.08165	2.282981	3.535175	-1000	22.65261
588848900971496103	145.86080059	0.67835382	24.72226	23.16674	22.21545	21.47381	21.50622	0.4801787	0.2935008	2.968655	2.969973	1.538425	0.8927571	-1000	23.67822
588848900971496109	145.86536557	0.80160851	23.20037	23.68866	22.20909	21.8226	22.34213	1.269286	2.968739	2.968655	2.969973	1.367707	2.969172	-1000	24.74298
588848900971496144	145.8901259	0.65904732	24.39472	23.45015	22.098	21.30928	20.82984	0.8562803	7.356152	1.141409	1.592207	1.228925	2.969172	1.033634	24.21838
588848900971496171	145.9035653	0.78433303	22.87837	22.96207	21.08763	20.63844	20.50603	1.500825	0.7206329	2.968655	4.584135	2.021223	7.357225	-1000	25.26987
588848900971496180	145.90755586	0.63939897	23.78605	23.33642	21.38909	20.67085	20.08554	1.147129	2.968739	1.175603	2.67049	1.296509	1.737016	1.046969	24.93138
588848900971496187	145.91144019	0.72001528	24.76368	21.52339	20.49857	20.07591	22.08782	2.505837	11.30162	11.3013	2.969973	3.336507	1.780262	-1000	21.89945
588848900971496228	145.92905779	0.66872053	23.78564	23.20522	22.27049	21.57327	21.1751	0.6728074	2.968739	1.294237	2.031713	1.621792	3.778412	1.17173	25.10031
588848900971496241	145.93688923	0.77810198	23.4491	23.93362	21.79982	21.09054	20.31126	0.6452815	2.968739	2.968655	1.461909	1.21727	3.88899	-1000	23.39934
588848900971496270	145.95345082	0.77566749	23.67373	22.96189	21.62259	20.34302	19.54931	1.228287	2.968739	2.968655	2.969973	1.846273	1.924106	-1000	22.26314
588848900971496321	145.98066973	0.64817473	22.53932	23.39566	21.99887	21.59438	20.98286	0.7677845	2.968739	2.968655	1.834792	3.098601	1.292188	-1000	23.18747
588848900971496326	145.98307449	0.743322	26.29612	23.75243	21.94071	21.09328	20.25997	2.370772	2.968739	2.968655	2.969973	1.138534	1.485028	-1000	27.11041
588848900971496335	145.98908657	0.64581865	22.94322	24.03744	22.59436	22.23354	21.50002	0.7406377	2.968739	2.968655	2.969973	1.516338	1.734547	-1000	28.48163
588848900971496336	145.98938102	0.70387662	22.6899	23.89984	21.99621	22.44819	21.47045	0.6822404	1.925712	2.968655	1.768738	2.969034	0.06581809	-1000	24.34247
588848900971496421	145.90494029	0.64372349	22.68661	23.44934	22.98443	21.91423	21.62718	1.122446	27.91017	2.968655	2.969973	1.886936	2.969172	-1000	23.34988
588848900971496449	145.94922809	0.83885094	22.78268	22.73121	22.04325	21.1249	21.48898	0.8763103	0.8327986	7.355945	2.969973	3.150792	2.969172	-1000	22.72268
588848900971496466	145.98488604	0.72997436	23.65845	24.57495	22.92702	21.6109	21.36461	-9999	7.356152	2.968655	2.969973	1.954853	1.208036	-1000	25.35092
588848900971496507	145.94674331	0.66070788	23.7373	22.59472	22.42628	23.4234	22.95526	1.051714	2.968739	2.968655	2.969973	1.063957	4.582898	-1000	23.05043
588848900971496524	145.95103799	0.78813592	23.79437	23.75271	23.15656	22.00014	22.1349	0.9520051	2.968739	2.968655	2.969973	1.45847	2.969172	-1000	23.86679
588848900971560973	146.01547747	0.81477419	23.32837	22.99791	21.96619	20.96655	21.84921	1.732706	2.969659	2.968987	2.969686	3.130452	2.968729	-1000	23.12091
588848900971560974	146.0157895	0.81027946	21.61289	21.17195	20.14494	18.95796	22.26796	1.966468	2.969659	2.968987	27.91907	2.362265	27.91008	-1000	22.74719
588848900971560984	146.02803612	0.7347455	23.04273	21.50617	20.48126	20.27938	19.448	1.94686	2.969659	2.968987	3.881253	3.319387	4.430075	-1000	21.36027
588848900971560987	146.02640064	0.7384235	23.19399	24.30055	23.68191	21.57224	20.63596	1.920431	0.7666603	2.968987	2.969686	1.426886	1.379025	-1000	23.95773
588848900971560992	146.01276927	0.73779773	26.40711	23.0252	21.32285	20.93586	20.8141	1.937988	2.969659	0.09654763	2.969686	3.253322	2.968729	0.04059484	22.86067
588848900971561007	146.01861621	0.65664449	21.01093	20.80375	20.37346	19.97603	20.02666	0.7863532	1.923486	1.757588	1.600591	2.069173	1.744049	0.1567735	20.75969
588848900971561053	146.09959519	0.81240505	23.7487	24.93224	21.23557	21.19419	20.06204	1.253867	2.969659	2.968987	2.452927	1.580513	2.816972	-1000	24.72602
588848900971561075	146.11706974	0.68639224	24.30592	23.90676	22.45858	21.21446	20.36458	0.6564127	2.969659	2.968987	1.307367	1.379331	3.400538	-1000	24.24268
588848900971561102	146.14369215	0.77970313	21.87769	19.74322	18.94051	18.44881	18.1778	1.680931	2.969659	3.76561	3.846045	4.085243	3.566085	0.2694599	19.84626
588848900971561113	146.13007846	0.77933035	25.14279	23.53145	23.13888	21.4493	20.23503	1.298559	0.2660788	2.968987	2.969686	3.026541	3.897044	-1000	23.08216
588848900971561131	146.14190302	0.70720306	24.56021	22.69593	21.94345	24.13239	22.61295	1.220842	2.969659	2.968987	2.969686	2.969397	2.968729	-1000	22.59931
588848900971561283	146.04999081	0.64791369	26.05484	22.61788	21.42345	20.65904	20.07635	1.550482	2.969659	2.968987	2.969686	2.969397	3.731567	-1000	22.8144
588848900971561308	146.10375121	0.79019107	22.46958	20.62804	19.65412	19.21251	18.90252	1.118014	1.586481	2.301706	2.378107	2.038354	2.687784	0.1789947	20.62427
588848900971561346	146.10680405	0.80079196	24.86923	22.59669	20.6677	19.92057	19.23699	1.057782	2.969659	2.968987	2.39819	2.396859	2.26917	-1000	23.03865
588848900971561369	146.00464413	0.65392465	21.39389	23.3573	24.89897	26.05363	23.81397	-9999	1.872486	0.7366567	2.969686	0.2879115	2.968729	0.5468444	24.89388
588848900971561380	146.03802295	0.71152992	23.34342	22.19798	20.53182	19.89823	19.46254	1.119223	0.057344	1.834229	2.345819	2.421643	2.2421	0.3068639	23.326
588848900971561388	146.04557538	0.65422688	22.12618	25.44768	25.06594	24.43354	23.3173	-9999	1.118576	4.582613	2.969686	0.09703485	2.968729	-1000	25.06309
588848900971561508	146.05127786	0.74240172	22.56961	22.04907	21.08807	20.64926	20.22827	0.903825	2.969659	2.968987	1.819907	2.183485	3.679372	-1000	21.80276
588848900971561521	146.05774604	0.72100882	24.2323	22.75143	21.85889	21.8972	21.66036	0.7148183	2.969659	2.968987	1.882667	2.969397	1.1514	-1000	22.71569
588848900971561528	146.06324777	0.78357243	22.37436	21.34418	19.70188	18.96547	18.43183	1.297023	18.01748	2.968987	2.596162	3.264796	7.951127	-1000	21.35619
588848900971561536	146.0661126	0.67958754	23.32405	21.71869	20.81071	20.46108	20.20818	1.075184	2.969659	2.968987	2.448659	2.634246	3.996569	-1000	21.70161
588848900971561541	146.06613466	0.80128347	23.18063	22.57285	22.11713	21.96549	21.86501	1.493968	0.614316	2.968987	2.969686	1.554306	0.3185765	-1000	22.88232
588848900971561546	146.06737117	0.81821474	23.23747	22.53452	21.84449	21.91089	21.85622	0.8789678	2.969659	1.249688	2.0454	2.969397	0.4600749	1.079948	23.05158
588848900971561567	146.07640242	0.6983568	23.61026	21.81371	20.32076	19.74224	19.34236	0.9756944	11.30512	1.531219	2.068029	1.867801	1.786214	0.1265952	22.09297
588848900971561610	146.10189108	0.75062389	22.45039	21.74911	21.86888	22.23566	20.56401	2.518942	2.969659	2.968987	2.969686	2.969397	1.774483	-1000	21.67436
588848900971561646	146.12225121	0.75759251	22.2764	21.20976	20.25374	19.92398	19.78452	0.9886082	18.01748	2.084731	2.173711	1.979044	2.64027	0.4185187	21.09706
588848900971561651	146.12491205	0.79600427	25.48497	22.63807	22.06317	21.66664	20.8047	0.5885369	2.969659	2.968987	2.969686	1.72666	3.679723	-1000	24.00724
588848900971561658	146.13250948	0.70074106	28.3983	17.7195	23.37616	27.04085	21.2306	-9999	2.969659	27.9125	2.969686	2.969397	1.167844	-1000	18.46272
588848900971561662	146.13105101	0.70042175	25.6971	23.49421	21.64226	20.65093	20.08169	1.142239	2.969659	2.968987	2.382879	1.680879	1.414048	-1000	23.59822
588848900971561666	146.12596115	0.71658736	25.27416	22.0772	25.00735	25.50126	23.49325	-9999	7.358431	2.968987	7.3585	7.357783	7.356129	-1000	22.10533
588848900971561706	146.14953983	0.76073342	22.44019	21.28786	20.13093	19.60938	19.07599	1.192773	0.06714997	2.968987	2.558874	2.255485	2.196279	-1000	21.06395
588848900971561738	146.00651697	0.72333176	23.27445	23.23098	21.76177	21.11538	20.43724	0.7371532	7.358431	2.968987	1.628822	1.435933	1.22761	-1000	22.95748
588848900971561786	146.03783362	0.67448765	26.49775	22.41358	21.40377	20.78691	20.77144	0.8156152	2.969659	2.968987	1.345902	27.91635	0.9725596	-1000	23.21909
588848900971561787	146.03780144	0.73930939	24.65593	23.2899	22.53564	21.96912	22.02677	0.6634719	0.2702594	1.020782	1.243516	1.848505	1.74421	0.8674409	23.92477
588848900971561821	146.05676625	0.64948886	24.60357	24.45575	22.04119	20.88217	20.0581	1.086145	0.2824821	4.582613	2.969686	1.94221	1.736265	-1000	25.27111
588848900971561832	146.06268434	0.74165624	25.01467	23.7614	22.36631	21.42259	20.82338	0.5045837	2.969659	2.968987	1.060504	1.494637	2.762336	-1000	23.22196
588848900971561835	146.06291462	0.66113138	24.10392	23.31097	21.42354	20.59394	20.06967	1.908206	7.358431	7.356766	7.3585	3.459613	1.285415	-1000	22.37371
588848900971561852	146.07143728	0.82027112	25.65345	23.26646	21.84053	21.79158	21.7555	1.402218	7.358431	2.968987	2.969686	2.969397	7.356129	-1000	25.01101
588848900971561865	146.07999348	0.6924415	25.77231	23.46031	22.2253	21.69327	21.33421	0.4439321	2.969659	0.9022567	1.280387	1.724382	2.658664	0.7786732	23.31351
588848900971561878	146.08328855	0.69240893	23.7977	23.58411	22.10314	21.63169	23.2276	0.41984	2.969659	1.08853	2.969686	1.349112	0.3634821	1.003714	25.04531
588848900971561880	146.08618285	0.77736553	23.58505	24.14807	21.69621	21.28764	20.84301	2.150768	2.969659	2.968987	7.3585	0.7257009	0.7857341	-1000	23.72771
588848900971561892	146.09079119	0.75925326	23.60421	22.95835	21.00774	20.34931	19.75349	0.946679	11.30512	2.968987	1.731414	1.377252	2.097013	-1000	23.05576
588848900971561930	146.10444379	0.7855942	26.31674	22.71739	21.32196	19.98483	19.34493	2.193245	11.30512	2.968987	2.969686	3.938078	3.104879	-1000	22.11277
588848900971561950	146.11378855	0.69975346	23.45403	22.85322	20.98246	20.39287	19.77255	0.9253333	0.1089156	2.968987	1.768647	3.531829	1.988383	-1000	22.49364
588848900971561960	146.12123623	0.6407611	25.31227	23.17064	22.37516	21.87044	22.49959	0.7896442	2.969659	2.968987	1.592705	1.931077	2.968729	-1000	22.34447
588848900971561988	146.13653233	0.66233282	24.79457	23.45164	22.19602	21.78482	21.98439	1.046438	2.969659	2.968987	4.583692	1.485291	0.6605412	-1000	23.06242
588848900971562008	146.14648675	0.79766564	24.77135	22.59973	21.66801	22.047	20.21479	1.337214	4.58365	2.968987	2.969686	2.969397	3.81508	-1000	24.92124
588848900971562066	146.04613798	0.74927936	24.76576	25.24897	23.05862	21.58072	21.07009	-9999	2.969659	2.968987	1.036491	1.286567	2.247827	-1000	25.18564
588848900971562067	146.04614548	0.7844368	23.55299	23.07637	22.94561	21.53275	21.49255	0.5892258	4.58365	2.968987	2.969686	2.450799	1.10687	-1000	23.39031
588848900971562072	146.04991321	0.77617168	25.8848	24.48218	23.11904	21.67389	21.18436	1.106553	2.969659	7.356766	2.969686	1.980476	4.000279	-1000	23.20802
588848900971562130	146.11343169	0.78459528	24.64325	24.72509	22.08207	21.1808	20.99165	0.3268454	2.969659	2.968987	2.969686	2.416518	2.56993	-1000	26.27013
588848900971562164	146.02308883	0.69521124	22.9569	24.71793	26.64653	25.38822	19.64273	-9999	1.213001	2.968987	0.2640134	2.969397	7.356129	-1000	23.47309
588848900971562200	146.07517481	0.64459178	23.80852	23.87443	22.6016	21.67126	22.34374	0.547462	2.969659	2.968987	2.969686	2.715233	1.100338	-1000	24.79708
588848900971562206	146.12510795	0.76538675	23.90884	26.88729	28.73585	28.15654	18.34687	-9999	0.5403309	2.968987	2.969686	4.583245	4.582215	-1000	25.69625
588848900971626511	146.15931148	0.67926106	26.84489	23.51714	21.58403	21.20421	21.54764	1.436913	2.969635	2.969482	2.969968	0.06580672	0.3384532	-1000	25.0437
588848900971626522	146.15918643	0.70903661	25.08183	24.43296	24.62715	21.4777	23.60583	2.749479	4.583613	2.969482	2.969968	2.690077	4.582804	-1000	24.66814
588848900971626531	146.16203763	0.79575719	25.48456	22.40344	21.82301	21.3325	20.80376	0.8309196	2.969635	2.969482	1.605098	1.340998	3.052042	-1000	21.78936
588848900971626574	146.21223016	0.83865576	25.90058	21.02609	21.10636	19.20269	19.42592	-9999	2.969635	27.91715	27.92172	27.91658	2.969111	-1000	20.59809
588848900971626593	146.23912854	0.75632092	26.59643	22.11622	21.90121	23.80327	23.90913	1.542861	2.969635	2.969482	2.969968	2.969421	0.4153625	-1000	22.3178
588848900971626594	146.24145053	0.75948764	26.59584	28.03539	20.72948	18.95085	24.80347	1.384959	27.91859	2.969482	2.969968	2.969421	2.969111	-1000	26.39429
588848900971626637	146.28377726	0.74888755	25.69189	23.72132	22.02605	21.18663	22.02164	1.295884	0.2339302	2.969482	2.969968	3.001396	2.969111	-1000	22.78115
588848900971626677	146.18382755	0.82663829	21.21614	19.58611	18.67597	18.20844	17.84792	1.605216	2.969635	2.857336	3.389695	3.018772	3.21191	0.1631362	19.53859
588848900971626737	146.16813946	0.65753784	22.57063	20.63964	19.51219	19.01004	18.67347	0.9626109	2.969635	2.158395	2.063642	2.015658	1.997776	0.1745163	20.73822
588848900971626746	146.18970617	0.76860297	22.33695	20.63244	19.58718	19.09755	18.7325	1.095375	2.969635	2.357568	2.317828	2.163942	2.289341	0.2153609	20.63562
588848900971626780	146.29688768	0.81006129	23.27861	21.01938	19.81005	19.19004	18.84269	1.015308	4.583613	11.30445	2.168721	2.098277	2.252733	-1000	20.90268
588848900971626805	146.17453491	0.67998672	21.77266	26.3073	25.15821	23.37297	22.38839	-9999	1.304438	11.30445	2.969968	2.969421	1.873302	-1000	26.17911
588848900971626810	146.17892062	0.65858807	24.93782	24.93597	22.69694	21.21592	20.80002	0.9149007	4.583613	2.969482	2.969968	1.576379	1.745823	-1000	23.77097
588848900971626828	146.22194185	0.74644391	21.72027	21.07118	20.69105	20.58172	20.58972	1.079395	2.969635	2.307781	2.368257	1.898918	2.743624	0.3019839	21.24069
588848900971626884	146.16894889	0.63299799	24.27609	23.1154	23.39591	21.74308	21.46087	1.954986	4.583613	2.969482	2.969968	1.794896	1.588168	-1000	25.10738
588848900971626887	146.17107821	0.65210409	23.71032	22.74923	22.12464	21.59168	21.49269	1.066138	2.969635	2.969482	2.969968	2.114638	4.512897	-1000	22.23141
588848900971626901	146.17987808	0.70417768	23.40622	21.88731	20.3422	19.69326	19.34748	0.9451804	2.969635	2.169329	2.040575	2.159025	1.717432	0.3980351	21.9278
588848900971626902	146.18025582	0.8141398	22.44663	21.68793	20.99728	20.88857	20.74007	0.9608134	4.583613	2.234037	2.181998	2.337812	2.579275	0.36689	21.58242
588848900971626913	146.18371645	0.76657624	23.32277	22.67033	21.90888	21.53498	20.56471	1.425814	0.656212	1.216633	7.359198	2.969421	11.30303	1.132303	24.75013
588848900971626940	146.19285522	0.66646252	24.22938	20.78292	19.93033	19.60981	19.31654	1.66387	2.969635	2.83456	3.623308	2.792726	3.989108	0.2312075	20.99136
588848900971626943	146.19268886	0.70239433	24.59277	23.96217	22.46064	22.74906	21.71068	0.7505993	2.969635	2.969482	1.419042	2.969421	2.969111	-1000	24.06218
588848900971626947	146.19422722	0.83734671	25.53043	22.83333	21.43454	20.65868	20.69729	0.7821821	4.583613	2.969482	1.602991	1.537902	2.953	-1000	22.76172
588848900971626949	146.19489264	0.70125383	22.29634	21.75817	20.59756	20.37689	19.97721	1.201854	2.969635	2.969482	2.405529	2.672601	2.554247	-1000	21.6936
588848900971626950	146.19564729	0.72749763	23.48281	22.85452	22.72804	21.85332	21.65457	0.4953577	0.8102795	2.969482	1.45367	1.565578	3.15279	-1000	22.55546
588848900971626959	146.20331043	0.71988262	23.09401	23.08177	22.05464	21.31878	20.61917	1.519148	4.583613	2.969482	7.359198	2.364943	2.734495	-1000	22.28803
588848900971626965	146.20112871	0.74969553	22.81147	21.82979	20.18554	19.51774	19.18932	1.079036	2.969635	2.969482	2.301765	2.106516	2.501014	-1000	21.85695
588848900971626973	146.20583156	0.67802794	23.7364	21.79679	20.82451	20.31522	20.16505	1.086202	4.583613	2.117034	2.454807	2.328156	1.615029	0.2879686	21.76153
588848900971626982	146.21228664	0.6393465	23.59082	21.87252	21.25649	21.10294	20.97087	1.518444	2.969635	2.969482	2.987674	2.17047	1.351	-1000	21.59339
588848900971627015	146.22723477	0.64411368	24.00982	22.7558	23.20155	23.50558	22.36308	0.7276634	2.969635	2.969482	2.969968	0.7134351	3.118071	-1000	23.34196
588848900971627021	146.2385213	0.74793417	23.68605	22.53005	24.56809	24.20901	22.75887	2.903207	4.583613	2.969482	0.2727303	2.969421	2.969111	-1000	22.28929
588848900971627032	146.24402212	0.75174716	25.11522	22.4394	21.70833	21.2074	20.62499	0.931814	0.2497279	1.13557	1.958856	2.535302	2.02187	0.15402	22.60605
588848900971627052	146.26459816	0.73057064	22.44272	21.76817	20.85851	20.48672	20.07172	1.02025	2.969635	2.200304	1.842766	2.110091	2.138838	0.5260004	21.77848
588848900971627054	146.27007797	0.70333956	22.89516	22.2842	21.30761	21.0527	20.52902	0.9013867	2.969635	2.969482	1.811411	2.126379	0.9377993	-1000	22.83483
588848900971627063	146.27434848	0.69528264	22.6689	21.77928	20.98295	20.32977	20.3004	1.018876	2.969635	2.969482	2.058241	2.783937	2.39565	-1000	21.53881
588848900971627073	146.28111708	0.75886379	23.6564	22.53568	21.31799	20.80117	20.3313	0.8133379	2.969635	2.969482	1.697375	2.130836	2.093049	-1000	22.39513
588848900971627086	146.29219683	0.78937525	23.01523	22.14411	21.41349	21.1719	21.39618	0.7733055	2.969635	2.969482	1.622303	1.984649	2.969111	-1000	22.15335
588848900971627146	146.17311523	0.69802475	23.63676	23.16508	22.32395	21.43303	21.40183	0.6206342	4.583613	2.969482	1.282908	1.573221	1.371394	-1000	23.45133
588848900971627151	146.17618321	0.68325803	24.21486	23.53693	22.44304	21.62633	21.07045	-9999	2.969635	2.969482	2.969968	1.544801	2.156963	-1000	25.29714
588848900971627169	146.18439012	0.6907849	24.41251	23.35925	22.45422	21.82351	21.51347	0.7168432	0.318897	2.969482	2.969968	2.969421	3.577501	-1000	22.8126
588848900971627173	146.1853822	0.63833407	24.49761	23.5897	22.38043	22.13961	22.97331	0.5896462	0.1008177	2.969482	1.219749	1.141727	0.3069375	-1000	23.78219
588848900971627199	146.19852555	0.72124693	24.89123	23.67765	21.843	21.20202	21.58549	2.631616	18.01734	2.969482	2.969968	1.753358	0.9793348	-1000	22.0806
588848900971627208	146.20143683	0.7974528	24.54238	22.94467	21.7429	21.30859	21.10021	1.065347	4.583613	2.969482	2.059148	2.040855	1.157176	-1000	22.75789
588848900971627217	146.20592422	0.66263113	23.20762	23.64826	21.55761	20.71905	20.88859	1.548163	2.969635	7.357994	7.359198	2.096219	1.121994	-1000	22.4048
588848900971627222	146.20635732	0.6526462	24.77921	22.86629	21.48618	21.4525	21.14038	0.952502	2.969635	4.583377	1.836168	2.969421	11.30303	-1000	23.14404
588848900971627235	146.21359497	0.7508718	22.63072	22.80375	21.77518	21.21111	20.76312	1.043822	2.969635	2.969482	1.970834	1.784532	3.676567	-1000	22.62911
588848900971627242	146.21876368	0.80361409	22.48415	22.08091	21.27243	22.15526	21.04333	2.0722	2.969635	2.969482	7.359198	1.754769	7.357073	-1000	21.91806
588848900971627248	146.22459803	0.82600323	24.4577	23.55305	21.96325	21.54171	21.1127	0.8159838	2.969635	2.969482	1.645825	1.741022	7.357073	-1000	24.63619
588848900971627262	146.2362007	0.77576419	24.18596	23.05058	21.82933	21.21952	20.67274	1.029832	4.583613	2.969482	2.969968	1.605497	1.535925	-1000	22.51052
588848900971627279	146.24962159	0.81936149	23.47766	24.02272	22.02846	21.12474	20.64764	0.7048733	1.096488	2.969482	1.60618	1.573347	1.280425	-1000	23.76297
588848900971627294	146.25895773	0.83652148	23.42304	23.66158	21.65745	20.76538	20.53168	1.186554	2.969635	2.969482	2.969968	2.822207	2.196623	-1000	22.64272
588848900971627296	146.2643112	0.63982268	24.46622	23.95503	22.70751	23.38565	21.74471	0.5405987	2.969635	0.7249482	1.035672	1.043189	7.357073	0.2841324	24.27956
588848900971627302	146.26627057	0.66221541	23.44623	23.21664	21.53541	20.66151	19.86061	1.358612	4.583613	2.969482	2.969968	1.375366	2.845404	-1000	23.08358
588848900971627388	146.16460763	0.66047027	24.62302	24.52852	23.18475	21.82935	21.55124	0.3753358	2.969635	2.969482	2.969968	1.441609	1.39959	-1000	24.82921
588848900971627392	146.16788639	0.67503682	24.28557	25.01343	26.06063	24.63979	20.43994	-9999	2.969635	4.583377	4.584127	2.969421	1.587352	-1000	27.34333
588848900971627395	146.17008073	0.75184579	23.5213	24.04383	23.00413	21.82708	20.79608	0.4596773	2.969635	2.969482	2.969968	0.9990382	7.357073	-1000	25.04717
588848900971627431	146.22650892	0.74986575	23.67762	23.8897	23.60783	21.98493	21.48099	1.624933	2.969635	2.969482	2.969968	7.357843	3.086896	-1000	23.90649
588848900971627452	146.26161589	0.70199457	24.231	25.73722	24.07936	21.40619	21.53811	3.997924	4.583613	2.969482	4.584127	2.82854	1.767781	-1000	24.83693
588848900971627474	146.29596995	0.67963019	24.35065	24.59941	23.81734	22.10948	22.17213	1.106516	0.02087466	2.969482	2.969968	2.969421	1.123933	-1000	25.88406
588848900971627480	146.3007894	0.67625821	26.00078	24.25121	23.11657	21.71487	21.21606	0.9686467	2.969635	0.7549315	2.969968	1.55866	1.648707	0.3483985	23.70227
588848900971627499	146.26823779	0.82428476	24.52362	23.90442	23.80088	23.66042	20.56908	3.049917	2.969635	18.01641	2.969968	2.969421	2.255817	-1000	23.01059
588848900971627509	146.29621901	0.65411672	21.27676	24.41148	26.62876	25.50732	23.48139	7.234886	7.358374	2.969482	2.969968	2.969421	2.969111	-1000	22.38758
588848900971627516	146.18156897	0.64894538	23.87492	23.08474	21.84536	21.70482	22.17612	1.247879	2.969635	2.969482	2.969968	2.969421	2.969111	-1000	21.95932
588848900971627520	146.24119229	0.72035021	24.32968	24.02242	22.20377	22.61474	21.4796	1.027291	2.969635	4.583377	2.969968	1.205207	0.09677128	-1000	24.66086
588848900971627534	146.22912221	0.72538514	23.38533	24.81445	24.89238	21.93854	22.47156	-9999	7.358374	2.969482	2.969968	1.605048	2.969111	-1000	26.28767
588848900971627535	146.25732964	0.7911741	23.7582	25.68168	23.45227	21.81572	23.82746	1.529809	4.583613	4.583377	2.969968	1.506649	2.969111	-1000	25.58021
588848900971692061	146.33959328	0.65220852	22.8305	22.85733	22.61935	21.48269	21.28664	1.449221	2.96928	2.969244	2.969987	2.511437	3.052928	-1000	22.54652
588848900971692075	146.36929947	0.78226315	24.19911	22.69317	21.50186	21.08108	20.56717	1.166186	2.96928	2.969244	2.231085	1.505955	2.621203	-1000	22.70719
588848900971692089	146.3975459	0.66163648	23.04686	23.84216	22.42466	21.72725	21.053	0.7496603	2.96928	2.969244	2.969987	2.317095	2.75855	-1000	24.53084
588848900971692125	146.44429347	0.82438002	25.10316	22.46541	21.51604	22.16	21.23098	1.320762	2.96928	2.969244	2.969987	1.710898	2.095925	-1000	22.41954
588848900971692314	146.41458683	0.66712541	23.92812	24.44996	21.9633	20.69754	20.16454	1.354161	7.357492	2.969244	7.359245	2.962564	1.758263	-1000	23.02228
588848900971692402	146.32961356	0.81891229	23.33596	21.7385	20.29396	19.68222	19.14771	1.064626	0.7915612	1.910213	2.302118	1.965916	2.471111	0.3580571	21.9394
588848900971692404	146.3294648	0.76275068	23.2421	22.34366	24.32181	23.16101	23.67659	-9999	2.96928	2.969244	2.969987	2.969802	2.969163	-1000	22.76817
588848900971692407	146.33140604	0.66754831	25.38731	22.59958	21.37623	21.10457	20.43968	0.9739071	2.96928	2.969244	2.2055	1.442631	1.298912	-1000	22.85249
588848900971692418	146.34037274	0.67873278	24.98594	24.15663	22.67599	21.86031	21.81926	0.3097301	0.09507184	4.58301	2.969987	1.459385	1.020306	-1000	23.12684
588848900971692431	146.35033689	0.79478215	23.89715	22.99145	22.01977	22.37496	22.39111	0.8290105	2.96928	1.179932	2.969987	1.301508	4.582884	0.2226828	22.52054
588848900971692437	146.35514533	0.79857767	22.3623	21.10168	20.14271	19.62346	19.30231	1.046078	2.96928	2.251266	2.092395	2.198946	3.56937	0.2449283	21.10405
588848900971692444	146.36418861	0.81830199	23.48419	22.61564	21.84924	21.26794	20.34177	0.8769167	1.068234	2.969244	2.969987	3.500798	1.446885	-1000	22.41097
588848900971692453	146.37906407	0.82166231	24.00083	22.42636	21.22892	20.79616	20.30877	0.9035499	2.96928	7.357404	2.04847	1.629044	1.745018	-1000	21.84445
588848900971692486	146.39815719	0.74490201	22.52788	21.9693	20.56944	20.06135	19.45846	1.1228	2.96928	2.536793	2.145223	1.746876	1.870478	1.196745	22.32032
588848900971692503	146.41164397	0.83564985	22.87492	22.30419	21.11894	20.99381	20.88544	0.9889733	2.96928	2.969244	1.767824	1.683811	7.357203	-1000	22.50696
588848900971692521	146.43038282	0.80104447	25.11129	22.51461	21.63609	21.26358	20.81891	1.002821	2.96928	2.969244	2.047673	1.276009	7.357203	-1000	22.83719
588848900971692576	146.31584001	0.68779585	23.49635	24.50132	22.26546	21.4778	21.3626	0.7266376	2.96928	2.969244	1.790565	2.574667	1.412306	-1000	27.74142
588848900971692587	146.32441718	0.64212287	22.95251	23.28575	22.38357	22.07831	22.4814	0.7665266	0.6479211	2.969244	1.545547	1.738124	4.582884	-1000	23.37589
588848900971692592	146.32766124	0.78163237	23.55531	22.96932	21.11619	20.30582	19.7901	0.9384963	0.7353318	2.969244	2.131538	1.883528	1.532627	-1000	23.28217
588848900971692605	146.33352169	0.80214662	24.06476	22.97588	21.87339	21.87345	21.70516	1.047171	2.96928	7.357404	2.969987	1.20733	2.361816	-1000	22.09672
588848900971692614	146.34050081	0.63184222	23.09971	22.32975	20.76723	20.37474	19.84389	1.448766	2.96928	2.969244	3.175684	3.442702	3.024885	-1000	21.74028
588848900971692626	146.34547806	0.78242788	23.45395	23.35581	21.99459	21.60145	20.93702	1.005233	0.7356837	2.969244	2.969987	1.503228	1.085322	-1000	23.84735
588848900971692636	146.35486624	0.76453437	25.14609	22.78303	21.3614	20.65505	20.82247	1.232755	0.09881274	2.969244	2.969987	1.389651	1.698102	-1000	23.31791
588848900971692649	146.36075037	0.82958678	24.96631	22.9845	21.44501	21.16568	21.14001	1.020367	2.96928	4.58301	2.969987	2.407037	2.969163	-1000	22.67629
588848900971692684	146.38700724	0.72883442	24.46833	24.68765	22.59574	21.86692	22.15054	0.6119847	4.583065	18.01497	1.422851	1.899517	7.357203	-1000	23.80553
588848900971692693	146.39026233	0.73901249	26.53284	23.79006	21.58262	20.58901	19.8212	1.291825	4.583065	0.1084066	2.969987	1.776784	1.355693	0.03415481	23.5005
588848900971692694	146.39150792	0.73588011	24.34762	24.31931	21.86321	20.99672	20.08333	0.7223223	1.087702	4.58301	1.554756	2.969802	2.889646	-1000	23.79813
588848900971692723	146.40885203	0.6691847	24.08364	23.83847	21.9695	21.13929	20.9509	1.697372	2.96928	2.969244	11.30637	1.844902	2.901195	-1000	22.45833
588848900971692733	146.41161702	0.69459926	23.36206	23.787	21.99732	23.8831	23.23449	0.8332137	2.96928	2.969244	2.043636	0.09738911	4.582884	-1000	24.02806
588848900971692754	146.42025132	0.65170077	25.368	23.4732	21.61568	20.87476	20.43559	0.9112644	0.2463792	7.357404	1.744027	2.422302	1.915933	-1000	23.31021
588848900971692764	146.42683816	0.65693115	24.61442	23.29313	22.15492	21.94886	22.16608	0.8691804	0.6911365	2.969244	2.969987	1.744437	0.08917167	-1000	22.49615