587729149846946413	151.61564824	-2.64874101	23.03209	24.46582	22.25314	21.88347	21.01253	0.8642855	0.8930709	2.96992	1.642771	2.850993	1.738506	-1000	23.88792
587729149846946422	151.62630918	-2.66961327	25.10452	22.9626	21.94155	21.9743	22.03323	0.9158175	4.583497	18.01906	2.970021	2.969773	2.969635	-1000	22.69199
588848900971299302	145.47892409	0.6351535	21.63256	20.54555	20.03965	19.86907	19.64559	1.574947	2.968804	4.013362	3.375573	3.644923	2.31584	0.4593642	20.42436
588848900971299312	145.48727069	0.73440921	24.36167	23.32091	22.03395	21.72168	20.42629	1.222204	2.968804	2.969576	2.969621	2.969343	1.95408	-1000	23.57671
588848900971299314	145.48987886	0.81906526	26.01395	21.8112	20.34277	19.59262	19.27628	1.392128	2.968804	2.969576	7.358338	5.415725	5.23815	-1000	22.44217
588848900971299345	145.50906084	0.75468322	25.05933	22.12865	21.57598	21.30709	21.69806	0.8850601	0.586255	1.791015	1.945828	1.797477	2.591327	0.5324137	22.23612
588848900971299349	145.51237728	0.75650715	24.37643	21.80083	21.03934	20.93127	20.95691	1.007723	0.6530089	2.969576	2.223655	2.226439	2.969238	-1000	21.93731
588848900971299356	145.51799506	0.67523221	23.26456	21.0423	20.2163	19.69322	19.39753	1.660326	7.356313	2.969576	7.358338	4.063219	4.521453	-1000	20.63875
588848900971299359	145.52278599	0.73743127	25.39848	23.00308	21.62613	21.17581	20.61108	0.6494257	2.968804	0.6760682	1.170723	1.195276	11.30352	0.06361668	22.89283
588848900971299371	145.53369256	0.69376455	24.42073	22.46383	21.95002	22.27146	21.4034	0.8910947	2.968804	7.358226	2.169474	2.969343	1.804231	-1000	21.99969
588848900971299376	145.53592825	0.74163715	22.7391	22.38043	21.29219	20.91273	20.28859	1.045565	2.968804	2.969576	2.088232	2.683713	2.265066	-1000	22.21405
588848900971299389	145.54954276	0.70376929	23.38449	22.64794	21.45666	21.06194	21.14985	1.029358	2.968804	2.969576	2.373986	1.878305	2.969238	-1000	22.74034
588848900971299431	145.42126101	0.63163653	23.79838	23.94106	22.42077	23.41146	22.56224	0.6403871	258.286	2.969576	1.59747	1.058975	1.05966	-1000	23.79676
588848900971299473	145.4635014	0.66926472	23.90391	23.13527	21.65048	21.32339	20.9575	1.051067	2.968804	0.09587904	2.506402	2.687082	1.20326	0.05190588	22.57183
588848900971299481	145.47876918	0.6784166	24.73491	23.76272	22.01288	21.76014	21.47912	0.9840796	4.58233	2.969576	2.969621	2.095881	2.087653	-1000	24.88334
588848900971299512	145.50572247	0.66899493	24.26821	23.24106	21.27722	20.77361	20.48853	1.22829	2.968804	2.969576	2.744084	3.579942	1.756304	-1000	22.87648
588848900971299530	145.52075556	0.73770253	24.14729	22.89888	21.55476	20.88731	20.12341	0.7369105	2.968804	2.969576	1.709165	1.791834	3.858082	-1000	22.76348
588848900971299539	145.52479075	0.81062146	24.4189	24.1595	21.94943	21.84866	21.29464	0.7451159	4.58233	2.969576	1.606268	1.697589	2.112998	-1000	23.94489
588848900971299546	145.52841464	0.75677409	24.54795	22.80375	21.71358	21.29157	20.49944	1.307831	2.968804	2.969576	2.969621	2.57987	3.882403	-1000	22.84874
588848900971299547	145.52894526	0.72029667	22.94416	22.9251	21.07745	20.09654	19.619	1.340116	2.968804	7.358226	7.358338	2.931221	1.42117	-1000	23.70315
588848900971299646	145.47416113	0.78370125	23.05705	23.6121	23.23626	21.82742	22.66916	4.013178	1.290474	2.969576	1.199004	2.699659	4.583	-1000	23.40557
588848900971299705	145.46700211	0.81549737	23.81672	25.39005	24.3743	25.41572	20.49094	1.091464	11.30187	2.969576	4.583591	2.969343	1.123992	-1000	23.8424
588848900971299714	145.5295909	0.78436721	23.78044	24.01717	23.49361	25.52846	19.91284	3.469542	2.968804	2.969576	2.969621	4.583162	3.515733	-1000	25.24575
588848900971299719	145.40891318	0.83395078	22.42266	23.09957	22.67636	21.11358	23.78333	4.645713	2.968804	2.969576	2.969621	2.753371	0.8334247	-1000	23.28188
588848900971364367	145.56237168	0.68300984	26.28174	22.03528	20.35749	19.77728	19.43204	1.24913	2.969064	2.969459	2.766287	2.830798	1.312906	-1000	21.90789
588848900971364368	145.55944989	0.6849233	23.86743	22.06437	21.17116	20.6436	20.12671	0.903987	2.969064	2.135447	1.935099	3.555359	3.833015	0.4130461	22.01333
588848900971364394	145.57337388	0.80214628	23.94492	23.42139	21.62559	20.36131	20.05558	1.257854	7.356958	2.969459	2.970076	4.712948	2.79011	-1000	22.66218
588848900971364421	145.60847959	0.7923873	23.08064	20.96226	19.76726	19.22075	18.79736	1.322514	2.969064	2.648905	2.569567	3.600443	1.866781	0.2732397	21.15894
588848900971364426	145.6093326	0.78335571	23.41533	24.40199	23.417	22.19416	22.15312	0.4601943	4.582732	4.583341	2.970076	0.07711656	1.806657	-1000	23.49366
588848900971364437	145.64334704	0.65759185	23.56295	22.44946	21.21685	20.78285	20.26509	0.986697	2.969064	2.969459	2.185931	1.952294	1.750138	-1000	22.54439
588848900971364466	145.6978813	0.73024251	23.94073	23.2281	22.50193	22.00099	22.68988	0.6235293	4.582732	2.969459	1.237664	1.809943	0.0870999	-1000	23.73962
588848900971364596	145.58945648	0.77820351	25.05845	20.40741	19.02225	18.54161	18.15831	1.534068	2.969064	4.351695	3.278177	3.576693	4.149004	0.9166418	20.37151
588848900971364612	145.65480213	0.79874268	21.95259	20.17406	19.33028	18.85755	18.4709	1.243332	1.32052	2.335323	2.523971	2.392596	5.951129	0.1537594	20.27876
588848900971364617	145.6824346	0.75083338	21.52887	19.95936	18.94798	18.45843	18.10882	1.432086	2.295664	3.089059	3.106986	2.595371	2.611225	0.1497248	20.05199
588848900971364624	145.6906104	0.82491072	20.5574	18.89093	17.83094	17.31498	16.91715	2.26523	11.30286	6.758063	5.671293	4.628483	5.980011	0.5830864	19.07268
588848900971364641	145.61060451	0.67026478	22.10936	21.32215	19.53039	18.89655	18.42041	1.316301	2.969064	2.969459	4.246314	2.101511	2.190743	-1000	21.02939
588848900971364726	145.56453598	0.77552277	24.49763	22.81996	22.53894	22.75758	21.46194	0.6250534	4.582732	2.969459	1.351888	1.062987	2.000767	-1000	22.80544
588848900971364743	145.57376361	0.76401525	23.08339	22.69215	21.56485	21.28723	21.1058	0.9080115	2.969064	2.969459	2.071048	2.234623	1.674982	-1000	23.33731
588848900971364837	145.61583496	0.66709054	23.33078	21.88858	20.97804	20.63237	20.72924	1.042017	1.179064	2.339864	2.29145	2.228092	1.843009	0.2972763	21.57385
588848900971364843	145.6165353	0.6551219	24.27799	22.36869	22.12288	21.27525	20.71319	1.811455	2.969064	2.969459	2.970076	2.96966	18.01543	-1000	22.99356
588848900971364850	145.61963261	0.75994453	22.6458	21.70657	21.13307	20.9705	20.35933	0.8877074	1.147724	1.638382	1.979901	1.827873	7.114891	0.1919785	21.77263
588848900971364854	145.62325786	0.7364679	24.73504	22.673	22.29585	22.34693	22.77203	0.78423	0.2817693	2.969459	1.697778	1.33046	2.969321	-1000	22.46344
588848900971364865	145.63225102	0.76158174	22.8167	21.1963	20.24744	19.7388	19.38696	0.9777355	2.969064	1.88637	2.059895	1.824072	1.620881	0.2243225	21.28686
588848900971364891	145.65137283	0.63658396	23.42201	22.71824	21.92202	21.19834	22.93327	2.955215	1.048796	1.077862	2.970076	1.429017	0.2978926	1.04519	23.47207
588848900971364893	145.65293983	0.65667478	22.45825	21.24292	20.17819	19.7189	19.22486	0.9858724	2.969064	1.881436	2.366223	1.928238	2.709861	0.2897026	21.2116
588848900971364905	145.65638962	0.7457	23.74149	22.00574	20.17134	19.49267	19.00105	1.151577	2.969064	2.969459	2.375784	2.526736	6.617638	-1000	21.88438
588848900971364911	145.65987175	0.70658269	23.97139	23.7356	22.69923	21.52586	20.58608	0.5809463	4.582732	2.969459	1.082604	1.183245	3.45484	-1000	23.90951
588848900971364921	145.66279629	0.63226749	23.00893	22.73888	22.48354	22.565	22.48854	0.6475043	7.356958	2.969459	1.057119	1.915953	1.751834	-1000	22.53166
588848900971364931	145.66703706	0.80180301	22.28344	21.41244	20.56579	20.25586	20.18548	1.198856	4.582732	7.357935	2.56069	1.980385	11.30384	-1000	21.18499
588848900971364954	145.67803133	0.64799538	20.68792	19.80076	19.24146	19.09276	18.89629	2.259968	2.969064	2.969459	2.970076	5.221078	3.703243	-1000	20.22504
588848900971364959	145.6838381	0.65885033	23.39642	21.90283	20.33912	19.75833	19.24566	0.8538252	11.30286	2.244326	1.698715	1.796788	1.666846	0.2617707	21.76563
588848900971364966	145.68879971	0.74933285	22.66077	21.29793	20.28884	19.88469	19.59367	0.8004915	1.162948	2.27419	1.586305	1.609409	1.618057	0.358007	21.17909
588848900971365005	145.55677364	0.73856723	23.45528	23.33208	21.84106	20.98801	20.55312	1.913293	2.969064	2.969459	7.359465	3.331751	3.374979	-1000	25.89452
588848900971365024	145.56743479	0.75457911	25.26479	23.06053	21.84113	20.50474	19.90703	1.630591	2.969064	11.30436	18.02001	2.751842	2.595575	-1000	23.25992
588848900971365057	145.58759541	0.79856111	24.21943	23.26199	22.28704	22.31604	22.08794	0.7238566	2.969064	2.969459	1.634984	2.96966	1.398563	-1000	22.87645
588848900971365059	145.58902951	0.72777624	23.3989	23.28854	22.57197	22.07618	21.46592	0.5381132	91.28503	7.357935	1.050565	1.710781	1.056453	-1000	22.74723
588848900971365106	145.61276592	0.70062989	25.05043	24.84993	21.74293	22.39674	21.61845	1.271779	11.30286	11.30436	2.970076	2.96966	1.148197	-1000	25.1184
588848900971365116	145.61787297	0.76388718	24.33879	23.3361	22.2711	21.87995	19.62092	2.426368	2.969064	2.969459	18.02001	0.8675411	18.01543	-1000	26.12209
588848900971365123	145.62349251	0.74684827	25.2831	22.95625	20.69638	20.19728	19.43958	1.453929	2.969064	2.969459	7.359465	1.721584	1.956321	-1000	23.79465
588848900971365138	145.63794145	0.65363394	23.36325	23.15399	22.01956	22.64567	23.03638	2.268658	11.30286	2.969459	11.30671	2.96966	2.969321	-1000	27.41006
588848900971365169	145.6590615	0.63663875	23.57503	25.13008	21.7217	21.0938	20.67226	1.765645	11.30286	2.969459	2.970076	1.439885	3.357625	-1000	22.52936
588848900971365204	145.6801116	0.65410703	26.61637	23.12563	21.13593	20.60175	19.8616	1.102948	2.969064	7.357935	2.409884	2.040371	2.200444	-1000	22.53546
588848900971365210	145.68351662	0.69272783	22.88127	22.82126	21.8674	21.30111	21.83049	1.751031	18.01387	2.969459	7.359465	1.43179	0.8210862	-1000	22.05159
588848900971365256	145.57625403	0.83724627	23.66396	24.77184	23.14365	21.92863	21.84903	1.159355	0.3026506	2.969459	2.970076	1.227961	7.357596	-1000	25.00162
588848900971365282	145.62117051	0.63599826	23.74249	24.28254	23.88865	21.93026	21.31783	2.427015	27.91323	2.969459	2.970076	2.082254	1.825311	-1000	22.48757
588848900971365285	145.62804312	0.71038231	23.67517	25.04259	22.31593	21.11892	20.83532	1.054892	2.969064	2.969459	2.970076	1.766129	1.264195	-1000	25.20247
588848900971365290	145.63885463	0.69571842	25.23897	24.75352	22.84165	21.82183	22.44198	0.6506684	2.969064	0.08025221	0.8603076	1.346792	0.776625	0.05001619	24.6232
588848900971365294	145.639941	0.7807863	24.50145	23.3969	22.80026	21.9469	21.20321	1.786096	4.582732	11.30436	2.970076	1.545606	11.30384	-1000	22.7037
588848900971365321	145.6958601	0.83802097	25.59336	25.16607	23.13779	21.88445	21.93261	0.6052719	4.582732	2.969459	1.258096	1.753679	0.08707414	-1000	25.67028
588848900971365349	145.68814368	0.70630435	24.88469	24.74143	25.8147	23.97344	19.97448	-9999	4.582732	2.969459	2.970076	0.6951376	1.188975	-1000	26.2115
588848900971429906	145.71942954	0.80192357	24.55315	22.35848	21.69403	21.88594	22.82526	1.390409	2.969262	2.968944	2.969935	2.969401	0.1016522	-1000	24.61194
588848900971429910	145.72531871	0.80990188	21.97907	22.26833	21.81038	19.85147	20.80739	2.337037	2.969262	2.968944	2.969935	3.477866	2.969867	-1000	22.63627
588848900971429931	145.75368256	0.83309056	23.14167	19.54584	18.46432	17.46252	16.83463	1.020846	2.969262	1.890376	2.15602	1.681353	1.380193	0.9208767	19.68332
588848900971429932	145.75549854	0.82896914	23.54052	21.89753	20.72369	19.51543	19.37739	2.062257	27.91508	2.968944	2.969935	3.698037	2.150225	-1000	21.91373
588848900971429941	145.75052957	0.82866033	24.30843	22.91743	22.1016	19.79305	19.95966	2.189869	2.969262	2.968944	2.969935	3.037316	1.895748	-1000	23.44257
588848900971429965	145.79114225	0.67851777	26.26323	26.83813	22.83765	20.92347	21.6041	1.770504	0.2875175	0.2469113	2.969935	2.969401	2.969867	0.06939476	26.02184
588848900971429969	145.80693058	0.8086544	23.40982	21.70366	20.15949	19.58731	19.04355	1.099854	2.969262	2.968944	2.26598	1.749729	3.2341	-1000	21.8599
588848900971430100	145.8521809	0.82562387	21.01602	20.63212	20.2596	19.86266	19.58063	0.8458847	1.423619	1.51996	1.75275	1.667958	2.201604	0.1121946	20.75177
588848900971430164	145.80473106	0.76806296	21.28693	19.81295	18.87707	18.40108	18.05265	1.477198	2.316661	2.702876	3.277438	2.786561	3.166479	0.1721448	20.01076
588848900971430181	145.84293304	0.74786868	20.97912	18.93758	17.80352	17.19907	16.78202	2.524007	18.01507	6.803844	7.132464	5.692178	5.390501	1.366291	18.98251
588848900971430256	145.81922421	0.69383628	20.47388	19.43481	18.9585	18.64668	18.51916	2.069536	2.969262	4.14212	4.622423	4.458177	7.303014	0.2287321	19.64541
588848900971430261	145.82056981	0.65424167	24.15376	22.59637	21.78782	21.77617	21.31662	0.5518872	0.7435219	1.433179	1.185936	1.930928	2.846987	0.3533043	22.71751
588848900971430315	145.72321168	0.77037297	26.01089	22.40047	21.26353	20.71366	20.33056	0.9382907	2.969262	2.968944	1.956035	1.769852	2.795909	-1000	22.72075
588848900971430330	145.73715191	0.63864828	23.7164	22.44052	21.38536	20.53578	19.98131	0.9117705	2.969262	2.968944	2.567138	1.720622	1.487385	-1000	22.08827
588848900971430332	145.73862436	0.73160445	21.94195	22.39263	21.18481	20.81719	20.82438	0.9293905	2.147475	2.968944	1.958128	1.84171	1.763319	-1000	22.33718
588848900971430348	145.75289265	0.65088547	23.82097	21.42855	19.72059	19.02198	18.64921	1.430331	18.01507	2.968944	3.458908	3.123677	2.576168	-1000	21.61764
588848900971430360	145.75747915	0.69220419	22.90113	21.99482	21.5355	21.14074	20.42026	0.8548526	1.069846	2.968944	2.075446	2.219741	3.137681	-1000	22.28241
588848900971430361	145.76083132	0.76818063	21.52977	20.85208	19.97821	19.67307	19.42842	1.778555	0.07993573	3.402601	3.713553	3.668617	4.106291	0.2373065	21.00298
588848900971430390	145.79024909	0.71571063	23.17422	22.21867	21.67293	21.47991	21.82568	1.260009	0.8476269	1.499225	2.969935	2.607272	0.1015585	0.2405588	22.54969
588848900971430401	145.79747086	0.83898625	22.07708	21.83405	21.29334	20.87245	21.24459	1.031992	2.969262	1.815521	2.329726	3.158222	27.92077	0.3406125	22.18936
588848900971430407	145.80105678	0.676711	22.53992	21.46233	20.14717	19.67866	19.44638	1.09718	2.969262	2.48871	2.344819	2.068934	1.940089	0.2442331	21.56721
588848900971430417	145.80484013	0.83820555	24.33498	22.37734	21.97424	21.7789	20.5161	1.969026	7.357448	2.968944	7.359116	1.747911	2.752469	-1000	22.47839
588848900971430421	145.80716159	0.67847917	23.93078	21.37221	20.29457	19.77987	19.55404	0.9064328	1.076754	2.103408	1.789007	1.657807	1.318318	0.1873652	21.39554
588848900971430423	145.80716549	0.82732251	23.07724	22.17919	20.75504	20.04115	19.35295	1.179108	4.583037	2.968944	2.643224	2.407865	2.039137	-1000	22.17244
588848900971430459	145.83045811	0.65459202	24.64327	23.03778	21.91908	21.52267	21.07834	0.6922483	4.583037	1.113583	1.323841	1.310862	1.909226	0.2378348	23.58541
588848900971430475	145.84173263	0.64679511	22.51526	22.18289	20.98036	20.608	20.12345	1.181564	7.357448	1.956398	2.448451	2.562813	2.549576	0.2161465	22.66443
588848900971430480	145.84397754	0.78513128	22.21095	21.39955	20.94044	20.83479	20.59977	1.622495	2.969262	2.091306	7.359116	3.062114	1.514565	0.2270364	22.0857
588848900971430482	145.84584619	0.78050133	26.67237	22.37908	23.11322	22.8193	22.09801	1.228126	4.583037	2.968944	2.969935	2.969401	2.969867	-1000	22.60561
588848900971430546	145.74213595	0.67146148	24.62437	24.26496	23.12557	22.28441	23.25718	0.4634511	2.969262	2.968944	1.069357	2.27153	2.969867	-1000	24.50203
588848900971430565	145.75493815	0.75218574	23.94604	22.7412	21.37216	22.02569	22.02687	2.399156	7.357448	2.968944	7.359116	1.205941	1.018499	-1000	26.29184
588848900971430583	145.76463986	0.79799554	23.69158	23.65573	22.18189	21.0169	20.177	0.7829534	0.3234981	2.968944	1.612871	1.207949	2.450239	-1000	23.21991
588848900971430585	145.76689714	0.75041272	25.05703	24.21988	21.92352	22.1144	21.76765	1.058745	2.969262	2.968944	2.969935	2.969401	2.969867	-1000	31.01342
588848900971430591	145.76919916	0.75606816	24.16396	23.98368	22.20703	22.08286	22.02379	1.082002	0.3280102	2.968944	2.969935	2.234758	2.969867	-1000	24.51405
588848900971430593	145.77383761	0.77746864	24.35136	22.74578	22.03627	21.86485	22.20735	1.353048	0.09700505	43.70952	4.584076	1.62414	4.583971	3.350585	22.04104
588848900971430629	145.8004644	0.69861287	24.89553	23.55497	22.34539	22.79934	22.0042	0.6484947	2.969262	2.968944	2.969935	2.969401	0.03423205	-1000	23.5114
588848900971430653	145.81234222	0.67025907	23.66273	22.93614	22.40327	22.12287	21.63773	0.7573376	2.969262	2.968944	1.625506	1.75452	3.666464	-1000	23.09106
588848900971430658	145.81840018	0.81267346	24.47566	23.17852	21.67385	21.20729	20.99957	0.6395016	4.583037	2.968944	1.457385	1.845899	1.262791	-1000	22.3457
588848900971430663	145.8196339	0.80847713	22.31511	22.10673	20.48474	19.54394	19.00894	1.773723	11.30361	2.968944	3.662449	2.498688	11.30591	-1000	22.00432
588848900971430688	145.83421857	0.76705635	26.00848	22.83429	21.83994	22.59325	22.12514	1.158304	2.969262	2.968944	2.969935	2.969401	1.907259	-1000	22.9726
588848900971430762	145.72962	0.6973607	24.0576	25.56368	23.72097	22.04787	20.69116	1.968976	2.969262	2.968944	2.969935	2.09043	1.759119	-1000	25.04313
588848900971430773	145.74444422	0.7718195	25.99437	23.49857	21.94295	21.19166	20.7363	1.191279	2.969262	18.01314	2.969935	1.502435	1.239619	-1000	23.92792
588848900971430779	145.7497001	0.7663483	23.99671	24.19561	22.94833	21.69739	22.24392	1.086169	0.1099274	0.09938701	2.969935	2.969401	4.583971	0.04808767	24.00436
588848900971430794	145.76699497	0.69643434	22.85181	25.55782	22.71398	20.99165	20.20974	0.3967502	11.30361	11.3024	1.083174	2.484182	3.261612	-1000	23.85178
588848900971430803	145.77862053	0.63029357	22.82444	23.53596	22.26947	20.77977	20.406	0.9267602	1.854659	2.968944	2.969935	2.048502	2.323247	-1000	25.13434
588848900971430816	145.79050307	0.78285434	25.67142	23.94475	22.83074	21.4875	21.65623	3.501483	2.969262	2.968944	7.359116	3.273263	7.358947	-1000	22.67637
588848900971430836	145.82589062	0.75883473	24.05767	23.32758	23.00408	21.96666	22.35585	0.9945851	2.969262	2.968944	2.969935	1.433915	1.094296	-1000	23.06178
588848900971430901	145.79926752	0.73437104	25.6814	25.69641	24.83018	22.0617	21.7343	-9999	2.969262	2.968944	2.969935	1.415241	3.620618	-1000	25.33261
588848900971495454	145.87561098	0.64821929	25.43484	23.90992	22.61885	21.35933	22.51629	1.503344	27.91017	2.968655	2.969973	2.507765	27.91424	-1000	23.39453
588848900971495495	145.93987526	0.69375908	22.97863	22.84426	21.97334	21.56084	21.54805	0.9588442	2.968739	2.968655	1.968218	2.738827	0.9994693	-1000	23.13182
588848900971495601	145.93774186	0.67206391	20.84011	18.93478	17.69854	17.2097	16.7659	2.497304	2.968739	6.664438	6.120205	4.882816	4.242269	2.098558	18.86335
588848900971495790	145.99121921	0.63556485	23.35166	22.94445	22.47653	21.81957	21.18493	1.466445	7.356152	2.968655	2.969973	18.01369	2.969172	-1000	23.59698
588848900971495804	145.85366497	0.73989481	24.44418	21.9844	20.74906	19.97462	19.5873	1.377095	2.968739	2.968655	2.856688	2.264627	4.508079	-1000	22.40462
588848900971495832	145.86791649	0.71337616	22.4278	21.34492	19.84828	19.14538	18.77589	1.340618	0.1024896	2.968655	2.962655	2.694421	2.346572	-1000	21.36557
588848900971495847	145.87662299	0.72411839	22.53689	21.62597	21.04406	21.0209	20.56741	1.000656	2.968739	2.188505	2.159641	2.122947	1.587884	0.3663163	21.66031
588848900971495852	145.88093496	0.81850058	24.59854	22.82299	20.64161	20.12933	19.62214	0.9558944	2.968739	2.968655	1.759327	2.202731	1.382119	-1000	22.73112
588848900971495872	145.89435775	0.78981252	23.93767	22.57714	22.81161	22.76715	21.47605	2.213459	11.30162	2.968655	7.35921	1.108	3.542146	-1000	22.91464
588848900971495892	145.90437079	0.81399582	22.57719	22.05137	21.19934	21.2	20.97363	0.9992589	1.091274	1.239705	1.893239	1.309705	2.816323	0.1355891	22.50329
588848900971495908	145.91769319	0.78928014	22.53493	22.08918	20.62815	20.07758	19.67892	1.086152	2.968739	2.968655	2.461658	2.838933	3.78067	-1000	22.14501
588848900971495922	145.92030407	0.74471698	25.32451	21.89581	20.26153	19.67193	19.08712	1.113544	7.356152	2.968655	2.477766	2.038716	2.456662	-1000	21.751
588848900971495941	145.9323591	0.67089151	23.44891	22.84458	21.81607	21.42147	21.72753	0.8837512	4.58223	2.968655	1.965209	7.356884	1.128399	-1000	23.03322
588848900971495946	145.93414902	0.6300274	23.68703	21.82786	20.82866	20.51054	23.83014	1.487355	2.968739	2.968655	2.969973	2.969034	0.7289804	-1000	22.16694
588848900971495947	145.93451892	0.63202156	23.97421	22.97961	22.64232	22.01723	21.83569	1.144126	2.968739	4.5821	2.969973	1.706345	7.357225	-1000	22.75214
588848900971495949	145.93608173	0.66876297	24.7712	22.72639	24.34742	25.07045	23.4929	1.952107	2.968739	1.122652	2.969973	2.969034	2.969172	0.2786786	23.2826
588848900971495953	145.93762018	0.65062471	22.91362	21.28184	20.4038	20.12474	19.87943	1.972228	0.9698278	2.968655	4.434554	3.51872	2.886008	-1000	21.5036
588848900971495990	145.96158514	0.78026715	22.56696	22.07244	21.13585	20.81864	20.26612	0.8315489	2.968739	1.376646	1.594347	1.381265	2.666823	0.1661071	22.52467
588848900971495992	145.96234806	0.76855523	22.54466	22.76547	22.35526	22.19177	21.85747	0.7602388	1.002494	1.204881	2.969973	1.400867	2.969172	0.3078611	23.16126
588848900971496008	145.96808666	0.7599906	22.78843	21.63943	21.03884	20.8415	20.40152	0.966957	2.968739	1.707039	1.66712	2.144085	3.23358	0.1841307	22.39193
588848900971496013	145.9697123	0.74813805	24.98066	22.82141	22.99612	21.82842	21.18455	0.3879132	4.58223	2.968655	2.969973	1.586438	43.75798	-1000	22.4502
588848900971496020	145.97663459	0.77693503	22.24191	21.4695	20.3136	19.91506	19.48968	0.9836617	2.968739	1.876872	1.849428	1.786316	18.01452	0.2533786	21.5134
588848900971496029	145.98189017	0.80522055	25.94568	22.72688	22.10302	21.82893	20.99168	0.8992538	0.2600163	2.968655	2.243236	1.564927	3.397308	-1000	23.15086
588848900971496041	145.98711323	0.68014063	22.17159	22.01086	21.1483	20.81519	20.81095	1.245939	2.968739	2.079002	2.877883	2.770278	1.056179	0.3949381	22.13255
588848900971496046	145.98959086	0.75562871	24.25737	22.10802	20.73592	20.12325	19.65543	1.094854	0.08534791	2.968655	2.225507	1.573717	2.034838	-1000	21.93882
588848900971496105	145.86227261	0.7842261	25.52912	23.28753	22.08311	21.49062	20.84091	0.8037711	4.58223	4.5821	1.530073	2.982237	7.357225	-1000	22.89122
588848900971496129	145.87874543	0.80070946	23.90917	24.13319	22.26798	21.72055	21.36584	1.32866	0.7502384	7.355945	7.35921	2.633609	2.810716	-1000	22.38451
588848900971496159	145.89718546	0.8361191	24.25486	23.17145	22.13553	21.97429	21.86055	0.8853086	7.356152	2.968655	1.69655	1.907522	2.969172	-1000	22.82858
588848900971496167	145.90246332	0.76479859	23.21823	22.64001	21.14226	20.93495	20.92294	1.631849	2.968739	18.01139	2.969973	2.011225	2.969172	-1000	22.11579
588848900971496182	145.90983312	0.79064549	24.32595	23.80346	21.88565	21.67588	21.29302	1.031592	11.30162	2.968655	2.969973	2.123311	1.24011	-1000	25.36974
588848900971496187	145.91144019	0.72001528	24.76368	21.52339	20.49857	20.07591	22.08782	2.505837	11.30162	11.3013	2.969973	3.336507	1.780262	-1000	21.89945
588848900971496194	145.91490515	0.66977695	23.95164	23.07381	22.41738	22.34319	22.33812	0.9085574	4.58223	7.355945	2.969973	2.785212	0.7549525	-1000	22.40967
588848900971496239	145.93639278	0.6663112	23.53411	27.33743	21.22289	25.52649	22.91574	12.27782	2.968739	2.968655	43.76979	2.969034	43.75798	-1000	29.97543
588848900971496247	145.9413498	0.73645823	21.03695	20.83909	19.68145	20.24769	19.87321	3.682127	11.30162	0.1016405	11.30632	2.285964	1.278463	0.03616631	21.91209
588848900971496273	145.95663314	0.639756	23.97872	23.22202	21.63331	21.4665	20.81271	1.048331	2.968739	2.968655	2.297851	1.498201	2.472043	-1000	24.70451
588848900971496328	145.98458725	0.79020207	24.79125	23.20231	22.0259	21.3074	20.39403	0.9019613	4.58223	2.968655	2.969973	2.267558	2.730586	-1000	24.08325
588848900971496353	145.99493019	0.6398478	24.57517	23.68306	22.35763	21.57755	21.62179	0.7109529	4.58223	2.968655	1.598735	11.30274	0.732721	-1000	24.0025
588848900971496367	146.00207704	0.7406926	22.43382	21.67404	20.55562	20.34886	19.83175	2.160485	11.30162	11.3013	2.969973	2.969034	4.714077	-1000	21.80538
588848900971496369	146.00268431	0.65498546	25.47643	25.4198	22.55709	21.87557	21.19056	0.5391672	0.2569808	2.968655	1.322056	2.094011	0.7360755	-1000	24.95577
588848900971496478	145.99808505	0.79342301	25.60752	25.40988	22.53053	21.18077	20.58661	0.7457607	2.968739	2.968655	1.043049	2.595535	0.8155779	-1000	23.44203
588848900971496505	145.85895598	0.73239554	18.64979	25.65086	29.80709	28.29476	24.63047	-9999	43.7516	2.968655	2.969973	43.75595	0.7108318	-1000	19.63892
588848900971496508	145.95934156	0.69204398	23.709	22.83401	23.60866	23.16012	22.33574	-9999	0.8124187	2.968655	2.969973	2.969034	4.582898	-1000	23.56493
588848900971496521	145.92798194	0.70798567	23.41178	23.4674	23.39232	21.83625	21.36362	-9999	4.58223	11.3013	2.969973	1.872341	2.338938	-1000	22.86806
588848900971496526	145.99811978	0.63758507	24.10617	24.987	23.10694	21.64069	21.24189	2.592016	2.968739	0.7489983	7.35921	2.211794	2.310048	0.3232995	27.00741
588848900971560978	146.02092184	0.73354801	17.42073	15.30125	14.31706	13.8282	13.46302	4.998826	7.351298	12.71592	13.03901	13.18768	11.63645	0.2406937	15.36442
588848900971560995	146.01520658	0.73841753	23.64771	22.05767	22.1235	22.68489	21.18523	1.238369	4.58365	2.968987	2.208331	2.969397	2.968729	-1000	22.11603
588848900971560997	146.01957028	0.74160837	25.72052	24.555	23.4692	22.24237	21.74031	1.505986	2.969659	2.968987	2.969686	1.392479	2.424548	-1000	23.81739
588848900971561015	146.03410555	0.65620548	23.49765	22.43067	21.24703	20.73376	20.81564	1.320139	7.358431	2.968987	2.698177	3.572549	1.291608	-1000	22.45514
588848900971561094	146.13255998	0.73535594	26.02437	25.20255	22.07166	23.98128	21.21286	1.119211	2.969659	4.582613	2.969686	2.969397	0.08292311	-1000	24.55121
588848900971561102	146.14369215	0.77970313	21.87769	19.74322	18.94051	18.44881	18.1778	1.680931	2.969659	3.76561	3.846045	4.085243	3.566085	0.2694599	19.84626
588848900971561104	146.13761943	0.77731375	23.6653	22.3204	21.99588	22.15737	21.05579	0.9642774	2.969659	2.968987	2.969686	1.213969	2.935255	-1000	22.18704
588848900971561112	146.13110233	0.778954	23.7955	24.14053	22.09299	24.35308	20.63785	0.9545084	2.969659	2.968987	2.969686	2.969397	3.101321	-1000	23.43278
588848900971561135	146.13344783	0.70798847	23.93075	23.30091	22.09472	21.70602	21.15661	1.035511	4.58365	11.30256	2.969686	2.944322	1.346614	-1000	22.5299
588848900971561138	146.13658204	0.69947272	25.80976	24.16928	23.21576	21.19213	22.12817	1.640299	2.969659	2.968987	2.969686	2.585322	0.8166521	-1000	24.16611
588848900971561242	146.13023902	0.64055291	21.54425	20.63011	19.94143	19.44598	19.06052	0.8956547	27.91881	1.649083	1.928326	1.967307	2.016432	0.1571697	20.82615
588848900971561283	146.04999081	0.64791369	26.05484	22.61788	21.42345	20.65904	20.07635	1.550482	2.969659	2.968987	2.969686	2.969397	3.731567	-1000	22.8144
588848900971561303	146.08613013	0.7167748	22.58067	22.24239	21.93893	20.34143	20.9258	0.7483587	2.969659	1.42723	1.516483	1.841953	1.662818	0.1980099	22.40618
588848900971561305	146.09884301	0.76872368	22.48054	20.61397	19.54993	18.89292	18.55226	1.035205	2.969659	1.984023	2.102762	2.123158	2.054598	0.1810942	20.75702
588848900971561332	146.04278617	0.76185386	22.24814	21.96254	21.08896	20.79469	20.13644	0.9565138	1.516739	1.615888	2.139296	1.631201	3.12528	0.2353394	22.03372
588848900971561380	146.03802295	0.71152992	23.34342	22.19798	20.53182	19.89823	19.46254	1.119223	0.057344	1.834229	2.345819	2.421643	2.2421	0.3068639	23.326
588848900971561384	146.03832045	0.65559564	21.99248	22.5267	21.60275	21.29443	20.66774	1.324664	2.969659	2.968987	2.969686	1.209936	2.967452	-1000	25.14361
588848900971561444	146.00809378	0.78968418	24.12999	22.95719	22.22563	21.90637	21.62039	0.6480901	2.969659	2.120007	1.176968	2.969397	0.09244963	1.976121	22.67726
588848900971561448	146.01133006	0.75931111	23.91891	22.90278	22.35404	22.02288	21.49193	0.7140596	2.969659	1.967276	1.550552	1.772956	1.092549	0.1798909	23.07193
588848900971561485	146.04014846	0.70238072	23.09573	21.74212	20.74867	20.36601	20.17608	1.07866	1.117417	2.345612	2.305477	2.03624	2.228872	0.3986016	21.67108
588848900971561503	146.04784426	0.82789685	25.68069	22.21562	20.37235	19.61931	19.02197	1.186312	2.969659	1.309605	2.518574	1.679336	2.580321	0.2250064	22.14918
588848900971561504	146.04785609	0.80241518	23.20954	22.74869	24.28707	24.98454	22.90114	3.132057	2.969659	2.968987	2.969686	7.357783	0.07628208	-1000	22.56963
588848900971561513	146.05232628	0.80344591	22.95165	22.46003	22.55798	21.79024	21.35004	0.5299938	7.358431	2.968987	1.324063	1.319971	11.30158	-1000	22.75712
588848900971561552	146.06889898	0.77163403	22.58935	21.28453	20.09837	19.7568	19.4508	0.9375933	2.969659	1.904517	1.92353	1.967049	1.488524	0.2486742	21.42716
588848900971561606	146.10056212	0.79098162	22.35711	21.84051	20.47747	19.90731	19.53621	1.101015	1.552517	2.968987	2.389058	2.625776	3.151922	-1000	21.99603
588848900971561643	146.11710852	0.83233016	26.43799	25.00083	23.45107	21.30787	22.48979	1.402092	2.969659	4.582613	2.969686	2.586349	2.968729	-1000	26.88549
588848900971561648	146.12426708	0.74945605	21.78616	20.9369	20.17584	19.87447	19.64817	1.757746	11.30512	7.356766	7.3585	3.297374	5.623556	-1000	21.24672
588848900971561673	146.12694339	0.74308095	24.37261	22.07664	20.15635	19.22136	18.61177	1.420418	2.969659	2.968987	7.3585	2.895864	4.885731	-1000	22.40323
588848900971561700	146.15029309	0.78750019	24.42512	21.69744	19.86324	19.00153	18.48551	1.460593	0.2504015	2.968987	3.236704	2.965986	4.055093	-1000	21.77681
588848900971561701	146.14836082	0.78755247	22.6774	22.7562	21.36581	21.32471	20.89996	0.9358012	2.969659	2.968987	1.739118	1.696478	1.66874	-1000	22.79329
588848900971561706	146.14953983	0.76073342	22.44019	21.28786	20.13093	19.60938	19.07599	1.192773	0.06714997	2.968987	2.558874	2.255485	2.196279	-1000	21.06395
588848900971561745	146.01140952	0.76219536	22.55836	20.8948	20.22754	20.6534	21.45981	4.144228	18.01748	0.09306416	18.01764	2.969397	2.968729	0.04786896	21.15652
588848900971561755	146.01881628	0.74855679	23.2976	23.51659	21.90743	21.41248	21.33107	0.7061641	2.969659	0.09592795	1.840623	1.703625	1.773537	0.03873115	23.54463
588848900971561765	146.02615503	0.7976269	24.60333	22.83519	21.90877	21.9354	21.71576	0.8441455	2.969659	2.968987	1.828428	2.969397	11.30158	-1000	22.79347
588848900971561772	146.02905952	0.79266338	23.56792	23.17248	21.68544	21.04457	21.478	1.299424	1.75686	2.968987	2.969686	1.338966	0.7868406	-1000	23.28732
588848900971561831	146.06253247	0.76350818	24.17405	23.65903	21.94556	21.14086	20.49688	1.156226	4.58365	2.968987	2.969686	1.98799	7.356129	-1000	23.97319
588848900971561836	146.06431631	0.64804387	23.4145	23.04731	21.41002	20.6192	20.31691	0.8583585	7.358431	7.356766	1.877174	1.70839	1.913357	-1000	22.2115
588848900971561841	146.06631698	0.80908315	24.10674	23.28315	22.57607	22.47076	22.10804	0.5799964	4.58365	2.968987	1.222174	4.583245	4.582215	-1000	23.52984
588848900971561862	146.07713117	0.78423	24.07103	22.44791	20.64969	20.00704	19.56191	1.181328	2.969659	2.968987	2.749327	2.593985	1.806816	-1000	22.39921
588848900971561874	146.08220812	0.65616495	23.53478	23.46915	22.20087	22.49793	22.72223	0.6125124	4.58365	2.968987	1.382317	2.969397	0.2945863	-1000	23.58512
588848900971561893	146.08985735	0.75852215	23.91235	23.07693	21.39643	20.65068	20.01913	1.142142	0.7061631	2.968987	2.124051	2.204276	3.168981	-1000	23.91786
588848900971561895	146.09216441	0.67881399	25.16305	22.88842	21.65742	21.33609	20.86627	0.8565984	2.969659	2.968987	2.277553	1.57681	2.429704	-1000	22.43656
588848900971561901	146.09399229	0.67353386	23.36557	24.06059	21.47852	20.65186	19.96221	1.24543	0.09427208	2.968987	2.969686	2.449117	2.276366	-1000	22.83804
588848900971561940	146.1090988	0.82969682	23.82009	23.92657	22.03281	21.29806	20.69885	0.5558569	2.969659	2.968987	2.969686	1.829604	2.791794	-1000	26.71988
588848900971561950	146.11378855	0.69975346	23.45403	22.85322	20.98246	20.39287	19.77255	0.9253333	0.1089156	2.968987	1.768647	3.531829	1.988383	-1000	22.49364
588848900971561983	146.13377473	0.83500497	24.56118	24.24483	22.42501	21.28033	20.60865	-9999	0.6041216	2.968987	2.969686	1.310754	2.080364	-1000	26.92669
588848900971562007	146.14645332	0.78886648	24.32709	24.35159	21.5479	20.73524	20.22784	0.790475	4.58365	2.968987	1.776221	1.242563	1.567411	-1000	27.93277
588848900971562037	146.00946433	0.71351276	24.20529	23.19011	22.18876	21.13085	21.21716	0.2604804	7.358431	2.968987	1.387944	2.810227	1.291996	-1000	24.89349
588848900971562040	146.01101902	0.70447544	25.1186	24.37738	22.83692	21.25053	20.41376	3.294113	2.969659	2.968987	1.217098	1.912214	1.593355	-1000	25.09345
588848900971562066	146.04613798	0.74927936	24.76576	25.24897	23.05862	21.58072	21.07009	-9999	2.969659	2.968987	1.036491	1.286567	2.247827	-1000	25.18564
588848900971562094	146.06875655	0.78328142	26.66346	24.9904	22.61692	21.21087	21.14067	1.11202	4.58365	4.582613	2.969686	1.642359	1.029227	-1000	25.30462
588848900971562125	146.11098964	0.80086595	25.19607	24.35373	22.49738	21.81494	21.18836	1.829557	2.969659	4.582613	11.30522	2.969397	1.165846	-1000	24.74624
588848900971562130	146.11343169	0.78459528	24.64325	24.72509	22.08207	21.1808	20.99165	0.3268454	2.969659	2.968987	2.969686	2.416518	2.56993	-1000	26.27013
588848900971562169	146.06192522	0.65345477	26.54107	23.74954	25.31943	23.75593	19.34046	1.588688	0.2724251	11.30256	2.969686	2.969397	2.479106	-1000	23.15327
588848900971562194	146.09933823	0.66042646	23.36601	22.67826	22.12207	23.11212	22.00046	1.19154	2.969659	2.968987	2.969686	2.969397	0.08479167	-1000	22.64624
588848900971562206	146.12510795	0.76538675	23.90884	26.88729	28.73585	28.15654	18.34687	-9999	0.5403309	2.968987	2.969686	4.583245	4.582215	-1000	25.69625
588848900971626544	146.17139561	0.78870423	23.94942	23.48645	21.78646	22.31746	21.97879	1.450812	27.91859	2.969482	2.969968	1.278973	0.6119694	-1000	22.88046
588848900971626549	146.17400599	0.79205261	23.70171	25.84507	21.51102	22.888	22.35393	1.511004	2.969635	2.969482	2.969968	2.969421	0.1215153	-1000	24.62458
588848900971626571	146.2096823	0.83859587	25.41399	22.50672	21.46717	20.65194	20.06682	0.8056699	2.969635	2.969482	2.785058	3.378634	1.786287	-1000	22.49545
588848900971626572	146.21075308	0.83775144	25.88314	21.62388	21.23477	20.52517	20.71639	1.287234	2.969635	2.969482	2.969968	3.072202	1.834397	-1000	22.39361
588848900971626582	146.23412365	0.78761367	23.36302	24.7519	21.66231	20.57828	20.2749	0.7946234	2.969635	2.969482	1.513259	1.870036	2.499609	-1000	24.01157
588848900971626590	146.22931864	0.75939384	25.47146	23.1494	21.51032	19.95955	20.56548	0.9566315	27.91859	2.969482	2.969968	3.366699	1.029101	-1000	23.24739
588848900971626631	146.28561693	0.73795911	25.05367	22.67202	22.79543	21.32656	22.48119	0.5583946	2.969635	2.969482	2.969968	7.357843	2.969111	-1000	23.90123
588848900971626638	146.29331765	0.74794012	25.75815	22.49578	23.3949	24.53418	24.22405	1.230233	2.969635	2.969482	2.969968	2.969421	2.969111	-1000	22.56565
588848900971626643	146.28621059	0.7397152	22.96673	24.9845	25.4227	20.4947	24.27445	-9999	2.969635	2.969482	2.969968	2.610664	2.969111	-1000	25.05196
588848900971626752	146.21384361	0.70773915	22.56956	22.67778	21.77781	21.70935	21.39216	0.75359	4.583613	2.969482	1.604765	1.922083	2.834682	-1000	22.86057
588848900971626831	146.22968322	0.65620786	24.67018	23.30623	22.57457	21.73038	20.90184	1.232184	2.969635	2.969482	2.969968	1.434385	3.295105	-1000	23.4737
588848900971626883	146.16630648	0.69326172	23.66503	22.28985	21.51533	21.48923	21.17276	0.7523995	2.969635	1.82782	1.510178	1.701418	1.697763	0.3127615	22.2492
588848900971626885	146.16951986	0.72063702	24.50131	22.5994	22.15384	21.34789	21.40872	0.6317881	2.969635	2.969482	1.48853	2.379752	1.341968	-1000	22.57641
588848900971626887	146.17107821	0.65210409	23.71032	22.74923	22.12464	21.59168	21.49269	1.066138	2.969635	2.969482	2.969968	2.114638	4.512897	-1000	22.23141
588848900971626934	146.19184305	0.73054515	22.37707	22.50648	21.26221	20.91835	20.80035	1.145295	2.969635	2.969482	2.124951	2.271544	3.31107	-1000	22.5498
588848900971626965	146.20112871	0.74969553	22.81147	21.82979	20.18554	19.51774	19.18932	1.079036	2.969635	2.969482	2.301765	2.106516	2.501014	-1000	21.85695
588848900971627042	146.2538097	0.66608782	23.29869	22.09305	20.58023	20.08986	19.6402	0.890457	2.969635	1.382153	1.792737	1.624377	1.624143	0.1874999	22.54828
588848900971627088	146.2937183	0.71768051	22.10234	21.85569	20.93209	20.58504	20.24664	1.140037	2.969635	2.969482	2.458748	2.297806	2.621817	-1000	21.87807
588848900971627091	146.29757293	0.83637549	22.88329	22.69871	22.26413	22.06753	21.5999	0.6777872	2.969635	2.969482	2.969968	1.020059	2.044276	-1000	22.87118
588848900971627150	146.17527872	0.75490076	23.6025	23.32864	22.15856	22.26926	22.12788	0.7069269	2.969635	7.357994	2.969968	2.047925	4.582804	-1000	22.13737
588848900971627157	146.17873894	0.67508876	26.28614	23.83721	22.34286	21.40822	20.67618	0.7238428	2.969635	0.09302944	1.594911	1.781888	1.414354	0.02885065	23.3965
588848900971627179	146.18705948	0.81705004	23.86535	25.08385	22.52631	22.83464	22.13823	1.051903	0.2819417	0.09035834	7.359198	1.007802	1.110598	0.02115153	26.92187
588848900971627192	146.19355699	0.78815252	23.63528	24.72198	22.00007	20.9237	19.866	0.957435	0.8151889	2.969482	2.969968	1.475604	1.551943	-1000	26.76943
588848900971627200	146.1991734	0.73211154	23.20741	22.88804	22.04384	21.89133	21.59335	0.9907878	27.91859	27.91715	2.969968	2.969421	1.033793	-1000	21.91275
588848900971627215	146.20468088	0.8115746	25.2659	22.87604	21.22414	20.73884	20.06877	0.8269292	0.08017019	7.357994	1.680043	1.569623	7.357073	-1000	22.57391
588848900971627222	146.20635732	0.6526462	24.77921	22.86629	21.48618	21.4525	21.14038	0.952502	2.969635	4.583377	1.836168	2.969421	11.30303	-1000	23.14404
588848900971627268	146.24332317	0.72854677	23.17664	23.90826	22.45861	21.37174	20.86996	0.6454842	0.09363422	2.969482	1.581412	2.969421	2.969111	-1000	22.92183
588848900971627278	146.24926704	0.79671484	23.01747	23.22827	22.06977	21.55596	21.32682	1.369133	2.969635	2.969482	2.969968	27.91658	3.812558	-1000	22.96222
588848900971627284	146.25309973	0.76466571	24.57714	23.30516	22.09999	23.21275	21.35513	0.8645188	2.969635	2.969482	1.74743	2.969421	2.932711	-1000	23.42915
588848900971627295	146.26414117	0.78144923	24.36256	22.59449	21.7407	21.46375	21.66337	1.302516	2.969635	2.969482	2.969968	2.969421	2.969111	-1000	23.25374
588848900971627301	146.26624168	0.74860022	23.02413	23.38699	22.30868	22.34934	21.18431	0.7434585	2.969635	2.969482	1.752775	0.9938849	4.582804	-1000	23.15434
588848900971627343	146.28403266	0.82817434	24.5095	24.44751	22.07033	21.41995	20.87422	1.035382	2.969635	2.969482	2.969968	2.094566	11.30303	-1000	27.28505
588848900971627361	146.29584266	0.81168335	23.82404	22.85672	21.47099	22.24552	21.35852	1.366343	2.969635	2.969482	2.969968	1.279602	1.803413	-1000	23.52386
588848900971627365	146.29955481	0.82788614	23.47902	23.29317	21.81079	20.89907	20.23804	0.8852512	0.6685916	2.969482	1.820027	2.460788	1.975101	-1000	23.43962
588848900971627368	146.30121937	0.69756076	25.89569	24.74695	21.96736	20.77458	19.91506	0.875744	2.969635	2.969482	2.130606	2.643579	3.330128	-1000	25.57058
588848900971627389	146.16559954	0.72288596	23.55276	23.51094	23.18605	21.52673	21.11835	-9999	2.969635	2.969482	2.969968	2.969421	2.232833	-1000	24.37946
588848900971627394	146.16943158	0.67285762	26.16533	23.48327	22.17998	20.49471	19.83013	1.691169	0.2601302	2.969482	7.359198	3.216049	2.696131	-1000	23.56677
588848900971627407	146.18647312	0.71207572	25.32375	24.6401	23.01805	21.80941	21.52468	0.7228552	2.969635	1.258993	2.969968	1.260925	1.997143	-1000	24.59875
588848900971627435	146.23104349	0.78788752	23.60381	24.40915	22.46529	21.41957	21.01562	2.907009	0.7227434	11.30445	11.3063	11.30422	1.201682	-1000	24.81032
588848900971627440	146.23664314	0.8279259	24.62259	23.10698	22.89719	21.66834	22.60053	0.9411993	2.969635	18.01641	2.969968	1.363726	11.30303	-1000	22.71574
588848900971627449	146.25626922	0.73512525	23.98452	23.19914	25.93	21.64149	21.36316	-9999	2.969635	2.969482	2.969968	1.672202	0.9427484	-1000	23.1829
588848900971627464	146.28068508	0.70111429	25.9144	23.7034	23.32762	21.6661	21.33598	1.445814	2.969635	2.969482	2.969968	1.77059	1.075289	-1000	25.03423
588848900971627474	146.29596995	0.67963019	24.35065	24.59941	23.81734	22.10948	22.17213	1.106516	0.02087466	2.969482	2.969968	2.969421	1.123933	-1000	25.88406
588848900971627521	146.2750419	0.82756509	26.87727	23.63183	22.70277	20.85205	23.26004	-9999	4.583613	2.969482	2.969968	2.191864	2.969111	-1000	22.68126
588848900971627524	146.28698008	0.75871739	22.59109	22.83867	21.87093	21.50644	21.93153	1.052185	2.969635	2.969482	2.022988	2.587669	0.09923103	-1000	25.06962
588848900971627539	146.23796443	0.79664582	23.07194	23.35186	27.03121	25.00216	19.85069	-9999	7.358374	2.969482	2.969968	2.969421	7.357073	-1000	21.90815
588848900971692047	146.31027935	0.74260419	25.76143	23.4001	22.28271	21.75646	21.39711	1.140648	2.96928	7.357404	2.969987	18.01835	2.587612	-1000	22.46343
588848900971692058	146.33555516	0.64887325	21.69061	20.5896	19.7795	19.29077	19.25444	1.159329	2.96928	2.08214	2.496301	3.285995	1.940597	0.2835656	20.69372
588848900971692075	146.36929947	0.78226315	24.19911	22.69317	21.50186	21.08108	20.56717	1.166186	2.96928	2.969244	2.231085	1.505955	2.621203	-1000	22.70719
588848900971692102	146.4140516	0.72291988	25.25179	22.76879	22.92792	23.50497	23.74511	0.852459	2.96928	2.969244	2.969987	2.969802	18.01447	-1000	22.80365
588848900971692131	146.44474437	0.8265235	22.86636	24.81951	22.69139	21.18627	22.00336	1.21755	2.96928	2.969244	2.969987	2.126607	2.969163	-1000	25.89978
588848900971692164	146.33806202	0.72216933	20.87457	19.23892	17.90286	17.31726	16.85898	1.801444	2.152405	5.210181	4.469993	3.414863	3.554334	0.6081859	19.10613
588848900971692187	146.36886637	0.66594237	22.83618	20.1085	18.85119	18.28979	17.82684	0.9031253	18.01518	2.226967	1.918711	1.98972	2.084968	0.1541346	20.09069
588848900971692258	146.32612415	0.80620975	25.84259	24.07992	22.61269	21.77119	21.19194	0.865083	2.96928	11.30354	27.9219	1.299193	1.794298	-1000	23.51958
588848900971692274	146.37359186	0.63709012	21.47507	20.05174	18.91429	18.37979	17.93676	1.464215	2.96928	3.056887	3.246085	3.088185	3.25258	0.2592248	19.96029
588848900971692275	146.37164874	0.63725444	22.89967	21.58886	20.42263	19.81642	19.61531	1.200469	2.96928	2.969244	2.336709	2.791989	1.36582	-1000	21.28232
588848900971692329	146.37049519	0.65414292	21.36219	24.04743	25.51215	24.17231	24.05786	-9999	1.306261	4.58301	2.969987	2.969802	2.969163	-1000	23.89065
588848900971692348	146.43449033	0.6565056	23.37374	23.91037	22.6802	22.53672	22.2436	0.4446107	0.9688823	2.969244	0.8028533	0.7972724	0.6535677	-1000	24.19234
588848900971692373	146.31481785	0.70885054	22.94604	21.50505	20.21705	19.68675	19.20744	1.308387	1.030197	2.14693	2.77173	3.112355	3.730306	0.2959205	21.56484
588848900971692381	146.31721728	0.80492055	25.14048	21.69969	20.66093	20.26257	19.99031	1.927303	2.96928	2.969244	7.359245	2.752933	1.916171	-1000	22.21177
588848900971692400	146.32887357	0.73533802	25.92664	25.02625	22.31828	23.97163	22.4084	0.5747468	2.96928	4.58301	2.969987	2.969802	2.969163	-1000	26.1182
588848900971692404	146.3294648	0.76275068	23.2421	22.34366	24.32181	23.16101	23.67659	-9999	2.96928	2.969244	2.969987	2.969802	2.969163	-1000	22.76817
588848900971692439	146.35591469	0.71743391	23.07259	22.51583	21.73506	21.34595	21.18891	0.8616019	1.228408	2.969244	1.693102	1.567553	2.058908	-1000	22.5197
588848900971692447	146.36938812	0.68312369	21.96421	20.54078	19.26216	18.68682	18.22542	1.757307	258.3274	2.969244	3.929358	3.516119	2.792576	-1000	20.46894
588848900971692450	146.37436233	0.68167174	22.33218	21.35649	20.50306	20.14444	19.7505	0.7815619	4.583065	1.989894	1.573591	1.531242	2.115729	0.3206869	21.26494
588848900971692462	146.38588704	0.768841	23.33913	20.65682	19.86456	19.57048	19.21265	1.452402	2.96928	2.969244	2.656006	5.406611	2.33758	-1000	21.44053
588848900971692486	146.39815719	0.74490201	22.52788	21.9693	20.56944	20.06135	19.45846	1.1228	2.96928	2.536793	2.145223	1.746876	1.870478	1.196745	22.32032
588848900971692527	146.43482308	0.75376173	24.24589	22.5092	21.51773	21.35396	20.83542	0.9697082	4.583065	0.9284876	2.969987	1.185959	1.177137	0.07926171	22.26609
588848900971692536	146.44232395	0.80676004	24.97242	22.72655	20.69453	20.04413	19.39539	0.9406108	2.96928	2.969244	2.106645	1.8436	2.099115	-1000	23.45065
588848900971692569	146.31169643	0.8032267	23.85024	23.40768	22.08071	21.45052	21.69911	0.7611632	2.96928	2.969244	1.54384	2.43303	2.380639	-1000	23.58356
588848900971692586	146.32405108	0.72201907	25.37744	22.99502	22.3681	21.79154	21.65969	0.5962822	2.96928	2.969244	2.969987	2.969802	0.02887305	-1000	22.72917
588848900971692587	146.32441718	0.64212287	22.95251	23.28575	22.38357	22.07831	22.4814	0.7665266	0.6479211	2.969244	1.545547	1.738124	4.582884	-1000	23.37589
588848900971692588	146.32443858	0.6460883	22.67435	22.83129	21.73152	21.61306	21.30858	2.244811	7.357492	2.969244	7.359245	1.661409	1.452584	-1000	22.4963
588848900971692589	146.3248335	0.78286616	23.83048	22.77118	21.29737	20.62231	20.32952	1.071813	11.30368	2.969244	2.02458	1.61562	3.981778	-1000	22.37053
588848900971692591	146.32565839	0.76479111	22.88153	24.36733	22.11735	21.75213	20.81939	1.766384	11.30368	2.969244	2.969987	2.969802	4.226363	-1000	24.86958
588848900971692620	146.34405875	0.72407179	23.57691	24.74367	22.03063	21.2411	20.78503	0.7142012	2.96928	2.969244	1.536016	43.76727	1.811685	-1000	23.16491
588848900971692641	146.35688959	0.63452306	24.82565	24.35418	22.07924	20.9309	20.43103	2.86662	2.96928	2.969244	2.969987	1.936338	3.034862	-1000	27.25682
588848900971692667	146.37532786	0.69208865	22.88704	22.81784	22.09891	21.47461	21.36438	0.8394842	2.96928	2.969244	1.904015	1.947399	2.097361	-1000	22.84761
588848900971692693	146.39026233	0.73901249	26.53284	23.79006	21.58262	20.58901	19.8212	1.291825	4.583065	0.1084066	2.969987	1.776784	1.355693	0.03415481	23.5005
588848900971692702	146.39744388	0.72645648	22.82747	23.35455	21.79923	21.51428	21.26074	0.7665505	2.96928	2.969244	1.578426	1.736993	4.582884	-1000	23.75109
588848900971692806	146.44473814	0.6663482	23.40961	24.96613	21.9528	26.07011	23.48056	0.9467902	2.96928	2.969244	2.969987	4.583871	0.277697	-1000	24.34771
588848900971692878	146.37203809	0.75375125	24.091	24.67242	22.80941	21.77249	21.35023	0.9215261	0.7163523	2.969244	2.969987	1.85158	2.27001	-1000	24.10115
588848900971692915	146.43217663	0.76495782	26.26195	23.37441	22.8692	21.48503	20.71445	0.4574676	2.96928	1.156528	0.9812546	1.53882	27.91415	1.06667	23.70824