588848900971299347	145.50922819	0.6416901	22.89446	22.50301	22.13184	21.80675	21.23432	0.9529259	1.643323	2.969576	2.969621	1.430707	2.138414	-1000	23.03141
588848900971299350	145.5143508	0.68687631	23.19359	22.99587	22.2925	21.61912	21.36742	0.6961861	2.968804	2.969576	1.529548	2.348137	1.34965	-1000	23.12359
588848900971299375	145.53609487	0.64045267	21.74479	20.14293	19.06	18.53881	18.16639	1.654211	18.01229	3.738626	3.577788	3.362953	3.867462	0.3097617	20.11728
588848900971299378	145.5370497	0.81968934	24.12306	22.89168	22.08695	21.60033	21.71415	0.712598	4.58233	2.969576	1.683445	1.575868	4.583	-1000	23.20863
588848900971299386	145.54846389	0.69777642	22.84523	22.29826	21.40981	21.08878	20.54241	1.012359	7.356313	2.969576	2.511202	2.513812	2.901976	-1000	22.4416
588848900971299498	145.49380935	0.82423589	23.83085	24.69608	22.31331	21.93318	21.40784	0.757161	0.8653967	4.583522	1.788334	1.500849	4.583	-1000	24.76509
588848900971299518	145.50792625	0.69715671	22.95144	22.78126	21.57048	21.57692	21.64524	1.767604	18.01229	2.969576	2.969621	2.969343	1.510867	-1000	22.58522
588848900971299520	145.51029387	0.64923264	24.62503	24.68353	22.55071	21.63859	20.79974	0.714626	0.7109507	4.583522	2.969621	1.583248	1.577128	-1000	23.05674
588848900971299561	145.53933818	0.77212051	26.22233	22.60443	21.88263	21.94792	22.44409	1.270181	2.968804	2.969576	4.583591	4.583162	2.969238	-1000	22.5699
588848900971299566	145.54302418	0.63885935	24.61051	23.07082	22.10776	21.80989	23.80116	0.8741475	2.968804	2.969576	1.852828	1.796201	2.969238	-1000	23.67639
588848900971299574	145.54930789	0.73110467	24.14282	23.36889	21.51155	20.89157	20.46665	1.006252	2.968804	4.583522	2.335174	2.445203	1.703491	-1000	23.06234
588848900971299603	145.4184873	0.75881196	27.55235	22.28657	21.71981	20.02625	24.33747	2.593466	7.356313	2.969576	7.358338	7.357649	0.2840753	-1000	22.23711
588848900971299640	145.46345391	0.83713388	24.8927	24.59227	23.48481	21.70219	20.42393	0.1145385	7.356313	7.358226	1.764858	1.891248	4.011331	-1000	23.39035
588848900971299650	145.4840518	0.66839022	25.54221	23.86045	22.21337	21.34925	20.82609	1.532491	2.968804	18.01698	2.969621	1.656105	3.007429	-1000	23.39233
588848900971299673	145.52230442	0.72213153	23.53226	23.02533	22.57455	21.42298	21.98179	0.9948876	2.968804	7.358226	2.969621	2.048523	2.130398	-1000	22.61805
588848900971299679	145.53162305	0.67335761	22.7124	23.13567	22.47221	21.73483	21.38024	1.070598	7.356313	1.243474	2.074179	1.71376	0.8870165	0.01920276	24.9087
588848900971299688	145.54510844	0.73958803	25.81828	25.35447	23.10426	21.85695	22.22138	0.7730137	2.968804	2.969576	2.969621	1.915854	4.583	-1000	26.42389
588848900971299689	145.54845445	0.63177859	23.93063	23.54846	21.72699	20.77296	20.70498	2.064446	0.7613067	7.358226	2.969621	7.357649	2.969238	-1000	22.03935
588848900971364413	145.58926303	0.64211228	22.70613	21.1002	21.57108	19.32983	24.8456	2.127372	0.8424387	2.969459	2.970076	2.933627	2.969321	-1000	22.82337
588848900971364422	145.60875445	0.79452857	24.57346	22.30569	20.96954	20.43305	20.43023	1.138429	0.697518	2.969459	2.33838	2.03158	1.523194	-1000	22.42664
588848900971364436	145.63542941	0.66179896	24.05072	24.61556	21.46933	20.59109	20.1843	0.7949786	2.969064	4.583341	1.586887	1.674995	1.335298	-1000	23.53438
588848900971364438	145.63524026	0.66146928	23.53991	21.24981	21.50802	20.61471	23.46983	2.683805	2.969064	2.969459	18.02001	2.96966	0.323141	-1000	22.03952
588848900971364443	145.64337174	0.79528649	25.31243	23.05308	21.89717	20.94407	21.28448	0.9032195	2.969064	2.969459	2.970076	1.225549	18.01543	-1000	23.86193
588848900971364458	145.69844347	0.75197799	20.77122	19.4151	18.90791	18.61957	18.53678	2.245527	2.969064	4.429462	4.76724	4.34898	4.539494	0.2413291	19.5848
588848900971364461	145.68924988	0.74458088	23.1709	22.27957	21.04481	20.78071	20.50374	1.09218	2.969064	2.969459	2.454185	3.232551	3.804885	-1000	22.01747
588848900971364466	145.6978813	0.73024251	23.94073	23.2281	22.50193	22.00099	22.68988	0.6235293	4.582732	2.969459	1.237664	1.809943	0.0870999	-1000	23.73962
588848900971364473	145.70267103	0.73970292	24.71985	24.75656	23.16073	21.67822	22.68759	1.101283	4.582732	2.969459	2.970076	2.96966	0.7946708	-1000	25.58434
588848900971364595	145.58876256	0.7776066	21.73252	20.77204	19.29259	18.77561	18.56436	1.389084	2.969064	2.969459	2.818326	3.662072	4.807558	-1000	20.72655
588848900971364672	145.61093269	0.7320581	21.92033	24.83677	24.75078	24.12538	22.76368	-9999	4.582732	2.969459	2.970076	4.583652	4.583129	-1000	26.06153
588848900971364709	145.5545369	0.82252769	25.64083	22.41773	20.88687	19.86606	19.38193	1.102857	11.30286	2.969459	2.136337	2.335272	3.050486	-1000	22.39105
588848900971364722	145.56156228	0.72071974	23.30909	22.57806	21.5149	21.25158	20.68995	0.8222492	0.862604	2.969459	1.595191	1.787676	1.015687	-1000	22.18831
588848900971364728	145.56515777	0.68443358	24.96369	21.92649	20.54151	19.86628	19.50639	0.9610978	0.2758754	2.123147	2.11917	2.073351	1.993312	0.1283545	22.12775
588848900971364729	145.56703709	0.82935616	24.27196	22.27761	20.7698	20.33957	19.83204	0.8212177	4.582732	2.284543	1.614518	1.651076	1.541161	0.4676352	22.01384
588848900971364731	145.56949293	0.75238328	23.45236	20.64655	18.82803	18.18385	17.63334	2.448338	2.969064	43.76221	4.766963	5.744733	11.09906	-1000	20.77072
588848900971364749	145.57879412	0.79497292	22.79199	22.54062	20.86262	20.21026	19.71664	1.077687	2.969064	2.969459	2.186578	2.151102	2.098227	-1000	23.56323
588848900971364754	145.58172582	0.79039311	23.9703	22.24135	21.14746	20.72918	20.37772	1.095657	4.582732	1.689457	2.394936	1.904045	2.705018	1.527333	22.79359
588848900971364776	145.59307016	0.78918606	24.25215	21.96492	21.02869	20.49054	20.01445	0.8840982	2.969064	1.449809	1.963618	1.503052	1.514524	0.1906337	22.39684
588848900971364783	145.59453073	0.78086589	22.55975	21.41653	20.59824	19.97172	19.57601	1.143386	2.969064	2.703219	2.418752	2.441228	2.55979	0.6400124	21.31794
588848900971364797	145.60066253	0.77868552	24.23428	22.58346	21.68078	21.19829	20.54371	1.116739	7.356958	2.969459	2.294282	2.678088	2.691502	-1000	22.57138
588848900971364810	145.60633437	0.76452974	22.11712	22.03942	20.9004	20.47778	20.25755	1.359316	2.969064	2.969459	2.877877	3.18321	0.09404688	-1000	21.98401
588848900971364822	145.61144872	0.65304172	23.27739	22.42585	20.91207	20.39162	20.01322	0.8361948	0.06803214	1.769116	1.598385	1.910522	11.30384	0.292963	22.40394
588848900971364834	145.61429619	0.66261565	24.16181	23.01233	21.55399	20.32604	19.51411	0.7106974	43.7564	1.104986	1.473102	1.579317	5.392295	0.2244201	22.8885
588848900971364835	145.6152169	0.77420119	21.79412	20.06666	19.4085	19.1223	19.0037	2.521806	11.30286	2.969459	6.210553	4.573576	4.948961	-1000	20.04317
588848900971364868	145.63720214	0.67827614	22.35097	22.3822	22.24691	21.6313	22.26625	1.818126	11.30286	2.969459	2.970076	2.190417	4.583129	-1000	22.59035
588848900971364963	145.68708822	0.83755707	22.68304	22.42429	22.03807	21.61261	20.80476	0.6576487	1.428173	2.969459	1.331716	1.875207	1.320848	-1000	22.649
588848900971364966	145.68879971	0.74933285	22.66077	21.29793	20.28884	19.88469	19.59367	0.8004915	1.162948	2.27419	1.586305	1.609409	1.618057	0.358007	21.17909
588848900971364968	145.6902375	0.7868578	21.92303	21.69164	20.50792	20.85597	19.87902	4.087733	2.969064	2.969459	18.02001	1.201659	3.073735	-1000	22.55365
588848900971364983	145.69876684	0.78926426	22.88851	22.1672	21.02593	20.71387	20.33491	0.9989359	1.655048	2.061285	2.067941	1.949564	5.056507	0.3242984	22.62395
588848900971364984	145.70043644	0.76879236	24.8166	22.46547	20.93984	20.23247	19.77551	0.7970124	4.582732	2.969459	1.60204	1.545149	1.705066	-1000	22.71387
588848900971365011	145.56114995	0.8095133	23.53512	23.58051	22.13403	21.88718	21.63387	1.077169	2.969064	2.969459	2.970076	1.272029	3.878391	-1000	23.42792
588848900971365018	145.5659843	0.76769277	24.61204	23.60693	21.19662	20.62886	19.8336	0.987645	0.7269416	4.583341	2.343804	1.402175	1.904807	-1000	22.48534
588848900971365034	145.57120403	0.74753332	23.02993	22.9692	21.31143	20.79939	19.96626	1.029852	2.969064	2.969459	1.984445	1.39229	1.705044	-1000	22.74604
588848900971365053	145.58532263	0.73277215	23.22311	24.31292	21.77772	21.13666	20.43889	0.901699	68.28592	2.969459	2.141537	1.853279	1.37161	-1000	23.60906
588848900971365054	145.58637604	0.77469762	24.60063	24.31742	22.41093	21.59167	21.27712	0.613738	2.969064	7.357935	1.297845	2.96966	1.211514	-1000	24.33313
588848900971365060	145.58970583	0.7470108	25.45436	22.96346	21.84852	21.26424	20.84732	0.9596542	2.969064	2.969459	1.844067	2.742148	2.498424	-1000	22.82657
588848900971365081	145.60309101	0.76131402	25.68075	23.49343	22.33672	21.81133	20.92358	0.7479044	2.969064	2.969459	1.530344	1.789274	1.348506	-1000	23.66566
588848900971365107	145.61276873	0.74123326	23.20248	24.91579	21.90211	20.74648	19.77183	3.406876	11.30286	2.969459	11.30671	2.266327	1.599728	-1000	22.09406
588848900971365110	145.61304877	0.77645303	23.89529	24.34337	22.17065	21.24936	20.92098	0.7824262	4.582732	2.969459	2.970076	2.448246	2.674177	-1000	26.67288
588848900971365117	145.61895248	0.72075989	22.89982	23.10554	21.67615	21.40736	20.79533	0.7258237	2.969064	2.969459	2.013638	2.419613	2.587991	-1000	22.98821
588848900971365121	145.62108799	0.65016111	24.25495	23.32415	21.80965	21.11185	20.55455	0.6725	2.969064	2.969459	1.361603	1.416301	1.469441	-1000	23.49827
588848900971365126	145.62633598	0.65049148	24.49018	22.79417	21.95852	21.53007	21.13392	1.005323	7.356958	2.969459	1.909232	2.96966	0.7319891	-1000	22.60758
588848900971365152	145.64289556	0.73491472	22.86415	26.43282	21.76084	25.59162	22.33865	1.862595	18.01387	0.08720725	2.970076	18.01749	0.1011375	0.1096266	25.09573
588848900971365157	145.64467547	0.79164114	25.29218	25.38943	22.21438	21.74974	21.11119	0.6131032	0.1552534	2.969459	2.970076	1.611015	0.7044182	-1000	26.02828
588848900971365166	145.65675837	0.73905682	25.25247	23.60019	21.8245	21.21508	21.05576	1.623806	0.7205815	18.01626	2.970076	2.96966	1.522524	-1000	23.02621
588848900971365196	145.67434487	0.74263026	22.08545	21.75153	20.46173	20.69912	20.67628	9.458374	2.969064	2.969459	27.92274	1.290532	0.09900028	-1000	19.85461
588848900971365201	145.67773959	0.83355806	24.20494	22.82449	21.73682	21.62371	22.22212	2.227906	2.969064	2.969459	11.30671	1.06558	11.30384	-1000	21.65484
588848900971365220	145.69436466	0.6499279	25.95791	23.36617	21.8469	21.18238	20.40806	0.72922	2.969064	2.969459	1.884348	1.624484	2.006343	-1000	24.68554
588848900971365317	145.69136626	0.78591379	23.14213	23.39478	22.65862	21.69763	21.9593	2.232993	2.969064	2.969459	7.359465	2.426891	1.804265	-1000	23.6319
588848900971365325	145.70270653	0.65742294	23.92441	24.70436	23.52706	21.52252	21.68847	-9999	7.356958	0.1033568	2.970076	2.96966	1.071157	1.59529	23.80562
588848900971429911	145.72028519	0.80980972	22.38303	23.00268	24.4888	21.40545	23.69128	0.03196248	2.969262	2.968944	2.969935	2.969401	2.969867	-1000	23.19758
588848900971429938	145.7590825	0.82918058	25.08488	21.5524	21.29076	20.71419	21.73626	3.444379	18.01507	2.968944	18.01915	27.91639	0.6789365	-1000	21.52261
588848900971429942	145.75983595	0.82822989	27.28749	20.7132	21.0876	19.07056	20.76288	1.85627	2.969262	2.968944	18.01915	2.454513	2.969867	-1000	22.87185
588848900971430052	145.77546311	0.71176491	24.25775	23.44226	22.29695	20.73598	20.31095	1.255633	2.969262	2.968944	2.969935	2.202143	1.795353	-1000	24.26127
588848900971430100	145.8521809	0.82562387	21.01602	20.63212	20.2596	19.86266	19.58063	0.8458847	1.423619	1.51996	1.75275	1.667958	2.201604	0.1121946	20.75177
588848900971430129	145.76343839	0.66330057	24.30629	22.89885	21.74133	21.36786	20.43628	0.8544015	7.357448	2.968944	1.688854	1.732321	2.658	-1000	23.32995
588848900971430156	145.80010505	0.70441672	23.95219	20.64041	19.03672	18.42655	18.0004	1.265841	2.969262	4.302855	2.904029	2.721249	3.137086	0.5099761	20.50573
588848900971430236	145.76817594	0.72402895	21.99361	21.81092	20.93776	20.63165	20.52935	0.9384972	1.741626	2.005388	2.090458	2.19583	2.181875	0.3400648	21.92724
588848900971430290	145.70850208	0.69891371	22.68754	21.84247	20.90833	20.63913	20.32	1.69823	1.276488	1.971377	2.969935	2.125091	2.96499	0.231276	21.66809
588848900971430312	145.72107767	0.63696442	22.15454	21.77825	20.64677	20.18404	19.66472	1.248225	2.969262	2.968944	2.596499	2.891947	1.85534	-1000	21.91781
588848900971430314	145.72251842	0.75721061	23.259	22.51595	22.00179	21.41788	21.3258	0.6565776	2.969262	2.968944	1.420735	1.794302	1.497411	-1000	22.47337
588848900971430371	145.77596149	0.72738434	22.21447	20.82336	19.90399	19.49453	19.18903	1.220854	0.09605069	2.968944	2.501808	2.503669	2.239046	-1000	20.58647
588848900971430380	145.78339864	0.63089678	22.51857	21.52508	20.46644	20.14064	19.7007	1.177261	2.969262	1.985676	2.19552	2.253093	2.50439	1.907806	21.64264
588848900971430425	145.80859115	0.78453825	25.59688	22.65055	20.77004	20.12396	19.72511	0.9950994	11.30361	2.968944	2.123085	1.728482	2.030488	-1000	22.79662
588848900971430441	145.81771563	0.71342688	25.54264	22.11327	21.10369	20.89281	20.67999	1.345839	2.969262	2.968944	2.995389	1.820435	1.197666	-1000	22.08298
588848900971430475	145.84173263	0.64679511	22.51526	22.18289	20.98036	20.608	20.12345	1.181564	7.357448	1.956398	2.448451	2.562813	2.549576	0.2161465	22.66443
588848900971430517	145.71768044	0.67662432	23.20847	23.02774	22.00024	21.64521	21.60865	2.487075	2.969262	2.968944	2.969935	1.968037	2.19992	-1000	23.8519
588848900971430521	145.71939701	0.76576684	23.386	23.85206	22.08067	22.05303	22.60655	0.7522649	2.969262	2.968944	1.704383	2.969401	2.969867	-1000	24.10353
588848900971430535	145.72953997	0.67712902	23.07041	22.76751	21.30407	20.16295	19.57109	1.258806	11.30361	2.968944	2.746778	2.004195	2.14381	-1000	24.09703
588848900971430561	145.75378622	0.75899809	25.36222	25.05812	22.08041	22.25001	20.40013	1.138991	7.357448	2.968944	2.969935	2.969401	0.09464722	-1000	23.45964
588848900971430580	145.76434388	0.7009382	25.0414	23.31702	21.75767	20.63039	20.20246	1.244115	0.6916545	2.968944	2.969935	1.788682	3.11686	-1000	22.82437
588848900971430583	145.76463986	0.79799554	23.69158	23.65573	22.18189	21.0169	20.177	0.7829534	0.3234981	2.968944	1.612871	1.207949	2.450239	-1000	23.21991
588848900971430593	145.77383761	0.77746864	24.35136	22.74578	22.03627	21.86485	22.20735	1.353048	0.09700505	43.70952	4.584076	1.62414	4.583971	3.350585	22.04104
588848900971430595	145.77384957	0.75263919	23.66541	24.09506	22.46729	21.52816	22.67867	2.256469	2.969262	2.968944	2.969935	1.552959	2.969867	-1000	23.81486
588848900971430600	145.77781161	0.6706926	25.18791	23.18447	22.55873	21.63845	21.08096	0.7876538	2.969262	2.968944	1.485127	1.513587	11.30591	-1000	23.48702
588848900971430603	145.78065749	0.70180218	24.73889	26.22898	21.92124	22.29617	22.40049	0.6612365	2.969262	2.968944	2.969935	1.029013	2.969867	-1000	25.77006
588848900971430606	145.78387554	0.75462483	22.21467	22.7486	21.4929	21.31853	20.8989	0.8667924	2.969262	2.968944	1.980155	1.874099	1.574314	-1000	22.68096
588848900971430617	145.79397278	0.75090025	24.39337	23.4171	21.68472	20.8454	20.27018	2.586863	2.969262	2.968944	2.969935	2.23987	2.825142	-1000	23.36769
588848900971430619	145.79511384	0.76269635	23.22967	22.77485	21.29361	20.1625	19.52339	1.479037	2.969262	0.1027801	2.969935	2.669437	4.583971	0.04462948	23.64013
588848900971430620	145.79527464	0.64090376	24.07358	23.33778	21.9597	21.87355	21.54573	1.137715	4.583037	2.968944	2.969935	1.27277	2.969867	-1000	23.00932
588848900971430623	145.79652038	0.6984747	24.11859	22.46754	20.77085	20.07767	19.71381	1.295336	7.357448	7.356659	7.359116	2.254405	2.969867	-1000	21.88282
588848900971430627	145.79894724	0.69271933	23.1683	23.8889	22.55407	21.90467	20.86495	0.5994173	2.969262	11.3024	1.274253	1.086853	1.14726	-1000	23.94182
588848900971430633	145.80389492	0.67855274	24.03316	24.20946	22.63803	21.79309	21.21147	0.4855385	2.969262	4.582546	0.922309	1.320295	2.047924	-1000	23.93693
588848900971430663	145.8196339	0.80847713	22.31511	22.10673	20.48474	19.54394	19.00894	1.773723	11.30361	2.968944	3.662449	2.498688	11.30591	-1000	22.00432
588848900971430664	145.81960773	0.81033211	23.99499	22.45968	20.97526	20.20842	19.56241	1.197612	2.969262	2.968944	2.837363	2.213809	7.358947	-1000	22.64536
588848900971430719	145.84909152	0.73539542	25.53713	24.91395	22.34396	25.39584	23.35212	0.6938254	0.4445674	0.07960446	2.969935	4.583251	4.583971	0.03734238	22.46765
588848900971430784	145.75452554	0.63936038	23.061	24.68822	23.27865	21.8068	21.53501	0.3435349	11.30361	2.968944	0.8071193	1.166803	2.969867	-1000	24.59214
588848900971430804	145.77935942	0.81411862	22.81055	22.59701	22.24009	21.16861	22.2993	3.883538	0.7554544	68.28314	2.969935	2.969401	2.969867	-1000	21.77112
588848900971430820	145.79227908	0.80076126	23.49158	24.61275	22.48364	21.76171	21.30849	1.135295	0.7164648	11.3024	2.969935	2.436013	0.9203342	-1000	25.67375
588848900971430826	145.79915594	0.8332799	26.30759	23.20901	22.15642	21.11913	20.46743	1.765692	2.969262	7.356659	2.969935	7.357791	1.875009	-1000	22.70448
588848900971430840	145.83157404	0.64325541	25.49747	23.35323	22.95206	21.64146	21.75202	1.922133	2.969262	27.91209	68.30595	1.861549	2.969867	-1000	23.21957
588848900971430850	145.85063594	0.82898232	24.01893	25.09447	23.20378	21.75653	22.0687	0.6192091	2.969262	2.968944	2.969935	1.447498	1.995887	-1000	25.68326
588848900971430901	145.79926752	0.73437104	25.6814	25.69641	24.83018	22.0617	21.7343	-9999	2.969262	2.968944	2.969935	1.415241	3.620618	-1000	25.33261
588848900971495452	145.87267864	0.63915007	21.60914	21.32476	20.53332	19.20364	20.78825	1.368897	2.968739	2.968655	2.969973	2.969034	2.969172	-1000	23.02743
588848900971495489	145.93048204	0.66089621	23.5661	23.06114	22.4259	22.15805	22.75137	0.7707242	2.968739	0.9179672	2.969973	2.316806	2.969172	0.1377272	23.57801
588848900971495739	145.88259023	0.77269466	22.11683	25.25877	24.24718	23.10812	22.50497	-9999	1.032319	4.5821	2.969973	2.969034	2.969172	-1000	25.28399
588848900971495754	145.90854208	0.65407631	19.89501	20.43719	20.05157	19.6538	27.04998	3.127792	0.701307	4.5821	2.969973	4.582686	2.969172	-1000	22.7573
588848900971495776	145.95599726	0.65424946	21.06402	24.73011	23.52449	24.71497	22.1188	4.254989	2.859692	0.6346682	2.969973	2.969034	2.969172	0.5533327	26.44923
588848900971495786	145.98791563	0.68446759	21.87508	21.94554	21.48327	21.27322	21.39469	0.81505	1.422179	1.899061	1.915098	1.26648	2.011829	0.3472283	21.90933
588848900971495813	145.85737587	0.82393788	21.99898	21.34996	19.9576	19.4057	18.84245	1.571673	7.356152	2.968655	4.478603	2.77067	3.416324	-1000	21.3404
588848900971495815	145.85896777	0.75014879	24.01506	21.58713	20.95311	20.82691	20.52313	1.020077	2.968739	2.968655	1.941448	1.980861	1.716482	-1000	22.2903
588848900971495834	145.86862821	0.69976769	23.82727	22.91906	22.08845	22.34666	22.63958	0.7498955	7.356152	7.355945	1.478081	7.356884	2.969172	-1000	22.36201
588848900971495840	145.8704341	0.75399346	24.16435	22.95803	22.79493	22.6193	22.61562	0.4835019	2.968739	2.968655	2.969973	1.024399	2.969172	-1000	22.84857
588848900971495844	145.87643128	0.67155504	23.08943	22.04075	20.82526	20.57709	19.99929	1.106256	2.968739	1.904357	2.305646	2.13834	4.320031	0.2130254	22.54685
588848900971495941	145.9323591	0.67089151	23.44891	22.84458	21.81607	21.42147	21.72753	0.8837512	4.58223	2.968655	1.965209	7.356884	1.128399	-1000	23.03322
588848900971495945	145.93271047	0.75100804	24.01678	22.40222	21.52045	21.40898	20.49904	0.8653373	4.58223	2.968655	2.406461	1.401993	2.499628	-1000	22.66429
588848900971495986	145.95714968	0.79854268	22.33894	22.22951	21.32475	21.03675	20.84665	1.14943	2.968739	2.968655	2.871415	2.009228	4.14208	-1000	24.63717
588848900971495999	145.96433186	0.67214659	26.03273	24.33526	23.45479	22.08668	22.26583	0.728031	2.968739	1.042749	0.7706146	1.583366	0.6741846	-1000	25.33039
588848900971496018	145.97321338	0.82343895	25.64421	22.54743	20.81576	19.99521	19.62838	1.031231	0.2482409	7.355945	2.300585	2.744446	2.964323	-1000	21.97878
588848900971496045	145.98807278	0.8386462	24.21764	22.76525	21.02882	20.44478	19.9463	0.864778	2.968739	2.968655	1.599293	1.504776	1.795452	-1000	22.91586
588848900971496048	145.99016324	0.69446779	24.36066	22.40635	21.39972	20.80433	20.36601	0.8599152	11.30162	1.5573	1.620563	1.440558	1.366835	0.2306688	22.3726
588848900971496106	145.86313775	0.72970583	25.01836	23.31638	21.45596	20.58572	20.10868	0.882945	2.968739	2.968655	1.870204	1.817654	1.378123	-1000	23.22151
588848900971496108	145.86510517	0.6585223	23.81421	23.13485	22.16537	22.87098	21.27312	0.8259395	4.58223	2.968655	2.969973	1.055455	2.854863	-1000	23.91841
588848900971496127	145.87766986	0.74647148	24.26003	24.05279	22.09023	22.56124	21.25258	1.561541	7.356152	7.355945	2.969973	2.969034	7.357225	-1000	23.52876
588848900971496130	145.87949352	0.7353704	23.0151	23.13279	22.06743	23.77755	21.98833	0.439851	1.18542	2.968655	1.192315	2.969034	0.675138	-1000	23.33609
588848900971496150	145.89175183	0.73486864	25.25495	24.78135	21.84933	23.71482	22.97799	2.431393	2.968739	2.968655	7.35921	2.969034	2.969172	-1000	23.1118
588848900971496162	145.90140258	0.77265914	23.33093	22.7652	21.81291	21.69095	20.88025	1.163691	0.09065241	2.968655	2.969973	1.925746	18.01452	-1000	22.97747
588848900971496171	145.9035653	0.78433303	22.87837	22.96207	21.08763	20.63844	20.50603	1.500825	0.7206329	2.968655	4.584135	2.021223	7.357225	-1000	25.26987
588848900971496196	145.91529974	0.63391452	23.47415	22.90541	21.47256	21.4086	21.52972	1.6685	2.968739	2.968655	7.35921	1.209049	1.612234	-1000	24.06928
588848900971496203	145.91791354	0.73537034	24.23616	24.45857	22.19747	24.02815	21.91793	0.6254074	7.356152	7.355945	1.093867	7.356884	2.969172	-1000	24.41694
588848900971496205	145.91997959	0.66418213	23.55935	23.52506	22.12049	22.11791	20.98548	0.7224988	2.968739	2.968655	1.554201	1.235938	0.9625403	-1000	23.16378
588848900971496225	145.92649218	0.71451912	22.74638	23.24771	22.12357	21.62906	20.91239	0.7519079	1.824534	2.968655	1.399251	1.855498	1.714297	-1000	23.32907
588848900971496227	145.92802231	0.68708887	22.85519	23.75563	22.33949	21.86428	21.71076	0.5998002	2.968739	2.968655	1.445861	3.252155	2.261629	-1000	25.43364
588848900971496230	145.9301746	0.77725827	24.01666	24.82089	22.30754	20.91292	20.28286	1.542595	2.968739	2.968655	2.969973	2.781061	2.39249	-1000	26.3993
588848900971496240	145.93654237	0.79315178	24.01478	23.71416	22.42045	21.75189	21.64751	0.8689978	0.7167284	18.01139	1.780832	2.457686	3.241869	-1000	22.83597
588848900971496247	145.9413498	0.73645823	21.03695	20.83909	19.68145	20.24769	19.87321	3.682127	11.30162	0.1016405	11.30632	2.285964	1.278463	0.03616631	21.91209
588848900971496265	145.95107426	0.73235854	23.84175	23.71037	22.10665	21.85476	21.26482	0.9682867	2.968739	2.968655	2.969973	2.969034	11.30327	-1000	23.28432
588848900971496267	145.95025974	0.75300465	25.50319	24.02774	21.81997	25.9177	24.41096	1.617071	7.356152	7.355945	7.35921	2.969034	2.969172	-1000	23.00391
588848900971496293	145.97014102	0.76132175	23.64273	23.49565	22.20451	21.94264	21.05671	1.818003	7.356152	7.355945	7.35921	2.969034	7.357225	-1000	23.23565
588848900971496295	145.97180372	0.64676585	23.27746	22.4419	21.64323	21.62657	20.35894	2.286186	1.072331	2.968655	11.30632	2.969034	3.298249	-1000	21.61438
588848900971496319	145.98035706	0.77944795	23.74834	24.057	22.268	21.55343	20.70955	0.6125032	2.968739	2.968655	1.789036	1.573581	2.131767	-1000	23.53698
588848900971496321	145.98066973	0.64817473	22.53932	23.39566	21.99887	21.59438	20.98286	0.7677845	2.968739	2.968655	1.834792	3.098601	1.292188	-1000	23.18747
588848900971496326	145.98307449	0.743322	26.29612	23.75243	21.94071	21.09328	20.25997	2.370772	2.968739	2.968655	2.969973	1.138534	1.485028	-1000	27.11041
588848900971496327	145.98347776	0.66450423	22.54731	22.20762	21.19823	20.94621	20.54072	1.654077	3.613122	11.3013	7.35921	2.898699	2.960353	-1000	21.74027
588848900971496342	145.99158171	0.79543528	23.61927	23.39664	21.52408	20.68556	20.07033	0.8108646	2.968739	2.968655	2.446711	1.974678	2.443804	-1000	22.86066
588848900971496348	145.99265236	0.6384678	24.29329	23.24664	22.06042	21.98432	21.84776	0.7131318	2.968739	2.968655	1.538433	0.9641601	4.582898	-1000	22.85494
588848900971496390	145.85689449	0.679012	24.08863	22.42256	22.79774	21.07474	22.17142	2.289429	0.7125937	2.968655	2.969973	7.356884	2.969172	-1000	22.59317
588848900971496399	145.87561221	0.81818188	23.50998	25.3928	22.82195	21.95274	22.03464	0.775252	2.968739	2.968655	7.35921	1.150244	0.6786052	-1000	25.80805
588848900971496408	145.88825845	0.76977179	25.85989	25.16081	24.97147	21.94926	21.16073	0.1818346	2.968739	2.968655	0.2569407	1.219138	2.20752	-1000	23.34884
588848900971496441	145.93268139	0.69514199	21.54901	23.67682	20.3318	19.28001	20.56421	-9999	2.968739	2.968655	2.969973	43.75595	2.969172	-1000	28.27507
588848900971496442	145.93605747	0.63575004	23.35905	24.70983	23.14829	21.74852	21.56919	3.173773	2.968739	4.5821	4.584135	2.549209	2.405468	-1000	22.91674
588848900971496449	145.94922809	0.83885094	22.78268	22.73121	22.04325	21.1249	21.48898	0.8763103	0.8327986	7.355945	2.969973	3.150792	2.969172	-1000	22.72268
588848900971496456	145.96263343	0.75117554	25.87273	24.17731	22.9261	21.86501	21.64938	1.273048	2.968739	4.5821	2.969973	2.120077	3.051283	-1000	23.96079
588848900971496463	145.97023563	0.68186929	23.96336	22.61531	22.20634	21.24921	21.76004	2.324311	2.968739	2.968655	11.30632	2.969034	2.969172	-1000	22.99482
588848900971496465	145.98372345	0.7485272	23.86777	23.79144	23.80039	21.78029	21.2374	1.839013	0.6627653	2.968655	2.969973	2.319341	18.01452	-1000	24.28563
588848900971496505	145.85895598	0.73239554	18.64979	25.65086	29.80709	28.29476	24.63047	-9999	43.7516	2.968655	2.969973	43.75595	0.7108318	-1000	19.63892
588848900971496516	145.92434185	0.69701193	23.16218	23.05576	22.28926	22.10552	20.89628	0.6776626	11.30162	7.355945	2.969973	1.842192	7.357225	-1000	22.46939
588848900971496521	145.92798194	0.70798567	23.41178	23.4674	23.39232	21.83625	21.36362	-9999	4.58223	11.3013	2.969973	1.872341	2.338938	-1000	22.86806
588848900971560995	146.01520658	0.73841753	23.64771	22.05767	22.1235	22.68489	21.18523	1.238369	4.58365	2.968987	2.208331	2.969397	2.968729	-1000	22.11603
588848900971561015	146.03410555	0.65620548	23.49765	22.43067	21.24703	20.73376	20.81564	1.320139	7.358431	2.968987	2.698177	3.572549	1.291608	-1000	22.45514
588848900971561053	146.09959519	0.81240505	23.7487	24.93224	21.23557	21.19419	20.06204	1.253867	2.969659	2.968987	2.452927	1.580513	2.816972	-1000	24.72602
588848900971561059	146.10386073	0.83334034	25.98538	21.98023	20.41237	19.7026	19.25424	1.114721	2.969659	2.968987	2.855573	2.579501	3.074775	-1000	21.502
588848900971561079	146.11913007	0.69271813	23.76498	24.33376	23.22242	20.83202	21.26809	0.893831	4.58365	2.968987	2.969686	3.117521	1.538012	-1000	24.7831
588848900971561081	146.12076159	0.69070111	24.96834	22.94672	21.88326	19.93351	24.74346	2.3319	2.969659	2.968987	2.969686	2.969397	0.2756526	-1000	23.8461
588848900971561142	146.1471751	0.83231951	21.54133	19.45297	18.28791	17.79039	17.3726	1.995414	2.969659	5.519875	7.934282	3.077872	2.636978	5.456739	19.18991
588848900971561205	146.0927775	0.65957916	22.92989	22.6664	22.40287	21.53395	21.37118	0.6862655	2.969659	2.968987	1.43164	2.016726	0.09308077	-1000	22.36765
588848900971561250	146.14691761	0.71677456	21.75018	19.65832	18.5447	18.08726	17.72038	1.055933	2.36228	2.474585	2.263029	2.088503	2.331487	0.2408229	19.6664
588848900971561449	146.0112784	0.65424545	22.9077	22.86534	21.73761	21.50518	21.51808	0.6640432	1.64477	2.968987	1.516911	1.110229	1.201905	-1000	22.72235
588848900971561493	146.04013108	0.64795445	25.41951	23.65956	23.19068	21.64683	21.5812	0.5827557	2.969659	2.968987	2.969686	1.495606	1.738162	-1000	24.06354
588848900971561501	146.04649136	0.68349165	23.48753	22.47206	21.91336	21.47005	20.71403	0.8942297	3.129739	2.968987	1.869823	1.957255	2.968729	-1000	22.20362
588848900971561508	146.05127786	0.74240172	22.56961	22.04907	21.08807	20.64926	20.22827	0.903825	2.969659	2.968987	1.819907	2.183485	3.679372	-1000	21.80276
588848900971561531	146.06515793	0.81973798	21.87467	21.35616	20.62514	20.61326	20.00071	1.293041	11.30512	2.968987	2.771313	2.469586	4.52532	-1000	21.34097
588848900971561550	146.06741777	0.71460892	24.5344	23.66368	21.54798	20.84704	20.4126	0.8555398	7.358431	2.968987	2.349295	1.42889	2.459533	-1000	24.30212
588848900971561572	146.07770261	0.79340181	22.14826	21.59401	20.40034	19.83965	19.43579	1.501741	43.76516	2.968987	3.059233	2.591545	2.073911	-1000	21.42599
588848900971561590	146.08828422	0.82074665	22.30876	20.82884	19.72574	19.22515	18.98349	1.206697	2.969659	2.724366	2.562323	2.673341	2.653984	0.377011	20.73771
588848900971561594	146.09104325	0.74977754	22.95753	22.62666	21.88002	21.44887	21.69204	0.7888749	4.58365	2.968987	1.673974	2.969397	0.7180808	-1000	22.1745
588848900971561597	146.09211664	0.75710881	22.58985	21.94687	21.04387	20.60142	20.20841	1.349926	7.358431	2.968987	2.360475	2.290399	4.280519	-1000	22.10206
588848900971561605	146.0982434	0.64156203	24.7441	22.8851	21.23987	20.40336	19.93538	0.8055002	0.2384668	2.968987	1.84236	1.644249	3.460691	-1000	22.69361
588848900971561643	146.11710852	0.83233016	26.43799	25.00083	23.45107	21.30787	22.48979	1.402092	2.969659	4.582613	2.969686	2.586349	2.968729	-1000	26.88549
588848900971561670	146.1263329	0.73422388	25.57515	22.62738	21.46545	20.80412	20.2753	0.8756807	2.969659	2.968987	1.675179	1.608455	2.025872	-1000	22.92409
588848900971561681	146.13512981	0.63929268	23.69269	23.02633	22.06453	22.02137	22.90725	0.6660388	2.969659	1.005922	1.328012	2.597392	2.968729	0.2099721	23.14811
588848900971561712	146.15105518	0.7455125	25.58387	22.27695	20.62447	20.10321	19.63973	0.7998273	2.969659	1.603262	1.499921	1.526611	6.128488	0.2583103	22.30878
588848900971561732	146.00446423	0.73120682	25.14909	23.57614	21.55308	20.82194	20.40857	0.7565538	2.969659	1.077672	1.570209	1.659087	1.566819	0.9969318	24.06711
588848900971561755	146.01881628	0.74855679	23.2976	23.51659	21.90743	21.41248	21.33107	0.7061641	2.969659	0.09592795	1.840623	1.703625	1.773537	0.03873115	23.54463
588848900971561813	146.0523302	0.76283111	23.72493	23.88122	22.02236	21.4856	21.74722	0.7943313	4.58365	2.968987	2.044167	2.087591	1.749867	-1000	23.89035
588848900971561826	146.06006285	0.72200318	24.42495	24.28965	22.37597	21.55531	20.92956	0.7357715	2.969659	2.968987	1.449401	1.066821	7.356129	-1000	23.2803
588848900971561845	146.06769071	0.80270928	24.59381	23.16587	21.21364	20.68313	20.24658	0.8956315	2.969659	2.968987	1.719931	2.062496	1.570431	-1000	22.65586
588848900971561846	146.06776781	0.76145194	24.73855	24.31186	22.06186	21.19867	20.37531	0.7757648	2.969659	7.356766	1.57593	2.087599	1.529076	-1000	24.18473
588848900971561849	146.06992716	0.65271735	23.39329	22.91017	22.18592	21.69765	21.64916	1.498312	2.969659	2.968987	2.969686	1.763438	11.30158	-1000	23.08321
588848900971561868	146.08087075	0.7353397	23.28139	25.62466	21.605	23.71663	21.75237	0.8031482	2.969659	2.968987	1.107284	2.969397	2.968729	-1000	25.09828
588848900971561878	146.08328855	0.69240893	23.7977	23.58411	22.10314	21.63169	23.2276	0.41984	2.969659	1.08853	2.969686	1.349112	0.3634821	1.003714	25.04531
588848900971561880	146.08618285	0.77736553	23.58505	24.14807	21.69621	21.28764	20.84301	2.150768	2.969659	2.968987	7.3585	0.7257009	0.7857341	-1000	23.72771
588848900971561881	146.08690435	0.78326575	24.19753	23.54133	21.63332	21.00726	20.33515	0.7867936	4.58365	2.968987	2.098617	1.434587	1.110119	-1000	23.1779
588848900971561886	146.0880322	0.68077936	22.94723	24.47925	22.88208	21.98681	21.20091	0.8053567	1.21322	2.968987	2.969686	1.066979	2.594166	-1000	24.31874
588848900971561895	146.09216441	0.67881399	25.16305	22.88842	21.65742	21.33609	20.86627	0.8565984	2.969659	2.968987	2.277553	1.57681	2.429704	-1000	22.43656
588848900971561915	146.09942071	0.74631885	22.4994	22.8033	20.8959	19.92049	19.1294	1.517678	2.969659	2.968987	2.729955	2.901888	2.320279	-1000	23.44393
588848900971561921	146.10159265	0.71653896	23.77877	23.91263	22.31934	22.33753	21.89713	0.5793062	4.58365	2.968987	1.541703	2.969397	1.639116	-1000	24.6786
588848900971561926	146.10259155	0.8170148	25.19812	24.16103	22.1989	21.03893	20.8682	1.403833	11.30512	11.30256	2.969686	2.969397	3.550587	-1000	24.37141
588848900971561930	146.10444379	0.7855942	26.31674	22.71739	21.32196	19.98483	19.34493	2.193245	11.30512	2.968987	2.969686	3.938078	3.104879	-1000	22.11277
588848900971561947	146.11205859	0.65136095	23.63173	22.53543	20.62868	19.89719	19.44787	1.057033	2.969659	2.968987	2.228746	3.90261	2.40556	-1000	23.33001
588848900971561980	146.13266709	0.73340029	22.87399	23.50577	22.12333	21.52372	21.95716	0.7349605	11.30512	2.968987	2.969686	2.313334	2.968729	-1000	23.27184
588848900971562009	146.14774052	0.80522702	23.34988	23.61962	21.79979	21.63916	20.90043	0.7188448	0.7217507	2.968987	1.546299	2.969397	11.30158	-1000	24.99005
588848900971562015	146.15128988	0.71099705	25.52764	23.67668	21.58477	20.42332	20.05211	0.9634897	2.969659	0.7117285	2.009766	1.608176	3.709807	0.4839031	23.67562
588848900971562068	146.04790919	0.70613732	24.0602	24.40069	23.73909	21.83888	22.63907	0.8706375	2.969659	2.968987	2.969686	1.297353	2.968729	-1000	23.93152
588848900971562084	146.05961734	0.68880386	24.84431	23.28725	22.63794	21.81376	20.80088	0.538008	4.58365	11.30256	2.969686	2.26686	1.878236	-1000	22.73693
588848900971562089	146.0613566	0.76433189	25.48412	23.47608	22.18696	20.9032	20.69055	1.226775	0.2620604	0.07794566	11.30522	2.501153	1.894799	0.055108	23.54168
588848900971562094	146.06875655	0.78328142	26.66346	24.9904	22.61692	21.21087	21.14067	1.11202	4.58365	4.582613	2.969686	1.642359	1.029227	-1000	25.30462
588848900971562138	146.12236047	0.74165521	25.53141	24.02856	21.47072	20.63383	20.44239	4.031782	2.969659	0.2918336	2.969686	1.593256	11.30158	0.1017623	27.5789
588848900971562151	146.14092309	0.79472436	25.50472	23.78557	23.23527	21.52095	20.82583	0.304395	4.58365	7.356766	2.969686	1.679069	0.08231054	-1000	22.89163
588848900971562163	146.02205885	0.63750782	24.76595	25.73139	24.60793	22.43599	20.37497	2.305609	4.58365	4.582613	2.969686	1.105853	1.344406	-1000	25.7122
588848900971562181	146.00783639	0.73834364	23.34792	22.71829	23.20865	22.2382	22.49396	3.113424	0.6043004	2.968987	4.583692	1.382793	4.582215	-1000	22.81611
588848900971562188	146.05679966	0.75650259	23.43734	22.86737	21.99196	21.57031	20.71727	1.357568	1.062258	2.968987	2.969686	1.885524	2.261983	-1000	22.73025
588848900971626521	146.16114984	0.70833096	25.21317	23.83479	22.36541	22.00689	21.40955	0.8871638	2.969635	2.969482	2.969968	2.969421	3.413767	-1000	23.10616
588848900971626530	146.1645526	0.78972662	19.31923	18.27281	17.12224	16.56623	18.67553	8.942285	27.91859	27.91715	27.92172	2.969421	2.550035	-1000	18.70594
588848900971626547	146.17481882	0.79475862	25.15535	24.50913	21.42329	22.17197	21.50151	1.570498	2.969635	2.969482	2.969968	2.969421	2.969111	-1000	24.62029
588848900971626561	146.19427007	0.68919297	26.03819	23.92009	22.74174	21.93265	22.49709	1.256713	2.969635	2.969482	2.969968	1.376554	0.7207052	-1000	25.13247
588848900971626588	146.23699771	0.75543343	23.57409	22.82557	21.84976	21.76225	21.45188	0.9219251	2.969635	1.155367	2.969968	2.969421	3.279123	0.2080583	23.3303
588848900971626633	146.29258333	0.75109567	23.19281	22.58862	21.40692	23.41945	20.69714	1.60989	2.969635	2.969482	2.969968	2.969421	2.079126	-1000	22.03114
588848900971626635	146.28953898	0.75296953	24.43727	24.0524	22.60718	24.19618	22.62248	0.5155571	2.969635	2.969482	1.025384	2.969421	2.969111	-1000	23.24347
588848900971626810	146.17892062	0.65858807	24.93782	24.93597	22.69694	21.21592	20.80002	0.9149007	4.583613	2.969482	2.969968	1.576379	1.745823	-1000	23.77097
588848900971626812	146.18213018	0.65789756	21.82406	24.79096	24.80917	24.38434	23.48863	-9999	1.644201	2.969482	2.969968	0.6729772	2.969111	-1000	25.10898
588848900971626818	146.19124402	0.65422754	21.29706	26.26653	26.24238	26.1222	21.91041	-9999	11.30503	2.969482	2.969968	2.969421	1.340068	-1000	25.71604
588848900971626949	146.19489264	0.70125383	22.29634	21.75817	20.59756	20.37689	19.97721	1.201854	2.969635	2.969482	2.405529	2.672601	2.554247	-1000	21.6936
588848900971626953	146.19635008	0.78777669	23.84994	21.68483	20.44537	19.75629	19.21211	1.288524	7.358374	2.969482	3.133341	2.444591	2.613139	-1000	21.54264
588848900971626965	146.20112871	0.74969553	22.81147	21.82979	20.18554	19.51774	19.18932	1.079036	2.969635	2.969482	2.301765	2.106516	2.501014	-1000	21.85695
588848900971627005	146.22345221	0.78931448	22.92497	22.52084	22.51211	22.84532	21.488	2.556083	2.969635	2.969482	7.359198	2.969421	1.179158	-1000	24.59421
588848900971627014	146.22637881	0.63773776	23.39812	22.416	21.42025	21.21457	20.91799	1.054018	2.969635	2.969482	1.893785	2.411902	2.091415	-1000	22.2765
588848900971627015	146.22723477	0.64411368	24.00982	22.7558	23.20155	23.50558	22.36308	0.7276634	2.969635	2.969482	2.969968	0.7134351	3.118071	-1000	23.34196
588848900971627042	146.2538097	0.66608782	23.29869	22.09305	20.58023	20.08986	19.6402	0.890457	2.969635	1.382153	1.792737	1.624377	1.624143	0.1874999	22.54828
588848900971627063	146.27434848	0.69528264	22.6689	21.77928	20.98295	20.32977	20.3004	1.018876	2.969635	2.969482	2.058241	2.783937	2.39565	-1000	21.53881
588848900971627065	146.27600554	0.66084818	23.69825	22.69729	21.96539	21.48716	20.96762	0.7191514	43.76481	2.969482	1.210241	1.231282	2.969111	-1000	22.51
588848900971627074	146.28260407	0.72752576	23.32468	22.48113	20.69298	20.08181	19.41454	1.096679	0.3295012	2.969482	2.427594	2.326199	2.118728	-1000	22.64293
588848900971627081	146.29055707	0.78338917	21.54758	21.12669	19.98279	19.34509	18.96816	1.650905	18.01734	2.969482	7.359198	3.749093	3.361137	-1000	21.12221
588848900971627084	146.29181056	0.64982364	23.59098	22.17587	20.54439	19.83084	19.29697	0.8984311	2.969635	2.969482	1.913462	2.02579	3.842659	-1000	22.83766
588848900971627091	146.29757293	0.83637549	22.88329	22.69871	22.26413	22.06753	21.5999	0.6777872	2.969635	2.969482	2.969968	1.020059	2.044276	-1000	22.87118
588848900971627127	146.161731	0.68780054	22.5262	22.59435	20.7074	19.72447	19.13944	1.358776	11.30503	1.123276	3.112656	2.390356	1.61236	0.1064251	25.08213
588848900971627138	146.16847335	0.6960616	25.70189	23.53328	22.33539	20.97514	20.2695	0.6520646	2.969635	2.969482	1.211924	2.398697	2.491415	-1000	23.0503
588848900971627139	146.16969651	0.81856979	24.32583	22.81674	21.64671	21.084	20.92244	1.154088	2.969635	2.969482	2.314192	1.775127	2.969111	-1000	22.75875
588848900971627143	146.17238166	0.73537814	24.36882	22.79361	21.82877	20.36285	19.78391	1.630631	7.358374	11.30445	7.359198	2.252387	5.59526	-1000	21.9771
588848900971627198	146.19753842	0.81645995	25.59842	23.61676	21.98743	21.77305	20.73424	0.7868409	2.969635	0.6510057	1.74206	1.471458	1.435011	0.1483248	24.19293
588848900971627200	146.1991734	0.73211154	23.20741	22.88804	22.04384	21.89133	21.59335	0.9907878	27.91859	27.91715	2.969968	2.969421	1.033793	-1000	21.91275
588848900971627210	146.20278219	0.73601313	24.7946	23.82359	22.33941	21.90022	21.42675	0.6237464	2.969635	2.969482	1.181167	2.663803	1.359347	-1000	24.28712
588848900971627227	146.20915746	0.73545965	22.86937	23.10074	21.70559	20.95162	20.88848	0.3733625	2.969635	2.969482	2.969968	1.756166	4.582804	-1000	25.00906
588848900971627233	146.21168338	0.67650451	23.15727	23.6257	21.99794	20.77246	20.40003	0.8264815	2.969635	2.969482	1.734855	1.892881	3.725664	-1000	25.05369
588848900971627254	146.2292356	0.75443779	26.54241	22.10288	20.70243	19.60337	19.20001	2.383489	0.3181592	2.969482	2.969968	2.969421	2.969111	-1000	21.48555
588848900971627271	146.24324596	0.6315744	26.29093	22.77892	22.23095	21.41215	21.37284	0.9389622	2.969635	2.969482	2.969968	1.849216	4.078613	-1000	22.9122
588848900971627280	146.24981402	0.83275348	23.39594	23.22174	21.72019	22.45644	21.25499	1.173805	4.583613	2.969482	2.969968	2.969421	1.49761	-1000	23.81548
588848900971627287	146.25333759	0.73377258	24.472	23.49632	21.97403	21.48418	21.56665	2.495009	7.358374	2.969482	7.359198	2.969421	1.632659	-1000	24.26809
588848900971627291	146.25732198	0.66641101	25.85114	24.1636	22.24103	23.28302	22.98683	0.4907923	2.969635	2.969482	1.079854	2.969421	2.969111	-1000	24.54844
588848900971627300	146.26615146	0.67881695	22.72032	24.32787	22.20973	23.56415	21.51936	0.7029306	2.005785	4.583377	2.969968	2.969421	2.969111	-1000	22.92966
588848900971627316	146.27178146	0.66632405	27.54497	27.91621	20.58078	22.71866	21.03544	0.4676344	43.76481	2.969482	0.9408382	2.969421	2.969111	-1000	25.37624
588848900971627325	146.27620495	0.71997255	25.07697	23.6174	21.89943	21.52347	20.89126	0.5924906	0.6020452	2.969482	1.083755	1.73792	1.795443	-1000	23.88385
588848900971627364	146.29926673	0.67202178	23.5045	23.03376	21.54324	21.40807	21.69398	1.022097	2.077625	2.969482	1.988361	1.643196	0.745707	-1000	22.84555
588848900971627388	146.16460763	0.66047027	24.62302	24.52852	23.18475	21.82935	21.55124	0.3753358	2.969635	2.969482	2.969968	1.441609	1.39959	-1000	24.82921
588848900971627399	146.1783235	0.73357952	23.12404	23.33907	22.38091	20.89788	20.24723	5.728286	11.30503	11.30445	11.3063	2.053926	1.447809	-1000	22.27166
588848900971627407	146.18647312	0.71207572	25.32375	24.6401	23.01805	21.80941	21.52468	0.7228552	2.969635	1.258993	2.969968	1.260925	1.997143	-1000	24.59875
588848900971627417	146.19991095	0.70393442	23.81991	23.78334	23.37657	21.86632	21.2494	0.9118674	4.583613	2.969482	2.969968	1.607078	1.794352	-1000	23.99761
588848900971627422	146.21440105	0.7163416	23.5029	24.23045	22.70468	21.44344	20.98518	0.7017131	2.969635	4.583377	2.969968	2.283577	2.929684	-1000	24.11639
588848900971627441	146.23759436	0.78383749	22.77943	23.65234	23.02297	21.90694	21.38623	1.087378	2.969635	2.969482	2.969968	1.130019	7.357073	-1000	23.73952
588848900971627498	146.25456856	0.66979147	24.44635	24.85913	24.50751	24.84707	20.52218	-9999	4.583613	2.969482	2.969968	2.969421	1.334141	-1000	25.49391
588848900971627504	146.24282917	0.65428372	21.68629	25.9311	23.70968	24.42659	23.75264	-9999	7.358374	7.357994	2.969968	1.106666	2.969111	-1000	26.98068
588848900971627505	146.25667155	0.77955473	18.84333	28.94736	23.07285	27.98088	21.94417	-9999	43.76481	2.969482	2.969968	2.969421	2.969111	-1000	28.96725
588848900971627530	146.19116361	0.76191088	25.45241	24.5862	22.94897	21.50798	21.48526	0.8787848	2.969635	2.969482	2.969968	2.296163	11.30303	-1000	25.24244
588848900971692047	146.31027935	0.74260419	25.76143	23.4001	22.28271	21.75646	21.39711	1.140648	2.96928	7.357404	2.969987	18.01835	2.587612	-1000	22.46343
588848900971692052	146.31097068	0.63224545	24.93439	23.91797	22.2087	21.70983	20.42179	0.8487524	2.96928	2.969244	1.838905	1.807319	3.256423	-1000	24.43895
588848900971692076	146.37255373	0.78241	25.53685	24.16424	22.51111	21.57238	20.79164	0.5886248	2.96928	2.969244	1.434125	2.056771	2.9147	-1000	25.8332
588848900971692077	146.37130897	0.78399382	23.48164	22.36354	23.02293	21.76359	22.3327	2.128495	2.96928	2.969244	2.969987	0.08070015	4.582884	-1000	22.69901
588848900971692121	146.44417596	0.82076653	24.23378	22.02492	20.83651	21.37858	20.16848	1.322923	2.96928	2.969244	2.969987	1.581964	2.635887	-1000	22.05536
588848900971692136	146.44739523	0.81243898	26.10644	23.9986	24.64313	21.11048	23.27081	2.926997	2.96928	0.07487383	2.969987	2.969802	0.3013474	0.4276539	24.16349
588848900971692258	146.32612415	0.80620975	25.84259	24.07992	22.61269	21.77119	21.19194	0.865083	2.96928	11.30354	27.9219	1.299193	1.794298	-1000	23.51958
588848900971692274	146.37359186	0.63709012	21.47507	20.05174	18.91429	18.37979	17.93676	1.464215	2.96928	3.056887	3.246085	3.088185	3.25258	0.2592248	19.96029
588848900971692322	146.3031421	0.65698686	22.75038	22.49078	21.15527	20.63207	19.99789	0.7735069	27.91525	1.871097	1.456167	1.856652	1.618556	0.2443741	22.44032
588848900971692414	146.33786499	0.66395646	24.68429	22.49787	21.45461	20.93335	20.3561	0.9890422	2.96928	2.969244	2.189648	2.54349	2.635049	-1000	22.45691
588848900971692426	146.34420793	0.7206821	24.13922	22.48191	21.84059	22.26316	21.33413	1.323183	2.96928	2.969244	2.969987	2.131321	1.011201	-1000	22.87293
588848900971692430	146.34915947	0.77428715	24.1718	21.8998	20.89759	20.77614	20.8522	1.239017	0.322524	2.969244	2.414769	1.990134	3.158059	-1000	22.2011
588848900971692443	146.36291822	0.7450237	22.93531	22.95088	22.08645	21.60808	21.84076	0.5894634	0.8714269	2.969244	1.216575	1.337797	2.969163	-1000	23.04868
588848900971692449	146.37327155	0.71999218	23.91505	22.44172	21.48149	21.03492	20.39152	0.8026112	4.583065	2.969244	1.84283	1.773551	2.953803	-1000	22.45383
588848900971692453	146.37906407	0.82166231	24.00083	22.42636	21.22892	20.79616	20.30877	0.9035499	2.96928	7.357404	2.04847	1.629044	1.745018	-1000	21.84445
588848900971692470	146.38976317	0.63791204	25.74316	23.47351	21.40027	20.9662	20.65162	1.020175	2.96928	2.969244	2.004279	1.766409	1.179445	-1000	23.57793
588848900971692511	146.41421572	0.68792993	24.3392	22.95395	22.28148	21.46853	21.04345	0.9432841	0.2781438	2.969244	1.982158	1.754206	2.822241	-1000	22.95997
588848900971692533	146.43732785	0.65798983	23.30746	22.20811	21.31802	20.66397	20.58187	0.9033782	2.96928	2.969244	2.378852	1.394693	1.64211	-1000	22.91785
588848900971692543	146.44972108	0.7081893	23.3126	21.31998	20.37639	19.76285	19.47581	1.252218	1.227166	2.037548	2.723856	2.216337	1.979564	0.1549817	21.8187
588848900971692574	146.31510219	0.6821591	23.22067	23.02646	21.2128	20.69589	20.37818	0.8986344	2.96928	1.801675	1.880024	2.309899	2.86411	0.8229398	24.99917
588848900971692617	146.34390193	0.82119276	23.27559	23.65002	21.95618	21.50653	20.87158	1.294228	0.4335014	2.969244	2.969987	1.664796	4.582884	-1000	24.08149
588848900971692626	146.34547806	0.78242788	23.45395	23.35581	21.99459	21.60145	20.93702	1.005233	0.7356837	2.969244	2.969987	1.503228	1.085322	-1000	23.84735
588848900971692663	146.37404497	0.66637921	25.55831	24.68847	22.55593	23.46972	22.15696	0.5613737	2.96928	2.969244	1.007382	2.969802	7.357203	-1000	25.63444
588848900971692666	146.37490563	0.83162368	23.37405	23.33368	22.19764	21.61562	21.32077	0.8253105	2.96928	0.08400078	1.813019	2.826232	1.202864	0.04496504	22.8582
588848900971692670	146.37893196	0.71870987	23.24718	23.90231	22.21358	21.71092	21.45761	0.6737757	2.96928	2.969244	1.829047	1.177142	7.357203	-1000	24.13787
588848900971692672	146.37964731	0.80504945	23.70025	23.2117	21.36756	20.55915	19.84384	0.9572407	2.96928	2.969244	1.758527	1.736525	2.588773	-1000	22.6666
588848900971692676	146.38393535	0.65990122	24.5211	24.2738	21.30627	20.52936	19.92709	1.206881	7.357492	2.969244	7.359245	2.147031	2.366848	-1000	26.78242
588848900971692680	146.38553274	0.6910489	23.49418	25.13183	22.20214	22.15933	21.41032	0.9122105	7.357492	2.969244	2.969987	0.8792058	1.333583	-1000	24.85384