587729149846946413	151.61564824	-2.64874101	23.03209	24.46582	22.25314	21.88347	21.01253	0.8642855	0.8930709	2.96992	1.642771	2.850993	1.738506	-1000	23.88792
588848900971299286	145.46026308	0.71590493	23.54765	22.56668	21.82518	21.36222	20.92632	1.359369	0.09978194	2.969576	7.358338	2.031301	2.37015	-1000	22.47549
588848900971299298	145.47114681	0.66932087	22.84851	22.53132	21.20048	20.53224	19.91923	0.926931	2.968804	2.969576	1.931132	1.824043	1.933071	-1000	22.33098
588848900971299304	145.48122408	0.766678	23.17702	22.89227	21.86848	21.33621	21.22239	0.6599247	7.356313	1.282246	2.051579	1.320397	1.498434	0.2576815	22.74993
588848900971299310	145.48931456	0.73545074	24.11779	22.24812	20.71432	19.94307	19.48193	1.19751	2.968804	1.322916	2.876688	1.848101	3.121678	0.07275037	24.67707
588848900971299318	145.49148089	0.81142239	24.0182	22.6754	21.8848	22.13977	21.10087	0.9191305	4.58233	2.969576	2.969621	2.969343	1.731193	-1000	22.52478
588848900971299339	145.50301513	0.63852169	23.439	22.70034	21.60596	21.10172	20.88688	0.8182886	2.968804	1.289163	1.944835	2.037807	7.357388	0.2227848	23.21409
588848900971299347	145.50922819	0.6416901	22.89446	22.50301	22.13184	21.80675	21.23432	0.9529259	1.643323	2.969576	2.969621	1.430707	2.138414	-1000	23.03141
588848900971299359	145.52278599	0.73743127	25.39848	23.00308	21.62613	21.17581	20.61108	0.6494257	2.968804	0.6760682	1.170723	1.195276	11.30352	0.06361668	22.89283
588848900971299380	145.53887627	0.74943711	23.37186	22.43864	21.26264	20.71757	20.09599	1.065984	2.968804	2.969576	2.544992	2.645594	1.936189	-1000	22.49684
588848900971299414	145.40772396	0.65007236	23.8577	25.77321	22.49968	25.10509	23.06052	-9999	2.968804	2.969576	2.969621	2.969343	4.583	-1000	22.96211
588848900971299426	145.41580871	0.63897407	25.5752	23.81913	21.73895	21.05718	20.54243	0.827894	2.968804	2.969576	1.9807	1.561265	3.608763	-1000	25.13037
588848900971299429	145.418098	0.77868929	23.67902	23.80864	22.45864	21.86776	22.05835	0.5421513	2.968804	4.583522	1.366174	1.910112	2.969238	-1000	23.66347
588848900971299447	145.44477388	0.64140603	22.69899	22.61423	21.27437	20.56857	19.98473	1.126739	2.968804	2.969576	2.654341	2.868229	18.01493	-1000	22.81873
588848900971299470	145.46290988	0.75827818	25.60176	23.26489	21.97455	21.5974	21.69351	1.587612	2.968804	2.969576	7.358338	2.969343	0.63341	-1000	23.30184
588848900971299475	145.4659964	0.75587293	23.30211	23.11647	21.90431	21.19567	21.03764	0.9608723	2.968804	2.969576	1.952275	2.439044	4.583	-1000	23.44528
588848900971299481	145.47876918	0.6784166	24.73491	23.76272	22.01288	21.76014	21.47912	0.9840796	4.58233	2.969576	2.969621	2.095881	2.087653	-1000	24.88334
588848900971299532	145.52076864	0.73497653	23.41228	23.78833	22.01021	25.17185	23.08792	1.042181	2.968804	2.969576	2.969621	4.583162	0.7481157	-1000	24.53076
588848900971299552	145.53301132	0.68660451	24.05314	23.3168	21.4687	20.91505	20.45274	0.8408025	4.58233	2.969576	1.736417	2.052792	11.30352	-1000	22.71032
588848900971299553	145.5328557	0.73742912	24.62729	23.24893	22.05316	22.11275	21.03881	0.7109339	4.58233	2.969576	1.233709	2.108019	2.010997	-1000	22.95362
588848900971299556	145.53571363	0.7161012	23.87619	24.25732	22.07078	20.99093	20.517	0.8889138	2.968804	2.969576	1.767727	1.84622	1.465108	-1000	26.06859
588848900971299580	145.55231289	0.76685356	25.81186	23.46904	22.06417	21.64936	21.06626	0.5675204	2.968804	1.032832	1.744667	1.644129	7.357388	0.1401366	27.21924
588848900971299602	145.41693292	0.70428972	23.74264	23.86562	22.55784	21.47437	21.17425	1.772471	0.6435323	2.969576	2.969621	1.638441	1.357504	-1000	24.15458
588848900971299604	145.4189441	0.74880384	24.65115	23.91278	22.83097	21.47297	20.97006	0.8897422	0.705599	2.969576	2.969621	1.358407	1.400927	-1000	23.55894
588848900971299612	145.42692007	0.72315125	23.93718	24.18125	23.43418	21.70782	22.00532	-9999	2.968804	2.969576	1.038817	1.405366	2.969238	-1000	24.6326
588848900971299638	145.46236692	0.71655743	25.12803	23.50121	23.5076	21.97584	23.17281	0.6500727	2.968804	2.969576	0.7478374	1.12168	0.08259705	-1000	23.09569
588848900971299679	145.53162305	0.67335761	22.7124	23.13567	22.47221	21.73483	21.38024	1.070598	7.356313	1.243474	2.074179	1.71376	0.8870165	0.01920276	24.9087
588848900971299714	145.5295909	0.78436721	23.78044	24.01717	23.49361	25.52846	19.91284	3.469542	2.968804	2.969576	2.969621	4.583162	3.515733	-1000	25.24575
588848900971299720	145.42967206	0.80445264	23.10637	24.39204	22.41352	21.70979	21.65268	1.752366	2.968804	2.969576	2.969621	1.599893	0.09546974	-1000	25.20654
588848900971364390	145.57592417	0.68149228	22.19592	21.97461	20.73305	20.41601	20.15556	1.340949	2.969064	2.969459	2.664748	2.687431	3.018026	-1000	21.9532
588848900971364408	145.58177059	0.64713198	22.29371	21.21034	21.61492	19.64669	21.00022	-9999	0.08497506	2.969459	2.970076	18.01749	1.744998	-1000	21.26243
588848900971364413	145.58926303	0.64211228	22.70613	21.1002	21.57108	19.32983	24.8456	2.127372	0.8424387	2.969459	2.970076	2.933627	2.969321	-1000	22.82337
588848900971364460	145.69083676	0.74640661	26.29953	22.7227	21.69497	20.36051	19.51608	1.254526	2.969064	2.969459	2.970076	2.356563	1.75527	-1000	22.31061
588848900971364465	145.70083302	0.73386461	25.18842	24.54148	22.66744	21.95914	21.99922	0.1560891	0.2800451	2.969459	2.970076	1.960549	0.09303667	-1000	26.16691
588848900971364473	145.70267103	0.73970292	24.71985	24.75656	23.16073	21.67822	22.68759	1.101283	4.582732	2.969459	2.970076	2.96966	0.7946708	-1000	25.58434
588848900971364474	145.69602893	0.73512014	24.66568	23.93704	23.82873	21.61032	21.61778	2.362921	2.969064	2.969459	2.970076	2.96966	3.554984	-1000	23.19082
588848900971364475	145.6925479	0.73641819	26.69347	23.99891	22.69274	20.80515	22.96013	2.382025	2.969064	2.969459	2.970076	2.229825	18.01543	-1000	24.11358
588848900971364476	145.70009773	0.74702203	26.49751	23.89967	24.39413	21.15015	21.77386	0.9557006	2.969064	2.969459	2.970076	2.96966	0.1011962	-1000	23.24813
588848900971364555	145.6549008	0.63750527	25.32753	23.63928	22.258	21.60331	21.7165	0.6842194	2.969064	2.969459	1.390484	1.677477	3.511843	-1000	23.07957
588848900971364615	145.6777353	0.79690604	22.9853	20.97425	19.65038	19.07325	18.67849	0.9186678	4.582732	2.526257	1.866898	1.858482	2.017527	0.400126	20.88809
588848900971364709	145.5545369	0.82252769	25.64083	22.41773	20.88687	19.86606	19.38193	1.102857	11.30286	2.969459	2.136337	2.335272	3.050486	-1000	22.39105
588848900971364713	145.55696027	0.70811269	24.54811	22.77662	21.56213	21.19548	20.42659	0.6958809	2.969064	2.969459	1.847624	1.273979	1.379037	-1000	22.59435
588848900971364720	145.56036617	0.75701399	24.51012	22.73472	21.69655	21.51866	21.02132	1.079229	2.969064	2.969459	2.970076	2.863986	2.265659	-1000	22.41891
588848900971364724	145.56284064	0.81649457	23.72799	22.23525	21.25626	20.7304	20.47996	0.8536313	2.969064	2.969459	1.702718	1.709514	7.357596	-1000	21.9799
588848900971364726	145.56453598	0.77552277	24.49763	22.81996	22.53894	22.75758	21.46194	0.6250534	4.582732	2.969459	1.351888	1.062987	2.000767	-1000	22.80544
588848900971364733	145.56722771	0.75151573	23.71189	22.34085	20.73173	20.25546	19.51259	1.664539	2.969064	2.969459	2.970076	3.090022	3.051105	-1000	22.09763
588848900971364736	145.57026671	0.72484673	22.4175	22.14718	21.34749	20.86208	20.61388	0.8394777	43.7564	2.969459	2.292091	1.56674	1.293815	-1000	22.10187
588848900971364764	145.58947664	0.81353221	23.40663	21.85707	21.33356	21.14246	21.03635	1.088333	0.09760755	1.935059	2.358032	1.953657	4.583129	0.1808925	21.58678
588848900971364790	145.59687471	0.73159612	24.32836	22.59385	21.55612	21.30091	21.26627	0.8996989	4.582732	2.969459	1.92804	2.256191	2.477785	-1000	22.0669
588848900971364799	145.60251599	0.72843892	23.16332	21.7235	20.55245	19.91463	19.65562	1.146633	11.30286	2.969459	2.354375	1.922211	1.804646	-1000	21.58768
588848900971364801	145.60265126	0.80244873	24.34941	22.16529	21.79173	21.51139	21.10612	0.9130409	2.969064	1.596295	2.292454	2.249747	1.556034	0.2056578	22.58342
588848900971364835	145.6152169	0.77420119	21.79412	20.06666	19.4085	19.1223	19.0037	2.521806	11.30286	2.969459	6.210553	4.573576	4.948961	-1000	20.04317
588848900971364924	145.66345019	0.650246	24.02251	22.35764	20.9199	20.23111	19.65154	1.322268	2.969064	2.969459	2.970076	2.085468	2.315212	-1000	22.09099
588848900971364928	145.66588723	0.74283287	22.67431	22.6033	21.10366	20.64335	19.71911	1.344721	2.969064	1.244986	2.605586	1.652412	3.412715	0.1670049	22.67218
588848900971364931	145.66703706	0.80180301	22.28344	21.41244	20.56579	20.25586	20.18548	1.198856	4.582732	7.357935	2.56069	1.980385	11.30384	-1000	21.18499
588848900971364964	145.68726094	0.78029045	26.92972	21.84105	20.15422	19.43789	18.8435	1.926427	43.7564	2.969459	3.991325	3.316094	5.233395	-1000	21.78584
588848900971365034	145.57120403	0.74753332	23.02993	22.9692	21.31143	20.79939	19.96626	1.029852	2.969064	2.969459	1.984445	1.39229	1.705044	-1000	22.74604
588848900971365059	145.58902951	0.72777624	23.3989	23.28854	22.57197	22.07618	21.46592	0.5381132	91.28503	7.357935	1.050565	1.710781	1.056453	-1000	22.74723
588848900971365062	145.59020458	0.69072774	23.61732	23.69323	22.13181	21.65285	21.35591	0.7585675	2.969064	2.969459	2.107404	1.576531	0.9195672	-1000	22.79978
588848900971365063	145.59056331	0.787701	24.02075	22.82255	21.90317	21.7401	21.2825	0.6276196	1.07416	2.969459	2.027456	2.96966	11.30384	-1000	23.44162
588848900971365066	145.59405766	0.70030014	24.88166	23.78267	22.47707	20.49723	19.40232	0.6569476	2.969064	2.969459	1.152556	1.472944	1.472163	-1000	23.71722
588848900971365087	145.60592161	0.73222807	21.99361	22.22048	21.14008	20.67013	20.02658	1.861627	7.356958	2.969459	2.970076	2.329557	4.796806	-1000	22.83664
588848900971365095	145.60871788	0.69690189	25.88641	23.24486	21.54984	20.97301	20.68616	1.1803	2.969064	2.969459	2.545483	1.291779	1.18924	-1000	22.739
588848900971365106	145.61276592	0.70062989	25.05043	24.84993	21.74293	22.39674	21.61845	1.271779	11.30286	11.30436	2.970076	2.96966	1.148197	-1000	25.1184
588848900971365110	145.61304877	0.77645303	23.89529	24.34337	22.17065	21.24936	20.92098	0.7824262	4.582732	2.969459	2.970076	2.448246	2.674177	-1000	26.67288
588848900971365115	145.61873656	0.76382487	23.44109	22.91346	20.84134	20.0581	19.55055	1.566247	2.969064	2.969459	3.561333	2.911742	2.559586	-1000	23.5063
588848900971365130	145.62715646	0.7183449	23.34962	22.48138	20.6797	19.94694	19.37835	1.430588	2.969064	2.969459	3.642515	2.273641	2.672439	-1000	21.7831
588848900971365157	145.64467547	0.79164114	25.29218	25.38943	22.21438	21.74974	21.11119	0.6131032	0.1552534	2.969459	2.970076	1.611015	0.7044182	-1000	26.02828
588848900971365197	145.67455981	0.82073475	24.93949	23.25821	22.027	21.42843	20.52574	0.8051391	2.969064	7.357935	1.56332	1.544578	3.782448	-1000	22.71282
588848900971365200	145.67750252	0.83777722	23.2707	23.8099	21.92896	20.69438	19.88396	1.360417	2.969064	2.969459	2.970076	1.637335	1.795822	-1000	24.89394
588848900971365215	145.68785915	0.82789093	25.39434	23.00091	22.13974	21.68571	21.27947	0.7908663	4.582732	2.969459	1.710155	1.447505	2.692158	-1000	22.88322
588848900971365226	145.70049532	0.65367897	23.60907	24.16056	22.61917	23.27381	22.53312	0.6134943	2.969064	4.583341	1.160878	7.358435	2.969321	-1000	23.76873
588848900971365245	145.562094	0.69158721	24.29245	23.38803	22.96662	21.23237	21.05087	-9999	2.969064	7.357935	2.970076	1.904585	7.357596	-1000	23.41955
588848900971365253	145.57079637	0.76671351	24.09449	23.67791	22.83284	21.64169	20.83904	1.160043	0.7115549	2.969459	2.970076	1.256659	1.863624	-1000	22.56502
588848900971365321	145.6958601	0.83802097	25.59336	25.16607	23.13779	21.88445	21.93261	0.6052719	4.582732	2.969459	1.258096	1.753679	0.08707414	-1000	25.67028
588848900971365351	145.67413584	0.65408166	21.45966	24.07231	24.88202	25.99484	23.03057	0.9589831	2.969064	2.969459	2.970076	2.96966	2.969321	-1000	26.42044
588848900971429896	145.72732429	0.80923565	22.28725	21.9539	21.18623	20.02587	19.84585	1.518425	2.969262	2.968944	3.308687	4.028346	3.394288	-1000	21.99727
588848900971429923	145.74888311	0.74915438	22.60842	21.07358	20.61275	20.32394	20.10957	1.242374	2.969262	2.287582	2.446915	2.830148	3.207845	0.1765089	21.23053
588848900971429924	145.75188741	0.74452371	23.18018	24.86156	22.96118	21.86608	21.88112	1.321633	2.969262	4.582546	2.969935	2.047863	3.71798	-1000	24.5085
588848900971429938	145.7590825	0.82918058	25.08488	21.5524	21.29076	20.71419	21.73626	3.444379	18.01507	2.968944	18.01915	27.91639	0.6789365	-1000	21.52261
588848900971429951	145.7582048	0.63586755	24.17402	23.71196	23.37658	21.94435	21.23569	1.432782	0.7066545	0.7318888	2.969935	1.687213	1.273554	0.5770589	23.49475
588848900971429960	145.79425687	0.68135512	21.71156	19.54384	18.26028	17.7096	17.35116	1.286358	11.30361	2.94713	2.907762	2.846153	2.890074	0.1618746	19.70464
588848900971429987	145.8428646	0.68247282	24.84254	22.72453	21.87095	21.06481	20.18256	1.450943	7.357448	2.968944	2.969935	3.794044	2.620049	-1000	21.79319
588848900971430099	145.84749763	0.6757352	18.81183	16.96462	16.05597	15.59025	15.24195	2.709488	5.808163	6.347333	6.431937	6.105891	5.953269	1.109757	17.13738
588848900971430157	145.80151725	0.70556466	25.57	23.75576	21.86436	21.54502	20.64177	0.9466226	2.969262	4.582546	1.870548	1.728407	1.865225	-1000	23.55788
588848900971430187	145.8456498	0.66888806	22.16357	22.12594	21.23147	20.79987	22.15573	1.328502	2.969262	2.968944	2.731312	2.358991	0.9176354	-1000	22.52625
588848900971430200	145.77402364	0.73662347	23.71635	22.24234	20.80324	20.21763	19.81971	0.9839271	4.583037	2.968944	2.303853	2.049451	2.766872	-1000	22.3816
588848900971430224	145.71401682	0.65425495	21.90774	26.56357	25.59699	24.80608	23.94982	1.692451	0.9429562	2.968944	2.969935	2.969401	2.969867	-1000	25.92768
588848900971430244	145.80603434	0.63928205	24.13465	23.22299	22.04587	21.84813	21.56096	0.8007321	2.969262	2.968944	1.662838	1.41343	1.751466	-1000	22.9174
588848900971430271	145.84105267	0.65422897	21.66527	25.98993	25.22021	24.8424	21.78399	3.408593	4.583037	2.968944	2.969935	0.4365889	4.583971	-1000	24.76219
588848900971430289	145.70744027	0.72850962	23.19049	22.73494	22.22128	22.05241	22.40084	0.7784127	2.969262	2.968944	1.578062	1.209127	2.198949	-1000	22.51114
588848900971430291	145.70894145	0.77922273	21.4618	21.29037	20.37989	20.04246	19.39856	2.037335	2.969262	2.968944	2.969935	3.046559	2.58752	-1000	21.49681
588848900971430297	145.71362689	0.76258294	25.44231	22.5155	21.3149	20.20857	19.62308	0.9157302	0.263379	2.968944	1.949878	1.871162	1.907835	-1000	22.72581
588848900971430316	145.72374933	0.67606802	24.86208	22.67978	22.23875	21.81941	22.66328	0.7931256	4.583037	2.968944	2.969935	1.387377	2.969867	-1000	23.07475
588848900971430350	145.75316863	0.67943542	21.84629	20.83005	19.8473	19.29235	19.15418	1.893811	11.30361	2.968944	3.79278	3.669193	6.409338	-1000	20.93263
588848900971430363	145.76258109	0.83304117	23.11457	22.83329	23.20185	23.26365	21.61399	0.7527282	2.969262	2.968944	2.969935	0.09558155	0.9973176	-1000	23.50752
588848900971430403	145.79984621	0.64686127	22.9562	22.23605	20.64107	19.9871	19.56364	0.8695928	2.969262	1.698894	1.920422	1.566834	1.289648	0.649717	22.40944
588848900971430448	145.82405338	0.68133808	22.92389	21.80726	19.64182	19.01404	18.55235	1.442454	2.969262	2.968944	3.610545	2.980845	3.079651	-1000	22.73846
588848900971430532	145.72621704	0.67224909	23.35333	23.294	22.37843	21.79022	21.39156	0.4897111	2.969262	2.968944	0.9856532	1.821442	1.280259	-1000	23.16487
588848900971430564	145.75412453	0.82166015	23.13679	23.24615	22.24546	21.65309	21.68216	0.7875798	2.969262	2.968944	2.969935	1.511284	1.191174	-1000	23.78388
588848900971430571	145.75862188	0.70842912	23.46266	23.2596	22.11104	22.40827	21.35631	1.006867	4.583037	2.968944	2.969935	1.019699	1.38268	-1000	22.38281
588848900971430582	145.76451402	0.76438303	23.56076	22.54804	21.00209	20.46225	19.76194	1.395961	2.969262	2.968944	2.422981	2.070436	2.129043	-1000	22.31858
588848900971430603	145.78065749	0.70180218	24.73889	26.22898	21.92124	22.29617	22.40049	0.6612365	2.969262	2.968944	2.969935	1.029013	2.969867	-1000	25.77006
588848900971430617	145.79397278	0.75090025	24.39337	23.4171	21.68472	20.8454	20.27018	2.586863	2.969262	2.968944	2.969935	2.23987	2.825142	-1000	23.36769
588848900971430634	145.8049532	0.71478965	25.68299	22.82163	21.94984	21.5105	21.48858	0.95366	2.969262	2.968944	2.025895	2.52832	2.969867	-1000	23.84839
588848900971430638	145.80565855	0.80357887	23.85352	22.67739	21.56436	21.49384	20.96469	1.154983	7.357448	2.968944	2.489534	1.821129	2.852672	-1000	23.11825
588848900971430656	145.81631854	0.74658426	23.73283	23.26084	21.90492	21.96285	21.52447	1.259544	1.153321	11.3024	2.969935	2.969401	0.3721329	-1000	21.96554
588848900971430723	145.85050529	0.80017745	23.95601	23.59385	22.35307	22.31697	21.98032	0.7885452	2.969262	2.968944	2.969935	1.678136	0.8661007	-1000	24.00977
588848900971430786	145.76012185	0.83419152	21.93298	22.01112	20.2659	18.53459	26.26264	4.294034	2.969262	27.91209	27.92141	2.969401	27.92077	-1000	22.60454
588848900971430801	145.77208904	0.70231139	25.27088	22.95205	21.78458	20.68151	20.46013	1.705104	2.969262	7.356659	2.969935	2.969401	1.887298	-1000	22.19461
588848900971430891	145.81508512	0.73502154	26.0226	24.64898	21.75594	23.47325	22.69082	1.188712	2.969262	2.968944	2.168425	0.3251475	1.056711	-1000	22.41082
588848900971430895	145.71676534	0.81814145	23.2538	23.59579	22.48056	21.87918	21.16674	0.4912374	2.969262	2.968944	1.351361	2.207192	2.202863	-1000	25.58367
588848900971495442	145.86462128	0.66819822	22.3925	21.20252	19.93967	19.40369	18.96847	1.317207	2.968739	3.049505	2.84642	2.758926	2.460833	0.3513238	21.0111
588848900971495519	145.96774904	0.7261444	25.03614	22.47826	23.21939	22.52565	22.26972	1.858431	2.968739	2.968655	2.969973	0.7974001	2.969172	-1000	22.52272
588848900971495551	145.85777639	0.65063971	21.52413	19.45189	18.2714	17.73424	17.28074	1.601993	2.205575	3.16381	3.667913	3.151288	3.189092	0.3483893	19.61364
588848900971495598	145.93419596	0.68148617	21.99035	19.88202	18.76568	18.2892	17.92441	1.050276	2.968739	2.103756	2.334939	2.087873	2.181311	0.1662627	19.98216
588848900971495645	145.98710114	0.80609047	20.19533	18.99359	18.25773	17.79074	17.54022	1.24001	2.563901	2.418376	2.586142	2.599417	2.779428	0.09687033	19.10143
588848900971495648	145.99263222	0.78807233	18.69063	17.20336	16.40523	15.9594	15.61294	2.000771	4.285438	4.487586	4.324378	4.229624	4.21866	0.126684	17.12449
588848900971495739	145.88259023	0.77269466	22.11683	25.25877	24.24718	23.10812	22.50497	-9999	1.032319	4.5821	2.969973	2.969034	2.969172	-1000	25.28399
588848900971495749	145.88990747	0.65423846	21.97171	25.75515	25.02893	25.12552	24.08647	1.568879	1.303785	2.968655	4.584135	2.969034	4.582898	-1000	26.84203
588848900971495768	145.94002578	0.65789341	21.6367	25.63869	24.86857	24.2897	21.99036	2.839487	2.968739	4.5821	2.969973	4.582686	2.969172	-1000	26.18249
588848900971495809	145.8549574	0.75490616	22.04555	21.05925	20.42902	20.28029	20.29057	1.300875	1.164393	2.790618	2.510134	3.130459	1.478895	0.4155767	21.37764
588848900971495842	145.87570541	0.70851758	23.01246	22.35632	21.14108	21.26892	20.9346	0.869978	2.077185	2.968655	1.704884	1.597863	2.796265	-1000	22.32485
588848900971495868	145.89092209	0.77839063	24.92412	22.8651	21.1913	20.76746	20.1616	0.6905543	2.968739	2.968655	1.42571	4.561156	1.734239	-1000	22.83787
588848900971495873	145.89499033	0.75947549	23.42504	21.44299	20.38059	19.92513	19.47276	0.969586	2.968739	1.864534	2.016126	1.707406	2.595898	0.3021497	21.49549
588848900971495875	145.89524311	0.66041581	23.07611	22.51374	21.512	21.46136	21.08558	0.7301126	2.968739	2.968655	2.238413	2.353372	1.452968	-1000	23.42362
588848900971495919	145.92156423	0.66214111	21.94676	20.91829	20.22413	20.10488	20.55429	1.64673	7.356152	3.186198	3.599163	3.28412	3.213835	0.2451731	21.10572
588848900971495958	145.93998756	0.73274082	23.27042	22.44651	22.39782	21.78952	21.86459	0.8547317	4.58223	7.355945	2.969973	1.38682	0.6012735	-1000	22.43561
588848900971495986	145.95714968	0.79854268	22.33894	22.22951	21.32475	21.03675	20.84665	1.14943	2.968739	2.968655	2.871415	2.009228	4.14208	-1000	24.63717
588848900971496000	145.96653371	0.63250581	23.48481	21.55982	20.87651	20.41027	20.11768	0.8678284	2.968739	1.61349	1.920962	1.660455	2.699989	0.2947949	21.69709
588848900971496020	145.97663459	0.77693503	22.24191	21.4695	20.3136	19.91506	19.48968	0.9836617	2.968739	1.876872	1.849428	1.786316	18.01452	0.2533786	21.5134
588848900971496026	145.98191234	0.71580625	23.24596	22.68599	22.16153	22.66808	21.36303	0.6898175	4.58223	2.968655	1.514027	0.8587999	1.162236	-1000	23.24072
588848900971496062	145.99993255	0.73039135	22.68902	21.67165	20.45394	20.05989	19.43986	1.084496	7.356152	2.968655	2.256308	2.287934	1.781673	-1000	21.4782
588848900971496093	145.85418782	0.77963128	24.4425	23.87421	22.3002	22.00171	21.95398	0.7828231	2.968739	27.90938	1.190951	2.969034	2.969172	-1000	23.12312
588848900971496097	145.85660368	0.83268334	26.4845	22.96359	20.96161	20.19662	19.65801	1.266077	2.968739	2.968655	2.969973	2.988798	1.233974	-1000	23.54622
588848900971496105	145.86227261	0.7842261	25.52912	23.28753	22.08311	21.49062	20.84091	0.8037711	4.58223	4.5821	1.530073	2.982237	7.357225	-1000	22.89122
588848900971496121	145.87379567	0.81513082	25.01122	23.09007	21.68155	20.86206	20.45794	0.6741586	2.968739	7.355945	1.524877	2.953452	11.30327	-1000	22.64122
588848900971496126	145.87668609	0.81689544	24.7137	22.80042	22.05813	22.45503	22.66931	0.6243938	4.58223	2.968655	2.969973	0.08866538	4.582898	-1000	22.60569
588848900971496127	145.87766986	0.74647148	24.26003	24.05279	22.09023	22.56124	21.25258	1.561541	7.356152	7.355945	2.969973	2.969034	7.357225	-1000	23.52876
588848900971496146	145.89141228	0.76781497	24.52229	25.25462	22.51306	22.41263	21.77211	0.5549518	4.58223	0.279467	2.969973	2.969034	2.206561	1.390777	23.81026
588848900971496170	145.90270132	0.73487422	24.83573	25.66005	22.47519	25.09822	22.32262	0.4973847	0.08458248	2.968655	0.9670792	2.969034	0.6784801	-1000	25.56761
588848900971496175	145.90530746	0.68285302	24.76217	23.9895	22.3348	20.82226	19.87453	1.214256	2.968739	1.044554	4.584135	1.344449	1.417052	1.007211	26.23575
588848900971496179	145.90705921	0.76539541	23.31614	23.12542	21.60036	21.46024	22.02359	0.9593247	1.063514	2.968655	1.997797	1.727095	1.293311	-1000	22.42274
588848900971496224	145.92455533	0.81420419	23.43531	23.47748	22.67116	22.07995	22.17792	0.7606331	0.9734575	7.355945	1.312246	1.724952	0.7059568	-1000	23.0441
588848900971496227	145.92802231	0.68708887	22.85519	23.75563	22.33949	21.86428	21.71076	0.5998002	2.968739	2.968655	1.445861	3.252155	2.261629	-1000	25.43364
588848900971496248	145.94256611	0.78320254	23.7821	22.89201	21.01188	20.26036	19.6894	0.9398165	2.968739	1.830829	2.05828	2.024805	2.665326	0.3382164	24.07366
588848900971496251	145.94420984	0.63931232	25.25194	24.63224	22.80885	21.64084	21.68983	1.004383	2.968739	2.968655	2.969973	1.465453	2.168673	-1000	23.15613
588848900971496257	145.9471273	0.69917283	23.43975	23.37589	22.63304	22.07406	22.80597	0.5417981	1.992862	2.968655	1.213326	1.923043	1.119366	-1000	23.08592
588848900971496316	145.9802722	0.79006917	22.68822	22.61454	21.37314	20.85371	20.82393	1.282664	2.968739	2.968655	2.79241	2.84566	2.14568	-1000	23.13318
588848900971496321	145.98066973	0.64817473	22.53932	23.39566	21.99887	21.59438	20.98286	0.7677845	2.968739	2.968655	1.834792	3.098601	1.292188	-1000	23.18747
588848900971496339	145.99029672	0.70558525	24.92418	23.7673	22.34002	21.87376	20.97253	1.315483	0.6051238	2.968655	2.969973	1.667591	0.9291542	-1000	24.09661
588848900971496356	145.99592835	0.81791344	24.12393	23.51138	22.0564	20.72438	19.90502	1.167339	2.968739	7.355945	2.969973	2.143556	2.575629	-1000	22.83045
588848900971496369	146.00268431	0.65498546	25.47643	25.4198	22.55709	21.87557	21.19056	0.5391672	0.2569808	2.968655	1.322056	2.094011	0.7360755	-1000	24.95577
588848900971496408	145.88825845	0.76977179	25.85989	25.16081	24.97147	21.94926	21.16073	0.1818346	2.968739	2.968655	0.2569407	1.219138	2.20752	-1000	23.34884
588848900971496416	145.89410157	0.81736302	23.31204	23.03355	22.79865	21.53062	21.46612	1.434375	27.91017	2.968655	2.969973	1.570504	1.729938	-1000	22.97342
588848900971496421	145.90494029	0.64372349	22.68661	23.44934	22.98443	21.91423	21.62718	1.122446	27.91017	2.968655	2.969973	1.886936	2.969172	-1000	23.34988
588848900971496427	145.91231485	0.67093842	23.90892	24.16455	23.52097	22.15498	23.30212	1.219102	4.58223	43.75037	2.969973	1.030051	2.969172	-1000	23.67543
588848900971496442	145.93605747	0.63575004	23.35905	24.70983	23.14829	21.74852	21.56919	3.173773	2.968739	4.5821	4.584135	2.549209	2.405468	-1000	22.91674
588848900971496449	145.94922809	0.83885094	22.78268	22.73121	22.04325	21.1249	21.48898	0.8763103	0.8327986	7.355945	2.969973	3.150792	2.969172	-1000	22.72268
588848900971496468	145.98625991	0.71071351	24.02689	23.58426	23.49242	21.37199	20.48406	0.125587	2.968739	1.059308	2.969973	1.258756	1.631191	0.9786561	24.84723
588848900971496526	145.99811978	0.63758507	24.10617	24.987	23.10694	21.64069	21.24189	2.592016	2.968739	0.7489983	7.35921	2.211794	2.310048	0.3232995	27.00741
588848900971560992	146.01276927	0.73779773	26.40711	23.0252	21.32285	20.93586	20.8141	1.937988	2.969659	0.09654763	2.969686	3.253322	2.968729	0.04059484	22.86067
588848900971560995	146.01520658	0.73841753	23.64771	22.05767	22.1235	22.68489	21.18523	1.238369	4.58365	2.968987	2.208331	2.969397	2.968729	-1000	22.11603
588848900971561008	146.02726495	0.66055894	24.67936	22.55393	20.98037	20.23885	19.86612	0.825239	2.969659	2.968987	1.767709	3.098527	1.232614	-1000	22.47726
588848900971561018	146.02565824	0.66361182	23.01855	22.70399	22.45651	22.29609	21.36095	0.4963886	2.969659	2.968987	0.9727248	2.969397	1.991522	-1000	22.64101
588848900971561074	146.12042062	0.69740396	23.28671	24.86332	23.83853	19.72356	19.1605	6.302555	27.91881	2.968987	2.969686	7.414244	3.63708	-1000	22.79345
588848900971561080	146.12379275	0.69895728	24.35123	24.95249	23.00192	21.33744	23.97955	2.293391	2.969659	2.968987	2.969686	2.588673	0.7214063	-1000	24.16214
588848900971561107	146.14307728	0.77129758	23.6946	23.59479	22.18448	20.82981	20.45501	0.6845685	0.1012934	2.968987	1.415661	3.369021	1.16053	-1000	23.26397
588848900971561144	146.14774409	0.83008959	22.9994	21.22913	20.21454	19.40641	19.10994	1.024289	2.969659	2.863009	1.927715	2.425924	2.651932	0.8034235	21.12672
588848900971561146	146.14650441	0.82964162	23.1967	24.62218	22.87439	21.94763	21.77687	1.583678	1.023938	2.968987	7.3585	1.449075	1.737664	-1000	27.05353
588848900971561156	146.15237252	0.67361056	22.66413	22.26354	21.24619	21.22994	20.55661	0.7836315	2.969659	1.356017	1.55056	1.971408	1.562185	0.1738148	22.65929
588848900971561199	146.07955304	0.71491709	22.9023	22.03226	21.16343	20.76977	20.57225	0.9949949	2.969659	2.968987	2.092062	2.003251	3.20601	-1000	22.14458
588848900971561378	146.02599156	0.7829048	25.37866	23.23162	21.88252	21.29027	20.68126	1.241849	2.969659	2.968987	2.969686	1.894457	2.657846	-1000	22.63059
588848900971561414	146.10759672	0.65734384	23.54248	24.45714	23.48626	21.24922	20.93801	8.71519	2.969659	11.30256	11.30522	11.30412	2.099749	-1000	21.46749
588848900971561415	146.12126436	0.82089454	22.17088	22.39214	22.03529	21.97337	22.07395	0.5855118	11.30512	1.833803	1.098575	1.694547	11.30158	0.4500254	22.32716
588848900971561463	146.02421896	0.7703949	24.01903	22.63549	21.30898	20.67154	20.03007	0.8493283	7.358431	2.968987	1.650222	1.676009	3.729777	-1000	22.70314
588848900971561471	146.03290372	0.79075175	22.90177	22.55887	20.62843	19.91997	19.49427	1.027204	2.969659	2.968987	2.087362	2.153129	2.819442	-1000	23.40325
588848900971561501	146.04649136	0.68349165	23.48753	22.47206	21.91336	21.47005	20.71403	0.8942297	3.129739	2.968987	1.869823	1.957255	2.968729	-1000	22.20362
588848900971561581	146.0836512	0.76265333	25.54376	22.6585	22.33156	22.73901	22.78936	0.6152626	2.969659	2.968987	1.434824	2.969397	4.582215	-1000	22.73467
588848900971561591	146.08836421	0.69344074	25.65151	22.15276	21.27735	20.53409	20.19581	0.7862517	4.58365	2.030377	1.490145	2.260021	2.110557	0.4989872	22.06709
588848900971561592	146.08953729	0.65423915	25.67306	22.41292	21.31651	20.86281	20.3695	0.8719842	2.969659	2.968987	2.144884	1.663908	1.795393	-1000	22.05993
588848900971561621	146.10930583	0.75524027	25.10402	22.44658	20.81093	20.17388	19.68213	0.9588363	0.2833575	2.968987	1.939342	2.032431	1.585579	-1000	22.241
588848900971561625	146.11086486	0.75178642	25.37696	22.7426	21.24739	20.44336	20.13308	0.8015313	2.969659	2.968987	1.61482	1.501302	3.342991	-1000	22.44809
588848900971561631	146.1142312	0.70733533	24.24357	21.37975	20.60151	20.18969	20.06445	0.9262184	11.30512	2.447421	1.934782	1.741045	3.255309	0.6587057	21.3497
588848900971561645	146.12035693	0.81785328	22.46785	22.35806	21.47805	21.44246	21.32516	0.8628123	2.969659	2.968987	1.938219	1.009582	0.8159507	-1000	22.94135
588848900971561662	146.13105101	0.70042175	25.6971	23.49421	21.64226	20.65093	20.08169	1.142239	2.969659	2.968987	2.382879	1.680879	1.414048	-1000	23.59822
588848900971561670	146.1263329	0.73422388	25.57515	22.62738	21.46545	20.80412	20.2753	0.8756807	2.969659	2.968987	1.675179	1.608455	2.025872	-1000	22.92409
588848900971561682	146.13650438	0.72382452	23.45405	22.63252	21.3047	20.90305	20.86259	0.8384794	2.969659	2.968987	1.766794	1.86446	1.778615	-1000	22.51253
588848900971561685	146.14158791	0.81464944	23.05544	21.19841	20.1501	19.6531	19.34189	1.47712	2.969659	2.968987	3.32228	2.957408	3.922678	-1000	21.16621
588848900971561686	146.14191986	0.72039681	22.62646	21.96405	21.21845	20.86601	20.27196	0.9308499	1.405419	2.209674	2.077282	2.540915	1.363107	0.3708955	22.06082
588848900971561705	146.14843967	0.77540513	22.7266	23.2028	22.40873	21.8431	22.14643	0.7810805	2.969659	2.968987	2.969686	2.969397	0.03099231	-1000	22.91773
588848900971561735	146.00616088	0.79054097	24.86357	23.89256	21.87879	22.1973	21.50121	0.9583981	2.969659	2.968987	2.088721	1.904962	4.582215	-1000	23.64283
588848900971561756	146.01914292	0.75025331	23.30806	24.53889	22.78126	21.84489	21.38974	0.212831	11.30512	2.968987	2.969686	1.460879	1.51318	-1000	24.31029
588848900971561764	146.02498648	0.69656002	25.53965	23.44392	21.87249	21.23802	20.71856	0.814046	4.58365	2.968987	1.734087	1.735082	1.964948	-1000	23.32777
588848900971561779	146.03214067	0.76176241	23.38405	23.16023	21.23837	20.78331	20.2725	0.8580049	2.969659	2.968987	1.732871	1.701935	2.284966	-1000	22.91128
588848900971561783	146.0346865	0.69778316	24.37322	22.75055	21.16126	20.12458	19.54185	1.140668	2.969659	2.968987	2.787214	2.308055	4.245238	-1000	24.59367
588848900971561798	146.04539685	0.685483	21.90222	23.47188	20.66338	19.77164	19.44019	1.929891	7.358431	2.968987	2.969686	3.457483	3.346518	-1000	24.88618
588848900971561808	146.04929922	0.83834928	24.30711	23.25554	21.06472	20.48181	20.00455	0.9703536	2.969659	2.968987	2.147534	1.673265	3.804825	-1000	24.86115
588848900971561810	146.05025946	0.71053896	24.47225	23.16829	21.84418	21.85979	21.23095	1.209277	2.969659	2.968987	2.969686	1.204085	1.390058	-1000	23.52388
588848900971561813	146.0523302	0.76283111	23.72493	23.88122	22.02236	21.4856	21.74722	0.7943313	4.58365	2.968987	2.044167	2.087591	1.749867	-1000	23.89035
588848900971561821	146.05676625	0.64948886	24.60357	24.45575	22.04119	20.88217	20.0581	1.086145	0.2824821	4.582613	2.969686	1.94221	1.736265	-1000	25.27111
588848900971561897	146.09328775	0.82734048	24.94196	23.48291	21.69802	20.92141	20.26998	0.7452115	2.969659	2.968987	1.487174	1.757981	1.096424	-1000	23.3686
588848900971561942	146.10988712	0.78360813	25.00233	23.41524	21.53228	20.82257	20.62776	0.804328	2.969659	2.968987	1.65222	1.763669	2.142094	-1000	23.62733
588848900971561973	146.12915362	0.7339638	23.78514	23.64133	22.36653	21.62483	21.75155	0.8287371	4.58365	2.968987	2.969686	1.831057	0.7326448	-1000	23.42659
588848900971561988	146.13653233	0.66233282	24.79457	23.45164	22.19602	21.78482	21.98439	1.046438	2.969659	2.968987	4.583692	1.485291	0.6605412	-1000	23.06242
588848900971562010	146.14782962	0.68550067	24.06093	23.65241	22.17013	22.15326	21.85861	0.5165615	2.969659	2.968987	0.9460332	1.009859	2.968729	-1000	24.94102
588848900971562014	146.15072387	0.82582664	23.57017	23.72098	22.09999	21.91355	21.29498	0.5827672	0.4634095	2.968987	1.561514	2.969397	1.949683	-1000	24.56982
588848900971562038	146.00954373	0.74969995	24.26846	24.44625	23.24306	21.67724	21.98479	0.5469133	0.2988371	2.968987	2.969686	1.787495	2.968729	-1000	29.47461
588848900971562087	146.06058197	0.63659432	25.33353	24.11904	22.89515	21.87321	21.26115	0.7245455	2.969659	2.968987	1.304842	1.27348	2.286619	-1000	24.01356
588848900971562119	146.10137476	0.63850804	23.52251	23.69242	22.62855	21.89747	21.22009	0.7282203	1.098903	2.968987	2.969686	1.209009	1.398247	-1000	23.71935
588848900971562122	146.10966003	0.70340711	23.83079	23.47847	23.24275	21.95667	21.22418	1.120385	2.969659	2.968987	2.969686	1.98033	1.903718	-1000	23.00266
588848900971562128	146.11307307	0.83215316	25.41185	23.71287	22.67362	21.7297	22.10081	1.11483	4.58365	2.968987	2.969686	2.212665	0.6845767	-1000	24.02211
588848900971562136	146.12157744	0.68283284	25.01038	23.92604	22.78099	21.90079	22.46117	1.848539	2.969659	2.968987	2.969686	2.969397	4.582215	-1000	23.11976
588848900971562139	146.12047371	0.7409834	23.52373	24.64223	23.71204	21.93691	21.63032	2.111211	2.969659	2.968987	2.969686	1.713781	1.042314	-1000	23.9731
588848900971562155	146.1483254	0.798757	24.96832	24.37097	22.91647	21.62496	21.74025	-9999	2.969659	2.968987	2.969686	2.969397	4.582215	-1000	27.4903
588848900971562163	146.02205885	0.63750782	24.76595	25.73139	24.60793	22.43599	20.37497	2.305609	4.58365	4.582613	2.969686	1.105853	1.344406	-1000	25.7122
588848900971562172	146.07246363	0.80690343	26.55047	26.71362	25.05256	23.43442	19.73169	-9999	2.969659	2.968987	2.969686	2.969397	7.356129	-1000	23.5041
588848900971562186	146.04841987	0.63536291	22.76361	23.83178	22.05393	22.97172	20.71683	0.9779375	7.358431	2.968987	2.969686	2.969397	1.314177	-1000	23.41669
588848900971562192	146.07989268	0.75224058	23.63424	23.31309	22.30164	22.02035	23.22296	1.190275	2.969659	2.968987	2.969686	1.795529	2.968729	-1000	25.56695
588848900971626513	146.16001523	0.68294701	26.69426	23.80134	22.38299	20.78579	22.77018	1.55576	2.969635	2.969482	2.969968	2.279827	27.91366	-1000	23.77057
588848900971626532	146.1626552	0.80504127	24.86954	24.22565	22.76526	21.39107	20.79155	0.3523846	2.969635	2.969482	0.7604544	1.86445	1.432391	-1000	23.95155
588848900971626556	146.1895405	0.6892616	23.81796	24.02014	21.80191	20.87494	20.50516	0.6691864	2.969635	2.969482	1.210709	1.945454	2.917325	-1000	23.69562
588848900971626574	146.21223016	0.83865576	25.90058	21.02609	21.10636	19.20269	19.42592	-9999	2.969635	27.91715	27.92172	27.91658	2.969111	-1000	20.59809
588848900971626612	146.25694128	0.71720415	22.2205	20.69455	19.94678	19.18995	19.04998	1.347533	18.01734	4.255972	3.23094	3.94693	3.714695	4.217831	20.29539
588848900971626636	146.28357655	0.75078135	23.9868	22.12145	22.49215	21.16244	22.49631	1.516925	2.969635	2.969482	2.969968	5.82663	4.582804	-1000	22.17221
588848900971626638	146.29331765	0.74794012	25.75815	22.49578	23.3949	24.53418	24.22405	1.230233	2.969635	2.969482	2.969968	2.969421	2.969111	-1000	22.56565
588848900971626644	146.28323415	0.74147452	26.20018	24.08504	22.09918	21.93883	21.07717	1.402028	0.2905645	2.969482	2.969968	2.969421	2.969111	-1000	23.51087
588848900971626752	146.21384361	0.70773915	22.56956	22.67778	21.77781	21.70935	21.39216	0.75359	4.583613	2.969482	1.604765	1.922083	2.834682	-1000	22.86057
588848900971626768	146.27890617	0.71547396	22.2569	20.46485	18.74301	18.08903	17.66896	1.231608	18.01734	2.909059	2.691244	2.757096	2.293208	0.5748788	20.42258
588848900971626896	146.17574399	0.67618745	22.29154	21.41228	20.86848	20.79824	21.15865	1.024904	2.969635	2.173137	2.379161	1.879399	1.035907	0.205374	21.683
588848900971626920	146.18798277	0.69840072	25.03538	24.56715	22.74124	21.83068	21.005	0.439261	4.583613	2.969482	1.146421	2.131927	2.587694	-1000	25.1605
588848900971626926	146.19112629	0.70622376	23.01095	21.97217	20.83062	20.23857	20.60431	0.9386244	7.358374	11.30445	1.844714	2.269756	2.985324	-1000	21.83891
588848900971626937	146.19222323	0.81002996	23.35181	21.93096	20.57122	20.01783	20.03114	1.621451	2.969635	2.969482	2.969968	2.83386	11.30303	-1000	21.77257
588848900971626979	146.21085109	0.65854871	25.14986	22.54335	21.5515	21.40911	21.68946	0.7920595	2.969635	0.7908748	1.370795	0.9796464	1.083524	0.04750315	22.35595
588848900971627010	146.22562892	0.63094754	23.56465	22.79124	21.87078	21.53406	21.23734	0.7013177	27.91859	2.969482	1.751162	1.74207	0.9520262	-1000	23.08325
588848900971627032	146.24402212	0.75174716	25.11522	22.4394	21.70833	21.2074	20.62499	0.931814	0.2497279	1.13557	1.958856	2.535302	2.02187	0.15402	22.60605
588848900971627053	146.26748194	0.71975676	23.94296	23.00507	22.74307	22.68733	22.46934	-9999	2.969635	2.969482	2.969968	1.697585	0.3712961	-1000	23.10561
588848900971627059	146.27326969	0.68391913	24.78018	22.86432	21.53533	21.43821	20.91677	0.896818	2.969635	2.969482	2.326998	1.641818	4.582804	-1000	24.23638
588848900971627086	146.29219683	0.78937525	23.01523	22.14411	21.41349	21.1719	21.39618	0.7733055	2.969635	2.969482	1.622303	1.984649	2.969111	-1000	22.15335
588848900971627139	146.16969651	0.81856979	24.32583	22.81674	21.64671	21.084	20.92244	1.154088	2.969635	2.969482	2.314192	1.775127	2.969111	-1000	22.75875
588848900971627166	146.18412302	0.73046695	23.77876	23.00058	22.27374	21.71154	21.88674	0.5840412	4.583613	7.357994	2.969968	1.637824	1.69153	-1000	22.63012
588848900971627173	146.1853822	0.63833407	24.49761	23.5897	22.38043	22.13961	22.97331	0.5896462	0.1008177	2.969482	1.219749	1.141727	0.3069375	-1000	23.78219
588848900971627175	146.18627915	0.6461587	24.15406	24.59264	22.51633	21.27979	20.56032	0.7090219	0.34363	2.969482	1.5464	1.388907	1.744462	-1000	23.52255
588848900971627200	146.1991734	0.73211154	23.20741	22.88804	22.04384	21.89133	21.59335	0.9907878	27.91859	27.91715	2.969968	2.969421	1.033793	-1000	21.91275
588848900971627208	146.20143683	0.7974528	24.54238	22.94467	21.7429	21.30859	21.10021	1.065347	4.583613	2.969482	2.059148	2.040855	1.157176	-1000	22.75789
588848900971627210	146.20278219	0.73601313	24.7946	23.82359	22.33941	21.90022	21.42675	0.6237464	2.969635	2.969482	1.181167	2.663803	1.359347	-1000	24.28712
588848900971627213	146.20340912	0.68277025	24.02903	24.17762	22.38354	22.2083	21.35643	0.620958	2.969635	2.969482	2.969968	1.78692	2.969111	-1000	22.54631
588848900971627230	146.21000605	0.63302397	23.15583	22.31775	21.64075	20.80599	21.11931	1.834955	2.969635	2.969482	7.359198	2.401437	1.9387	-1000	21.8838
588848900971627248	146.22459803	0.82600323	24.4577	23.55305	21.96325	21.54171	21.1127	0.8159838	2.969635	2.969482	1.645825	1.741022	7.357073	-1000	24.63619
588848900971627254	146.2292356	0.75443779	26.54241	22.10288	20.70243	19.60337	19.20001	2.383489	0.3181592	2.969482	2.969968	2.969421	2.969111	-1000	21.48555
588848900971627259	146.2340734	0.73534243	24.89257	25.28627	22.40338	24.74448	22.04481	3.372576	11.30503	11.30445	2.969968	2.969421	11.30303	-1000	23.81872
588848900971627280	146.24981402	0.83275348	23.39594	23.22174	21.72019	22.45644	21.25499	1.173805	4.583613	2.969482	2.969968	2.969421	1.49761	-1000	23.81548
588848900971627302	146.26627057	0.66221541	23.44623	23.21664	21.53541	20.66151	19.86061	1.358612	4.583613	2.969482	2.969968	1.375366	2.845404	-1000	23.08358
588848900971627315	146.2717738	0.6454921	25.98302	24.36156	22.06691	21.78211	20.93364	0.7102301	2.969635	2.969482	1.42913	1.325591	0.9843323	-1000	25.29811
588848900971627316	146.27178146	0.66632405	27.54497	27.91621	20.58078	22.71866	21.03544	0.4676344	43.76481	2.969482	0.9408382	2.969421	2.969111	-1000	25.37624
588848900971627352	146.29091419	0.79354292	22.73313	22.55482	21.2185	20.79147	20.48629	1.579743	2.969635	2.969482	2.969968	3.07612	1.820861	-1000	25.48977
588848900971627386	146.16333111	0.67009865	24.32717	23.1034	22.70303	21.75229	21.16071	0.4784504	4.583613	2.969482	2.969968	2.969421	2.852313	-1000	22.73478
588848900971627387	146.16366776	0.65220688	24.28512	24.84031	22.79879	21.81527	21.41221	1.117506	4.583613	2.969482	2.969968	1.403389	1.225342	-1000	24.06384
588848900971627390	146.16628703	0.71029068	25.48052	24.04463	20.88103	19.20002	20.16423	-9999	0.2443206	2.969482	27.92172	27.91658	2.969111	-1000	29.53512
588848900971627394	146.16943158	0.67285762	26.16533	23.48327	22.17998	20.49471	19.83013	1.691169	0.2601302	2.969482	7.359198	3.216049	2.696131	-1000	23.56677
588848900971627401	146.17956699	0.6434131	24.32247	24.07988	22.85856	21.58364	21.41213	0.5275418	4.583613	4.583377	1.038241	1.290678	11.30303	-1000	23.05809
588848900971627464	146.28068508	0.70111429	25.9144	23.7034	23.32762	21.6661	21.33598	1.445814	2.969635	2.969482	2.969968	1.77059	1.075289	-1000	25.03423
588848900971627474	146.29596995	0.67963019	24.35065	24.59941	23.81734	22.10948	22.17213	1.106516	0.02087466	2.969482	2.969968	2.969421	1.123933	-1000	25.88406
588848900971627512	146.250345	0.72627112	25.224	22.26846	21.70495	22.17814	21.14942	1.298466	0.2943552	2.969482	2.969968	0.09161071	0.09159072	-1000	22.32162
588848900971627519	146.21461243	0.80752955	25.3927	24.05853	22.22572	22.1779	21.3346	0.8884029	2.969635	2.969482	2.969968	2.969421	0.5716775	-1000	23.50928
588848900971627528	146.17209181	0.63758843	24.15132	25.33462	22.58338	21.80121	21.91674	1.432406	4.583613	2.969482	1.518135	2.969421	4.582804	-1000	24.3796
588848900971627537	146.26467764	0.78497926	26.47609	23.85134	23.34684	21.84217	21.7851	0.8475205	2.969635	2.969482	2.969968	1.876506	0.7210296	-1000	24.03174
588848900971627539	146.23796443	0.79664582	23.07194	23.35186	27.03121	25.00216	19.85069	-9999	7.358374	2.969482	2.969968	2.969421	7.357073	-1000	21.90815
588848900971692060	146.33852847	0.64965189	23.42845	23.31136	23.19056	21.52878	21.18161	0.7639909	0.1027279	2.969244	2.969987	2.291891	1.924181	-1000	23.65977
588848900971692080	146.37115186	0.78766227	23.16047	25.51751	22.1872	21.13232	24.08	1.388921	4.583065	2.969244	2.969987	3.330521	2.969163	-1000	25.26467
588848900971692115	146.4482626	0.82354327	22.81	20.10891	18.86284	24.35885	18.03932	1.315357	1.072107	1.378873	6.595912	2.969802	1.375475	0.07922928	19.95649
588848900971692130	146.44684901	0.82540146	24.65698	24.63758	22.39757	22.64356	22.64695	1.113343	2.96928	2.969244	2.969987	2.969802	4.582884	-1000	23.82644
588848900971692132	146.44213177	0.82306862	26.36129	25.32538	23.11366	21.72331	21.42924	1.76318	2.96928	2.969244	2.969987	2.495784	1.414604	-1000	25.68063
588848900971692135	146.4414663	0.81280222	25.82542	25.84242	22.67943	21.64607	21.92587	1.540735	0.7095283	2.969244	2.969987	2.969802	2.969163	-1000	25.98887
588848900971692344	146.39274634	0.79398385	21.72274	24.69752	24.47944	25.56755	22.3087	0.3872704	2.96928	2.969244	2.969987	7.358787	1.447016	-1000	25.36336
588848900971692366	146.3045614	0.64164657	23.07854	21.99791	20.97683	20.75841	20.70261	1.129928	2.96928	2.969244	2.599436	2.910337	2.207567	-1000	22.04758
588848900971692413	146.33714467	0.66613963	23.51958	22.35939	21.27287	21.17042	20.37912	1.002389	4.583065	2.969244	3.04175	2.806637	1.981183	-1000	22.84741
588848900971692439	146.35591469	0.71743391	23.07259	22.51583	21.73506	21.34595	21.18891	0.8616019	1.228408	2.969244	1.693102	1.567553	2.058908	-1000	22.5197
588848900971692447	146.36938812	0.68312369	21.96421	20.54078	19.26216	18.68682	18.22542	1.757307	258.3274	2.969244	3.929358	3.516119	2.792576	-1000	20.46894
588848900971692456	146.38261446	0.64095155	23.78435	22.5218	21.29914	20.54106	20.11873	1.177097	2.96928	2.969244	2.358722	1.772585	1.854213	-1000	22.74903
588848900971692514	146.41731999	0.64714127	24.6142	22.62209	21.20077	20.39184	19.95291	0.9954612	7.357492	2.969244	2.337042	1.497087	1.332176	-1000	22.54046
588848900971692592	146.32766124	0.78163237	23.55531	22.96932	21.11619	20.30582	19.7901	0.9384963	0.7353318	2.969244	2.131538	1.883528	1.532627	-1000	23.28217
588848900971692600	146.33039873	0.63023912	24.83676	23.89204	22.57938	21.13678	20.7218	0.8929535	2.96928	1.04558	2.969987	1.994701	1.560408	0.3635499	26.35927
588848900971692617	146.34390193	0.82119276	23.27559	23.65002	21.95618	21.50653	20.87158	1.294228	0.4335014	2.969244	2.969987	1.664796	4.582884	-1000	24.08149
588848900971692641	146.35688959	0.63452306	24.82565	24.35418	22.07924	20.9309	20.43103	2.86662	2.96928	2.969244	2.969987	1.936338	3.034862	-1000	27.25682
588848900971692671	146.37839536	0.75697882	25.78445	22.22305	20.82219	20.41434	19.18446	2.924643	2.96928	2.969244	11.30637	2.969802	68.28819	-1000	21.75674
588848900971692680	146.38553274	0.6910489	23.49418	25.13183	22.20214	22.15933	21.41032	0.9122105	7.357492	2.969244	2.969987	0.8792058	1.333583	-1000	24.85384
588848900971692684	146.38700724	0.72883442	24.46833	24.68765	22.59574	21.86692	22.15054	0.6119847	4.583065	18.01497	1.422851	1.899517	7.357203	-1000	23.80553
588848900971692690	146.38918861	0.66143495	22.97821	23.51108	21.93349	21.49468	21.28342	0.5995623	2.96928	2.969244	1.250737	3.486784	0.8943676	-1000	23.60227
588848900971692703	146.3978155	0.83384389	25.65332	24.11272	22.2637	21.76542	20.85364	0.5052137	0.29208	2.969244	0.9460307	1.145854	0.9593051	-1000	24.82719
588848900971692705	146.39832376	0.73629121	24.37953	23.05891	21.87512	20.98857	21.11972	1.885737	1.130153	2.969244	7.359245	2.969802	1.028476	-1000	23.0992
588848900971692758	146.42344183	0.75205959	24.05091	23.83983	22.17687	21.23289	20.8513	0.7635335	2.96928	4.58301	1.739376	1.793189	2.969163	-1000	23.10686
588848900971692772	146.43137795	0.7002857	19.87815	19.11673	18.61599	18.5443	18.69366	1.287351	43.75957	68.29006	2.035446	2.969802	0.9538548	-1000	22.12227
588848900971692799	146.44042966	0.69238103	24.03925	23.99476	22.47653	22.5374	21.48704	0.6794745	2.96928	4.58301	1.454366	1.209275	4.582884	-1000	24.48339
588848900971692801	146.44279073	0.69400431	25.39319	23.65393	22.52237	22.43941	21.885	0.5701235	2.96928	2.969244	1.438503	0.9769644	4.582884	-1000	22.85181
588848900971692808	146.44611636	0.73486265	24.20791	25.3498	21.02383	23.57229	21.21686	2.754778	0.2828746	2.969244	11.30637	11.30567	11.30323	-1000	22.18461
588848900971692809	146.44680801	0.73999701	22.55865	22.93781	21.00416	20.71109	20.36098	1.753153	0.09550357	2.969244	2.969987	7.358787	1.29922	-1000	23.40901
588848900971692865	146.35595972	0.76569099	25.31402	24.42298	24.3274	21.81887	21.71418	2.288868	2.96928	2.969244	2.969987	1.420928	2.914287	-1000	23.37478
588848900971692866	146.35755532	0.73267876	23.28645	23.43755	23.04894	21.36753	21.1191	3.182193	2.96928	2.969244	4.584157	2.552901	2.969163	-1000	23.08594
588848900971692887	146.38484214	0.69969226	25.73551	25.00196	23.14327	21.51754	20.77433	-9999	2.96928	2.969244	0.9169945	2.099986	1.161438	-1000	27.67842