587729149846946422	151.62630918	-2.66961327	25.10452	22.9626	21.94155	21.9743	22.03323	0.9158175	4.583497	18.01906	2.970021	2.969773	2.969635	-1000	22.69199
588848900971299300	145.47396353	0.81066028	23.6384	22.40554	21.16771	21.13859	20.37821	0.8738989	2.968804	2.969576	2.042646	1.916619	4.011299	-1000	22.3641
588848900971299308	145.48732793	0.83874022	25.00475	22.17033	21.85803	21.77179	20.76063	0.8287382	2.968804	1.665744	2.071187	2.031774	2.084585	0.36011	22.33257
588848900971299337	145.50248673	0.6850397	23.12434	22.35061	21.52618	21.37423	20.84799	0.984571	7.356313	2.969576	2.188154	2.969343	1.882568	-1000	22.03525
588848900971299342	145.50483128	0.744911	24.33281	22.2664	20.50923	19.80633	19.26615	1.113954	2.968804	2.969576	2.362977	2.874777	1.789402	-1000	22.22692
588848900971299350	145.5143508	0.68687631	23.19359	22.99587	22.2925	21.61912	21.36742	0.6961861	2.968804	2.969576	1.529548	2.348137	1.34965	-1000	23.12359
588848900971299356	145.51799506	0.67523221	23.26456	21.0423	20.2163	19.69322	19.39753	1.660326	7.356313	2.969576	7.358338	4.063219	4.521453	-1000	20.63875
588848900971299377	145.53675221	0.65398933	22.52655	21.43119	20.20559	19.72333	19.29918	0.9955355	7.356313	2.023339	2.427963	1.916594	2.06026	0.2268728	21.48598
588848900971299437	145.43358366	0.73613774	22.94193	23.19376	21.45741	20.9148	21.01748	1.165606	2.968804	2.969576	2.947588	1.802843	4.583	-1000	25.26424
588848900971299457	145.45012326	0.73053137	22.90536	23.98158	21.3965	20.62963	20.24568	1.10416	2.968804	2.969576	2.969621	2.061475	3.192441	-1000	22.9837
588848900971299468	145.45970527	0.72406524	23.14553	22.74228	21.45251	21.31032	22.33839	1.384583	2.968804	2.969576	2.319239	1.66054	1.058813	-1000	23.08322
588848900971299480	145.47293183	0.77607968	23.40898	23.58242	21.87377	21.78275	21.27834	1.027326	2.968804	2.969576	2.969621	0.9969741	1.342914	-1000	23.41748
588848900971299504	145.50057313	0.83645179	24.62429	23.49146	22.20247	21.3064	20.89618	1.050742	0.727711	2.969576	2.969621	1.776134	1.523224	-1000	23.41769
588848900971299518	145.50792625	0.69715671	22.95144	22.78126	21.57048	21.57692	21.64524	1.767604	18.01229	2.969576	2.969621	2.969343	1.510867	-1000	22.58522
588848900971299531	145.52070698	0.78911291	23.78153	22.84196	22.02591	21.99368	22.67419	0.7085745	2.968804	2.969576	1.220088	2.969343	4.583	-1000	22.92706
588848900971299553	145.5328557	0.73742912	24.62729	23.24893	22.05316	22.11275	21.03881	0.7109339	4.58233	2.969576	1.233709	2.108019	2.010997	-1000	22.95362
588848900971299566	145.54302418	0.63885935	24.61051	23.07082	22.10776	21.80989	23.80116	0.8741475	2.968804	2.969576	1.852828	1.796201	2.969238	-1000	23.67639
588848900971299567	145.54297077	0.64004697	23.67996	25.46742	21.22198	20.76998	19.85866	2.534539	2.968804	7.358226	7.358338	1.733749	3.945348	-1000	25.55144
588848900971299640	145.46345391	0.83713388	24.8927	24.59227	23.48481	21.70219	20.42393	0.1145385	7.356313	7.358226	1.764858	1.891248	4.011331	-1000	23.39035
588848900971299646	145.47416113	0.78370125	23.05705	23.6121	23.23626	21.82742	22.66916	4.013178	1.290474	2.969576	1.199004	2.699659	4.583	-1000	23.40557
588848900971299652	145.48800841	0.67818894	26.01052	23.82951	22.64185	21.73419	21.78361	0.5434768	2.968804	2.969576	1.143132	1.081273	2.969238	-1000	25.0126
588848900971299680	145.53201631	0.81672704	24.57616	23.29006	23.1687	21.60308	20.86428	0.5870591	2.968804	43.76394	2.969621	1.834718	1.584244	-1000	23.27269
588848900971299703	145.44549581	0.70630121	24.80466	25.62421	24.85816	25.02594	20.39314	-9999	2.968804	18.01698	18.01725	2.969343	1.823119	-1000	26.06666
588848900971299709	145.49055033	0.80136181	26.53163	23.94172	25.50469	24.3976	20.15329	1.856273	4.58233	2.969576	2.969621	2.969343	1.310937	-1000	24.6795
588848900971299723	145.47595875	0.78119114	21.64759	28.21952	23.26104	20.63152	18.62963	-9999	11.30187	2.969576	2.969621	2.969343	11.30352	-1000	27.92275
588848900971299726	145.44521806	0.69646292	24.72834	22.70134	23.66689	22.47592	19.57861	-9999	2.968804	11.3048	2.969621	0.6252651	11.30352	-1000	22.543
588848900971364376	145.5574712	0.6850653	25.72916	23.85087	23.43077	21.3915	22.93071	1.76981	4.582732	2.969459	2.970076	2.664793	0.9943619	-1000	23.74727
588848900971364412	145.58176753	0.64193866	24.39982	23.8082	22.83928	21.21126	22.59561	1.403028	0.09924965	2.969459	2.970076	2.91156	7.357596	-1000	23.77801
588848900971364423	145.61149189	0.78861921	23.39388	22.89024	22.16545	21.6372	23.10297	1.031578	2.969064	2.969459	2.970076	3.621594	7.357596	-1000	22.50988
588848900971364452	145.67701057	0.66111244	24.97617	23.23387	21.71149	20.6847	19.97879	1.784534	0.3036712	2.969459	3.511609	2.627892	2.305961	-1000	22.31137
588848900971364457	145.68675872	0.74310207	19.23189	18.09471	16.30136	16.07232	16.0961	1.000265	1.567386	1.609936	2.192239	1.760194	1.478637	0.8115393	18.38623
588848900971364460	145.69083676	0.74640661	26.29953	22.7227	21.69497	20.36051	19.51608	1.254526	2.969064	2.969459	2.970076	2.356563	1.75527	-1000	22.31061
588848900971364470	145.69269849	0.7457748	25.97525	23.42711	22.07155	21.31724	21.51217	1.575582	2.969064	2.969459	2.970076	3.214091	2.969321	-1000	23.05847
588848900971364473	145.70267103	0.73970292	24.71985	24.75656	23.16073	21.67822	22.68759	1.101283	4.582732	2.969459	2.970076	2.96966	0.7946708	-1000	25.58434
588848900971364475	145.6925479	0.73641819	26.69347	23.99891	22.69274	20.80515	22.96013	2.382025	2.969064	2.969459	2.970076	2.229825	18.01543	-1000	24.11358
588848900971364601	145.63008326	0.77823683	21.40298	19.89956	18.892	18.41466	18.06154	1.479998	2.969064	3.380183	3.042495	2.913921	2.657029	0.2039475	19.79557
588848900971364621	145.68771382	0.68503635	22.23884	21.17876	19.9314	19.43396	19.11503	1.235848	2.969064	2.938628	2.572412	2.751471	3.344766	0.4003254	21.07422
588848900971364672	145.61093269	0.7320581	21.92033	24.83677	24.75078	24.12538	22.76368	-9999	4.582732	2.969459	2.970076	4.583652	4.583129	-1000	26.06153
588848900971364711	145.5558064	0.6328828	23.5695	22.87543	22.75389	23.02363	23.09759	-9999	2.969064	7.357935	2.970076	2.96966	2.969321	-1000	22.37074
588848900971364712	145.556471	0.79532496	22.15174	20.7347	19.83015	19.28635	18.93833	1.333579	2.969064	2.793614	2.820312	2.53767	2.70762	0.2701123	20.70435
588848900971364714	145.55824733	0.69061889	22.57902	22.22654	21.22948	21.18566	20.4844	1.053384	4.582732	2.969459	2.250234	1.76351	1.638886	-1000	22.55309
588848900971364732	145.56977272	0.75367854	21.81513	21.17649	19.99948	19.71426	19.14798	1.486089	7.356958	2.975732	7.359465	3.763124	6.19521	0.440163	20.8849
588848900971364733	145.56722771	0.75151573	23.71189	22.34085	20.73173	20.25546	19.51259	1.664539	2.969064	2.969459	2.970076	3.090022	3.051105	-1000	22.09763
588848900971364748	145.57843445	0.64062951	23.47349	22.21678	20.57136	19.86223	19.40311	1.309735	2.969064	18.01626	2.907267	2.4924	2.717907	-1000	21.84516
588848900971364750	145.57957672	0.76804567	22.42334	22.34858	21.08893	20.96207	21.4156	1.29979	2.969064	2.969459	2.806707	2.243158	1.418648	-1000	23.07653
588848900971364752	145.57988502	0.66783166	23.39899	22.12374	20.96355	20.60186	19.9813	1.180978	2.969064	2.969459	3.006988	2.721202	7.357596	-1000	22.13373
588848900971364778	145.59318416	0.71596924	23.80755	22.33887	21.32473	21.00634	21.04259	1.101465	2.969064	2.969459	2.106162	3.969732	1.694027	-1000	21.82286
588848900971364792	145.59895905	0.6429055	22.59274	22.20063	21.76348	21.1691	20.89089	0.738948	2.969064	2.144019	1.522475	1.184411	1.427936	0.2729125	22.06431
588848900971364817	145.61046663	0.80902761	23.97651	22.58748	21.68475	21.55462	21.17797	0.960703	1.086193	2.969459	2.035373	18.01749	3.510839	-1000	22.71609
588848900971364823	145.61213046	0.80247525	23.32277	22.63684	21.09948	20.62383	20.05503	1.513236	2.969064	2.969459	2.970076	2.670116	2.354259	-1000	22.72093
588848900971364840	145.61554482	0.64091468	22.9786	23.10471	22.28606	22.61606	21.21119	0.8501478	1.319867	2.969459	2.970076	2.96966	7.357596	-1000	22.69773
588848900971364842	145.61806345	0.65457404	21.26274	19.86794	19.09434	18.65515	18.32769	1.77182	0.01011672	4.875521	4.012148	3.865013	3.442872	0.54408	19.67134
588848900971364877	145.64321663	0.67670364	22.09987	21.6955	21.595	20.93607	20.85308	1.656092	2.969064	2.969459	2.970076	2.96966	0.06716675	-1000	22.53653
588848900971364882	145.64670686	0.62981003	23.11749	22.09505	20.99549	20.53109	20.05105	1.272127	2.969064	2.969459	2.765165	2.078435	2.022187	-1000	21.69815
588848900971364903	145.65498479	0.65519488	22.08715	21.67305	20.81448	20.279	19.84407	1.128441	18.01387	2.308487	2.359085	2.393526	2.241979	0.19365	21.7228
588848900971364912	145.65659137	0.7065613	25.41345	23.23519	21.79389	20.88868	20.47405	0.7082254	2.969064	2.969459	1.412557	1.732883	2.407405	-1000	23.15624
588848900971364913	145.65790482	0.70746268	23.54641	22.82277	21.96959	21.83702	20.58197	0.7545576	2.969064	2.969459	1.500785	1.194594	2.110669	-1000	22.48497
588848900971364949	145.6715717	0.77841842	23.39276	22.52704	21.20781	20.68718	19.96924	0.9262711	2.969064	2.969459	1.743021	2.597887	2.292132	-1000	22.06748
588848900971364950	145.67191788	0.77972887	23.11497	22.6876	22.48852	21.41743	20.82649	1.072713	2.969064	2.969459	2.970076	2.009813	2.512001	-1000	22.90415
588848900971364964	145.68726094	0.78029045	26.92972	21.84105	20.15422	19.43789	18.8435	1.926427	43.7564	2.969459	3.991325	3.316094	5.233395	-1000	21.78584
588848900971364971	145.6914664	0.75940255	23.70205	22.15289	21.06758	20.73717	20.26433	0.8850126	0.1041279	2.15672	1.898604	1.804862	1.579724	0.3177833	22.24627
588848900971365016	145.56280774	0.74197624	24.71107	23.31752	22.10392	21.68372	20.63922	1.041013	2.969064	2.969459	1.901558	7.358435	11.30384	-1000	23.54082
588848900971365020	145.56597563	0.80550062	24.69394	23.49136	21.97541	21.19512	20.41958	0.808354	4.582732	2.969459	1.55444	2.999692	1.348402	-1000	26.25325
588848900971365021	145.56669124	0.73542482	25.6063	23.70411	22.19938	21.55668	21.06258	0.7577907	0.299521	2.969459	2.970076	2.497779	7.357596	-1000	23.19892
588848900971365055	145.58657837	0.78643188	22.96516	22.7436	21.55582	21.49052	20.60079	1.465704	2.969064	2.969459	2.970076	2.933491	1.491766	-1000	24.24976
588848900971365099	145.60979513	0.75664178	25.05695	23.55777	21.58134	20.98129	20.71183	4.182412	18.01387	2.969459	18.02001	3.088001	2.041497	-1000	21.23784
588848900971365110	145.61304877	0.77645303	23.89529	24.34337	22.17065	21.24936	20.92098	0.7824262	4.582732	2.969459	2.970076	2.448246	2.674177	-1000	26.67288
588848900971365135	145.63486895	0.81648218	24.78529	23.27699	22.3609	22.20709	22.28549	0.7126607	11.30286	2.969459	1.2236	1.565203	1.353602	-1000	23.56804
588848900971365153	145.64340514	0.81634071	24.2042	23.21638	22.26317	21.73102	21.73282	0.9277368	0.6946476	2.969459	2.970076	1.636901	2.969321	-1000	23.40391
588848900971365222	145.69586178	0.64122904	24.71681	24.53568	22.51414	23.47832	22.2748	0.7196291	2.969064	2.969459	1.472678	0.08616279	1.081331	-1000	23.17382
588848900971365225	145.69829149	0.6440758	25.91595	23.12201	21.68633	21.66154	24.23068	1.272643	2.969064	0.08229785	2.970076	11.30513	7.357596	0.04865696	22.45559
588848900971365252	145.5697236	0.78759863	25.66796	24.79675	22.61049	21.37156	20.81468	1.017478	2.969064	7.357935	2.970076	1.575196	1.213408	-1000	24.88908
588848900971365253	145.57079637	0.76671351	24.09449	23.67791	22.83284	21.64169	20.83904	1.160043	0.7115549	2.969459	2.970076	1.256659	1.863624	-1000	22.56502
588848900971365310	145.67600418	0.8049973	23.82724	23.57087	22.91512	21.8437	21.11496	2.35295	2.969064	2.969459	7.359465	1.868511	1.787741	-1000	24.0337
588848900971365325	145.70270653	0.65742294	23.92441	24.70436	23.52706	21.52252	21.68847	-9999	7.356958	0.1033568	2.970076	2.96966	1.071157	1.59529	23.80562
588848900971365338	145.59359793	0.83843845	25.16546	23.99384	25.5178	24.37503	20.5452	-9999	4.582732	2.969459	0.2460694	2.96966	2.407022	-1000	23.01242
588848900971429900	145.72993793	0.81032122	23.13645	23.22214	22.68933	21.24	20.48864	1.308617	4.583037	2.968944	4.584076	27.91639	1.374467	-1000	23.54615
588848900971429903	145.71975514	0.79806295	24.16109	23.02243	21.7852	21.58344	23.22092	1.618836	0.7344139	2.968944	2.969935	2.969401	2.969867	-1000	22.97089
588848900971429907	145.71848173	0.79678459	25.25646	23.30575	21.00471	21.24257	23.97486	3.4135	11.30361	2.968944	11.30617	11.30414	11.30591	-1000	22.16114
588848900971429931	145.75368256	0.83309056	23.14167	19.54584	18.46432	17.46252	16.83463	1.020846	2.969262	1.890376	2.15602	1.681353	1.380193	0.9208767	19.68332
588848900971429952	145.76754152	0.63733589	23.87184	22.93837	22.0509	22.73282	21.15773	1.461701	2.969262	2.968944	2.969935	0.2561399	2.969867	-1000	23.40389
588848900971429963	145.7921427	0.68033779	23.0979	22.80008	24.05872	21.49239	22.33324	3.109898	2.969262	2.968944	7.359116	7.357791	7.358947	-1000	23.06225
588848900971429988	145.84224451	0.68124958	23.12548	23.10892	21.90811	22.43234	21.46297	1.482072	0.07877892	2.968944	2.969935	2.969401	0.08239336	-1000	23.47165
588848900971430207	145.80096223	0.65367376	23.65396	21.52907	19.94491	19.33544	19.01026	0.9862735	2.969262	2.968944	1.948055	1.732213	1.683815	-1000	21.48855
588848900971430213	145.8303821	0.62959934	25.48383	23.09103	22.4628	21.7679	22.42456	0.8536757	2.969262	2.968944	2.969935	1.532734	2.969867	-1000	22.85402
588848900971430261	145.82056981	0.65424167	24.15376	22.59637	21.78782	21.77617	21.31662	0.5518872	0.7435219	1.433179	1.185936	1.930928	2.846987	0.3533043	22.71751
588848900971430267	145.83157932	0.66671376	22.22866	21.961	21.12753	20.96999	20.49459	0.7291033	1.381252	11.3024	1.565748	1.958179	1.471251	-1000	21.69633
588848900971430336	145.74372817	0.69153055	22.94404	22.02983	20.71848	20.04847	19.77209	0.8398256	2.969262	2.208719	1.64642	1.68587	1.902202	0.3054116	21.89434
588848900971430360	145.75747915	0.69220419	22.90113	21.99482	21.5355	21.14074	20.42026	0.8548526	1.069846	2.968944	2.075446	2.219741	3.137681	-1000	22.28241
588848900971430382	145.78462032	0.79636223	23.44798	21.98938	20.46899	19.86839	19.3902	0.8780483	27.91508	2.968944	1.777066	1.637468	3.25836	-1000	21.68534
588848900971430392	145.79111799	0.71050881	24.13484	21.76541	20.71476	20.13124	19.9538	1.397864	7.357448	2.968944	3.873693	2.627074	2.060355	-1000	21.77302
588848900971430413	145.80371655	0.68456906	22.43998	21.48541	20.22983	19.65627	19.15734	1.22814	2.969262	2.968944	2.469121	2.249554	3.068786	-1000	21.48125
588848900971430425	145.80859115	0.78453825	25.59688	22.65055	20.77004	20.12396	19.72511	0.9950994	11.30361	2.968944	2.123085	1.728482	2.030488	-1000	22.79662
588848900971430445	145.82212627	0.76246715	25.22817	22.26116	21.81885	21.54495	21.42247	0.7962365	2.969262	1.550025	1.947774	2.07093	2.502703	0.3294971	22.40299
588848900971430454	145.8279456	0.64124355	22.14412	21.8541	20.71503	20.54638	20.15886	1.994242	43.75931	2.968944	11.30617	1.499925	1.988519	-1000	22.50787
588848900971430455	145.82788835	0.8023986	23.44974	22.19294	21.40164	21.09669	20.86838	1.351967	7.357448	2.968944	2.652932	2.051513	7.358947	-1000	22.07006
588848900971430459	145.83045811	0.65459202	24.64327	23.03778	21.91908	21.52267	21.07834	0.6922483	4.583037	1.113583	1.323841	1.310862	1.909226	0.2378348	23.58541
588848900971430524	145.7198715	0.67439589	25.20639	24.07326	21.85174	20.95073	20.14369	1.795236	2.969262	2.968944	7.359116	3.657192	4.550062	-1000	27.09783
588848900971430535	145.72953997	0.67712902	23.07041	22.76751	21.30407	20.16295	19.57109	1.258806	11.30361	2.968944	2.746778	2.004195	2.14381	-1000	24.09703
588848900971430546	145.74213595	0.67146148	24.62437	24.26496	23.12557	22.28441	23.25718	0.4634511	2.969262	2.968944	1.069357	2.27153	2.969867	-1000	24.50203
588848900971430557	145.75072213	0.63951229	26.69591	22.78795	21.83154	22.87918	22.99531	0.9701018	2.969262	1.014594	1.899548	2.969401	11.30591	0.9273508	22.75383
588848900971430561	145.75378622	0.75899809	25.36222	25.05812	22.08041	22.25001	20.40013	1.138991	7.357448	2.968944	2.969935	2.969401	0.09464722	-1000	23.45964
588848900971430563	145.75421615	0.79033778	23.98267	23.37125	22.07617	21.01453	20.13085	0.7273986	2.969262	1.07881	1.66741	1.068003	3.980855	0.4600696	25.08873
588848900971430573	145.76031664	0.65741229	23.43853	23.03853	22.09346	21.63153	21.06086	0.777611	2.969262	2.968944	2.969935	2.214854	2.969867	-1000	22.84724
588848900971430599	145.77767495	0.65257072	23.00936	23.37729	22.30353	21.85051	22.8202	1.371179	68.29047	18.01314	2.969935	2.969401	0.6121328	-1000	22.2062
588848900971430600	145.77781161	0.6706926	25.18791	23.18447	22.55873	21.63845	21.08096	0.7876538	2.969262	2.968944	1.485127	1.513587	11.30591	-1000	23.48702
588848900971430604	145.78200447	0.72103368	23.78001	23.63966	22.23172	20.89749	20.17347	1.611239	2.969262	1.224872	2.969935	2.969401	6.170563	1.142422	25.67814
588848900971430610	145.78435645	0.71918568	24.7433	23.58168	22.5032	21.1828	20.48107	0.7428246	2.969262	1.166111	1.645147	1.642376	11.30591	1.024795	25.49694
588848900971430614	145.78813766	0.76200955	24.41558	23.0883	21.9538	22.02317	22.01644	0.7061826	2.969262	2.968944	1.332235	1.296377	2.061296	-1000	22.79349
588848900971430633	145.80389492	0.67855274	24.03316	24.20946	22.63803	21.79309	21.21147	0.4855385	2.969262	4.582546	0.922309	1.320295	2.047924	-1000	23.93693
588848900971430641	145.80867308	0.75118629	22.65771	22.91673	21.79606	21.55575	21.34565	0.6732797	2.969262	2.968944	1.385088	2.237263	3.486439	-1000	22.78145
588848900971430684	145.83172545	0.74938396	26.24107	23.87887	22.02373	21.88654	20.56944	0.7809379	2.969262	7.356659	2.969935	1.497068	3.069942	-1000	23.71066
588848900971430694	145.83740117	0.63403531	24.21782	22.95962	21.66232	21.18886	20.94857	0.8694249	2.969262	2.968944	2.007928	2.073078	2.32821	-1000	22.25022
588848900971430713	145.84677516	0.64000181	24.13643	23.67583	21.62467	21.46746	20.86046	0.9526507	7.357448	2.968944	2.033761	2.019166	1.204916	-1000	23.40788
588848900971430722	145.84992828	0.83752181	23.9016	23.97644	21.50647	21.23556	20.62341	1.824908	2.969262	2.968944	2.969935	1.678964	1.693998	-1000	25.87522
588848900971430770	145.74118796	0.64228262	23.78659	26.28962	22.48722	21.23437	21.02949	1.748827	2.969262	2.968944	7.359116	1.535949	2.970183	-1000	26.15822
588848900971430772	145.74221	0.82069997	24.43332	24.63328	23.64291	21.86858	20.43327	-9999	2.969262	2.968944	2.969935	1.115754	4.488998	-1000	28.56577
588848900971430791	145.76247447	0.70931375	25.80174	25.48178	23.21556	21.97969	21.11862	0.5710478	4.583037	4.582546	0.861018	1.436679	7.358947	-1000	25.00853
588848900971430799	145.77131247	0.7499185	25.5509	24.72672	22.56919	21.35697	20.8188	2.053825	0.581653	2.968944	2.969935	2.969401	11.30591	-1000	22.15911
588848900971430820	145.79227908	0.80076126	23.49158	24.61275	22.48364	21.76171	21.30849	1.135295	0.7164648	11.3024	2.969935	2.436013	0.9203342	-1000	25.67375
588848900971430841	145.83177996	0.76395324	26.32103	23.44886	22.23229	21.32323	21.13619	3.239727	2.969262	11.3024	1.138955	7.357791	3.59606	-1000	22.75345
588848900971430845	145.83653286	0.69984505	23.76941	24.84557	22.82178	21.41862	21.43152	0.4021121	0.6654368	4.582546	2.086973	1.691291	2.969867	-1000	26.15181
588848900971430888	145.74075829	0.75300481	23.14827	25.28133	22.01915	26.44433	22.03297	0.9457565	2.969262	2.968944	2.969935	4.583251	4.583971	-1000	24.89699
588848900971430890	145.80539031	0.81223183	22.72712	22.87895	21.95921	21.74861	21.15253	1.433611	4.583037	11.3024	2.969935	4.583251	2.056565	-1000	22.7774
588848900971430894	145.85267983	0.72212745	23.12602	22.88585	22.08029	22.49531	21.46966	1.221511	68.29047	2.968944	2.969935	4.583251	4.583971	-1000	22.83214
588848900971430899	145.77505023	0.7190951	23.883	22.94149	22.25863	21.46019	21.05697	1.044698	2.969262	2.968944	2.969935	2.969401	2.969867	-1000	22.73013
588848900971430900	145.78386074	0.68773217	23.35017	22.89624	22.71103	21.45734	21.48517	1.210183	1.908798	2.968944	2.969935	2.109328	0.08481683	-1000	22.88857
588848900971430906	145.778316	0.8177122	20.22688	20.20725	21.51677	22.52166	21.28918	1.695203	4.583037	2.968944	2.969935	2.969401	2.969867	-1000	21.84672
588848900971495473	145.92021186	0.82399526	23.16267	21.40924	20.57641	20.03781	19.72119	1.70101	2.968739	2.968655	2.969973	3.075493	3.591004	-1000	21.96573
588848900971495591	145.93168989	0.67520647	21.37466	19.48929	18.30745	17.79667	17.4163	1.122507	1.726424	2.421454	2.335091	2.264983	2.296035	0.1342585	19.51595
588848900971495632	145.97271432	0.80421587	21.98451	19.76939	19.29876	19.29214	18.62795	4.191975	0.2875967	27.90938	18.01938	3.656648	2.969172	-1000	20.23109
588848900971495644	145.98540393	0.7865678	19.31648	18.00269	17.28211	16.87553	16.58003	2.554482	4.735796	5.458513	5.472969	5.254001	5.302646	0.1139734	18.01171
588848900971495649	145.99052291	0.7871069	22.1449	21.28225	20.65107	20.21721	19.70473	1.377324	2.968739	2.968655	7.35921	3.01259	2.043571	-1000	21.51309
588848900971495807	145.85496016	0.74462954	22.03092	21.17138	20.68439	20.48652	20.63832	1.474591	2.968739	2.968655	7.35921	3.055747	2.969172	-1000	20.99127
588848900971495829	145.86626235	0.8254877	23.41583	22.17503	20.84547	20.45398	19.86781	1.260836	11.30162	2.968655	2.595637	2.494856	3.825691	-1000	22.15122
588848900971495832	145.86791649	0.71337616	22.4278	21.34492	19.84828	19.14538	18.77589	1.340618	0.1024896	2.968655	2.962655	2.694421	2.346572	-1000	21.36557
588848900971495834	145.86862821	0.69976769	23.82727	22.91906	22.08845	22.34666	22.63958	0.7498955	7.356152	7.355945	1.478081	7.356884	2.969172	-1000	22.36201
588848900971495849	145.87685004	0.67822077	23.9869	22.50703	21.84532	21.34068	20.7589	0.7909179	2.968739	1.808303	1.571803	1.523585	2.36417	0.3068062	22.6219
588848900971495880	145.89753709	0.80295081	23.12554	22.43852	22.04617	21.63969	21.02591	0.7569426	2.968739	2.968655	2.969973	1.406605	1.738985	-1000	22.39336
588848900971495884	145.90029799	0.8008168	23.02191	22.60534	21.83987	21.07274	20.91904	1.199508	2.968739	2.968655	2.969973	1.790651	27.91424	-1000	22.07927
588848900971495913	145.92024867	0.8112325	23.38202	21.84504	19.99097	19.23516	18.59262	1.648341	7.356152	2.968655	2.969973	3.127451	4.19618	-1000	22.10575
588848900971495922	145.92030407	0.74471698	25.32451	21.89581	20.26153	19.67193	19.08712	1.113544	7.356152	2.968655	2.477766	2.038716	2.456662	-1000	21.751
588848900971495923	145.92140053	0.74512068	23.17231	22.71522	21.63279	21.5946	20.79049	1.349299	0.08843848	2.968655	7.35921	2.969034	2.016129	-1000	22.80055
588848900971495935	145.92850953	0.74456537	22.08133	21.56544	20.4088	20.23542	19.75694	1.026836	1.805722	2.004081	4.340556	1.842541	1.627652	0.2306276	21.7689
588848900971495938	145.93096494	0.73202792	23.42775	22.45791	22.14886	21.91757	23.68188	0.5854122	2.968739	1.216704	1.318958	0.843323	2.969172	0.2056014	22.94259
588848900971495982	145.95678301	0.72872562	22.28009	21.37429	19.69477	19.00997	18.5293	1.415866	2.968739	7.355945	3.683302	3.815417	3.052204	-1000	21.45976
588848900971495983	145.95634861	0.8319163	25.27843	22.21392	21.77068	22.10179	21.65484	1.01652	2.968739	2.968655	2.969973	1.330089	0.7375953	-1000	23.35515
588848900971495986	145.95714968	0.79854268	22.33894	22.22951	21.32475	21.03675	20.84665	1.14943	2.968739	2.968655	2.871415	2.009228	4.14208	-1000	24.63717
588848900971495989	145.95543614	0.80456542	23.40119	23.29148	22.94138	21.74376	21.27421	0.8371556	2.968739	4.5821	2.969973	1.169455	2.151976	-1000	23.25453
588848900971495992	145.96234806	0.76855523	22.54466	22.76547	22.35526	22.19177	21.85747	0.7602388	1.002494	1.204881	2.969973	1.400867	2.969172	0.3078611	23.16126
588848900971496018	145.97321338	0.82343895	25.64421	22.54743	20.81576	19.99521	19.62838	1.031231	0.2482409	7.355945	2.300585	2.744446	2.964323	-1000	21.97878
588848900971496041	145.98711323	0.68014063	22.17159	22.01086	21.1483	20.81519	20.81095	1.245939	2.968739	2.079002	2.877883	2.770278	1.056179	0.3949381	22.13255
588848900971496053	145.99376647	0.83166172	23.82475	22.25209	21.01884	20.49157	20.25833	1.038585	0.107989	2.968655	2.08165	2.282981	3.535175	-1000	22.65261
588848900971496055	145.99522563	0.71014741	25.23613	22.32554	20.83921	20.29689	19.89865	0.884392	2.968739	2.968655	1.913421	1.574833	4.166047	-1000	22.61793
588848900971496057	145.99619229	0.70458459	24.02741	22.20824	20.76041	20.29778	20.10205	0.86838	2.968739	2.968655	1.888577	1.360107	5.990846	-1000	22.09249
588848900971496103	145.86080059	0.67835382	24.72226	23.16674	22.21545	21.47381	21.50622	0.4801787	0.2935008	2.968655	2.969973	1.538425	0.8927571	-1000	23.67822
588848900971496116	145.87031828	0.66329082	23.96908	22.8808	22.10796	22.17935	21.43784	0.8587841	4.58223	2.968655	1.782569	2.098617	1.855107	-1000	22.6621
588848900971496129	145.87874543	0.80070946	23.90917	24.13319	22.26798	21.72055	21.36584	1.32866	0.7502384	7.355945	7.35921	2.633609	2.810716	-1000	22.38451
588848900971496136	145.88424592	0.77885681	24.48729	24.37219	22.60786	21.91987	21.2206	0.8942267	2.968739	11.3013	2.969973	1.700027	1.7334	-1000	23.18722
588848900971496155	145.89633773	0.74948461	24.23895	23.2443	22.05183	22.50976	22.61488	0.9751471	4.58223	2.968655	2.969973	4.582686	2.969172	-1000	22.4236
588848900971496186	145.91150736	0.66939988	24.1666	22.84665	22.03867	21.64815	21.95412	0.7930514	2.968739	2.968655	1.661705	1.553369	2.020048	-1000	22.30743
588848900971496212	145.92264558	0.65250974	24.96716	23.24561	21.57303	20.58511	20.26043	1.031402	4.58223	7.355945	2.537134	1.507256	3.387919	-1000	22.15411
588848900971496228	145.92905779	0.66872053	23.78564	23.20522	22.27049	21.57327	21.1751	0.6728074	2.968739	1.294237	2.031713	1.621792	3.778412	1.17173	25.10031
588848900971496278	145.95959256	0.75296416	25.21414	25.19966	22.53356	24.20284	22.60371	0.4499739	2.968739	2.968655	1.237451	4.582686	2.969172	-1000	25.15239
588848900971496305	145.97527969	0.77994361	24.65981	23.5838	22.32827	21.53364	22.11758	0.7031572	2.968739	2.968655	1.492155	2.368311	4.582898	-1000	23.28085
588848900971496308	145.97658001	0.7317703	25.02104	23.1802	21.97662	20.63814	20.15535	0.758509	2.968739	2.968655	1.639668	1.32534	3.472252	-1000	22.62795
588848900971496319	145.98035706	0.77944795	23.74834	24.057	22.268	21.55343	20.70955	0.6125032	2.968739	2.968655	1.789036	1.573581	2.131767	-1000	23.53698
588848900971496321	145.98066973	0.64817473	22.53932	23.39566	21.99887	21.59438	20.98286	0.7677845	2.968739	2.968655	1.834792	3.098601	1.292188	-1000	23.18747
588848900971496328	145.98458725	0.79020207	24.79125	23.20231	22.0259	21.3074	20.39403	0.9019613	4.58223	2.968655	2.969973	2.267558	2.730586	-1000	24.08325
588848900971496392	145.86125634	0.82259671	25.80082	23.52397	23.23312	21.98831	21.43148	-9999	2.968739	2.968655	2.969973	1.679151	8.9519	-1000	24.84144
588848900971496410	145.89069167	0.72876726	22.89465	22.7632	22.33671	21.3065	20.98356	0.8185074	43.7516	43.75037	2.969973	2.463804	3.568057	-1000	22.21715
588848900971496418	145.90197373	0.83067969	25.09946	24.6729	23.0939	21.60751	20.97366	2.794842	0.08778907	2.968655	0.9789411	2.015774	1.17516	-1000	26.70713
588848900971496427	145.91231485	0.67093842	23.90892	24.16455	23.52097	22.15498	23.30212	1.219102	4.58223	43.75037	2.969973	1.030051	2.969172	-1000	23.67543
588848900971496465	145.98372345	0.7485272	23.86777	23.79144	23.80039	21.78029	21.2374	1.839013	0.6627653	2.968655	2.969973	2.319341	18.01452	-1000	24.28563
588848900971496467	145.98552111	0.67415459	24.67426	23.93841	22.74658	21.19753	20.29079	1.799124	2.968739	2.968655	2.969973	2.969034	2.251325	-1000	22.83633
588848900971496515	145.87924093	0.63135577	25.8356	23.8941	22.46359	22.37563	22.51962	0.5806007	2.968739	2.968655	1.833211	1.049946	0.8785785	-1000	24.89433
588848900971496522	145.9283132	0.78224919	23.7908	23.3728	23.11324	21.65079	21.8853	1.768635	2.968739	2.968655	11.30632	1.881474	1.178666	-1000	23.99047
588848900971560980	146.02515543	0.73074749	18.6355	18.58882	17.98486	17.84135	17.38085	2.62008	2.969659	2.968987	2.969686	2.969397	4.001861	-1000	20.73707
588848900971561005	146.03600821	0.65406457	21.97665	26.44191	25.02354	24.04164	22.85853	-9999	2.969659	4.582613	2.969686	4.583245	2.968729	-1000	26.96508
588848900971561017	146.01782391	0.65854893	24.72751	22.82524	22.18585	22.12046	22.23452	0.8324665	2.969659	2.968987	1.727074	18.01589	4.582215	-1000	22.48127
588848900971561037	146.04623906	0.76610765	20.27543	18.4121	17.39133	17.02793	16.59487	2.845881	3.226641	5.774347	7.219921	5.82127	5.163107	0.328922	18.56816
588848900971561074	146.12042062	0.69740396	23.28671	24.86332	23.83853	19.72356	19.1605	6.302555	27.91881	2.968987	2.969686	7.414244	3.63708	-1000	22.79345
588848900971561081	146.12076159	0.69070111	24.96834	22.94672	21.88326	19.93351	24.74346	2.3319	2.969659	2.968987	2.969686	2.969397	0.2756526	-1000	23.8461
588848900971561135	146.13344783	0.70798847	23.93075	23.30091	22.09472	21.70602	21.15661	1.035511	4.58365	11.30256	2.969686	2.944322	1.346614	-1000	22.5299
588848900971561136	146.14490248	0.69788414	24.93079	22.81089	22.37657	23.26254	21.15117	0.6493346	2.969659	2.968987	2.969686	2.969397	2.880666	-1000	22.83808
588848900971561171	146.01161511	0.76832958	22.39183	20.82435	20.11807	19.84234	19.40581	7.055932	2.969659	2.968987	18.01764	3.303973	2.328906	-1000	20.53031
588848900971561173	146.01514382	0.82351329	19.80587	18.09054	17.1302	16.65248	16.30633	2.282779	5.866259	6.357414	6.088302	5.589151	5.175528	0.1211244	18.03945
588848900971561204	146.0914328	0.65712902	25.63979	22.47286	20.97138	20.17312	19.71273	0.9730378	7.358431	2.968987	2.11354	2.404251	5.38852	-1000	22.60547
588848900971561224	146.11138628	0.71621631	22.90575	21.89094	20.19435	19.59234	19.08121	1.508923	18.01748	2.968987	3.779669	3.51581	4.511142	-1000	21.81063
588848900971561250	146.14691761	0.71677456	21.75018	19.65832	18.5447	18.08726	17.72038	1.055933	2.36228	2.474585	2.263029	2.088503	2.331487	0.2408229	19.6664
588848900971561282	146.04939906	0.64930718	25.3959	22.09858	21.49554	21.30547	20.79214	1.277981	2.969659	2.968987	2.507277	1.289306	7.356129	-1000	22.21662
588848900971561303	146.08613013	0.7167748	22.58067	22.24239	21.93893	20.34143	20.9258	0.7483587	2.969659	1.42723	1.516483	1.841953	1.662818	0.1980099	22.40618
588848900971561326	146.02301519	0.83477748	25.94607	21.42941	19.54395	18.72662	18.19907	1.452415	2.969659	2.968987	3.586438	2.773464	3.491386	-1000	21.90957
588848900971561356	146.13549515	0.82289337	22.40754	21.12261	19.26621	18.58779	18.15343	1.646006	0.840836	2.968987	3.654712	2.749819	3.092758	-1000	21.17515
588848900971561378	146.02599156	0.7829048	25.37866	23.23162	21.88252	21.29027	20.68126	1.241849	2.969659	2.968987	2.969686	1.894457	2.657846	-1000	22.63059
588848900971561380	146.03802295	0.71152992	23.34342	22.19798	20.53182	19.89823	19.46254	1.119223	0.057344	1.834229	2.345819	2.421643	2.2421	0.3068639	23.326
588848900971561391	146.05766916	0.65422373	22.03049	24.21895	25.74737	24.75532	23.41939	3.299976	1.779837	4.582613	2.969686	2.969397	2.968729	-1000	23.29988
588848900971561403	146.08537962	0.65421771	22.15962	24.00537	24.26816	24.40326	23.42424	2.168836	2.16175	4.582613	2.969686	2.969397	2.968729	-1000	22.37962
588848900971561411	146.10496014	0.7275813	24.452	22.51688	20.73647	20.15232	19.73392	0.6901997	2.969659	2.968987	1.399396	1.446658	1.399162	-1000	22.26616
588848900971561436	146.00464366	0.75285655	25.5353	24.89904	21.91426	20.71608	19.84937	0.9770928	7.358431	2.968987	2.198672	2.22873	3.589819	-1000	26.07834
588848900971561483	146.03884921	0.73299349	23.28257	21.95876	21.11871	20.70883	20.30722	0.8367654	2.969659	1.793848	1.961696	1.88986	1.964427	0.6221861	21.81236
588848900971561520	146.05792458	0.83036046	22.61209	20.71624	20.13551	19.77001	19.60985	1.930379	2.969659	2.691555	4.214935	2.586701	5.617048	0.4009411	21.18332
588848900971561524	146.05948618	0.65555494	23.62394	22.42952	21.32878	20.94932	20.59915	1.276366	7.358431	7.356766	2.723463	2.268697	3.962034	-1000	22.29522
588848900971561543	146.06712417	0.78458998	23.44558	22.79184	21.98101	21.79745	21.07923	0.8143906	4.58365	1.072954	1.672093	2.969397	18.01184	0.1611048	22.93948
588848900971561545	146.06775223	0.71234165	23.97696	21.1739	20.20638	19.82689	19.76324	1.693318	18.01748	2.968987	3.385735	4.671237	8.878476	-1000	21.26232
588848900971561573	146.07882741	0.78598788	24.96848	22.66588	21.63857	21.438	21.39063	1.090182	2.969659	2.968987	2.183466	1.493435	1.738099	-1000	23.229
588848900971561588	146.08679612	0.81151134	24.1982	22.68644	22.1889	22.68589	21.77797	0.6409278	2.969659	2.968987	1.501745	1.020602	2.968729	-1000	22.24987
588848900971561598	146.09297128	0.67017999	22.43192	22.52787	21.08782	20.59397	20.47305	1.016175	1.30268	2.968987	2.306479	2.077675	0.8275737	-1000	22.6626
588848900971561601	146.09634828	0.66164175	23.48698	22.19358	21.23249	20.95597	20.71749	0.7515873	2.969659	1.435351	1.571224	1.657819	2.790743	0.2922257	22.25619
588848900971561606	146.10056212	0.79098162	22.35711	21.84051	20.47747	19.90731	19.53621	1.101015	1.552517	2.968987	2.389058	2.625776	3.151922	-1000	21.99603
588848900971561638	146.11794674	0.63265974	24.11514	22.26906	21.63295	21.70465	21.16573	0.916285	2.969659	2.968987	1.689573	2.969397	3.491897	-1000	22.30575
588848900971561676	146.12817551	0.81528774	24.78967	22.74503	20.99972	20.33018	19.75993	0.7962664	2.969659	2.968987	1.666442	1.450502	1.575699	-1000	22.73471
588848900971561735	146.00616088	0.79054097	24.86357	23.89256	21.87879	22.1973	21.50121	0.9583981	2.969659	2.968987	2.088721	1.904962	4.582215	-1000	23.64283
588848900971561776	146.03120428	0.74885865	23.99884	22.94438	21.43078	21.00784	20.196	1.261212	2.969659	2.968987	2.98711	2.969397	2.758202	-1000	24.85083
588848900971561796	146.04344294	0.82958393	21.63291	21.8018	20.80957	20.67061	20.52907	7.685079	3.259857	2.968987	27.91907	1.835181	3.410773	-1000	21.37546
588848900971561823	146.05636869	0.68918874	26.50797	23.2979	21.73249	20.54797	19.89977	1.108727	4.58365	2.968987	2.969686	2.775163	2.968729	-1000	23.24216
588848900971561839	146.06583478	0.73862159	24.6881	23.56108	22.28365	22.05352	21.41743	0.8918748	2.969659	2.968987	1.728074	1.565907	7.356129	-1000	23.86491
588848900971561862	146.07713117	0.78423	24.07103	22.44791	20.64969	20.00704	19.56191	1.181328	2.969659	2.968987	2.749327	2.593985	1.806816	-1000	22.39921
588848900971561892	146.09079119	0.75925326	23.60421	22.95835	21.00774	20.34931	19.75349	0.946679	11.30512	2.968987	1.731414	1.377252	2.097013	-1000	23.05576
588848900971561904	146.09433236	0.76414772	24.9646	24.269	22.24457	21.70489	21.37994	0.730266	4.58365	2.968987	2.969686	1.550764	4.582215	-1000	25.51537
588848900971561911	146.09756124	0.79388016	24.4019	23.62764	22.15079	21.45386	20.75747	0.8041182	2.969659	0.6365402	2.969686	2.969397	2.291966	0.4919247	24.39297
588848900971561912	146.09757113	0.6351327	24.33125	23.25564	22.32285	21.46389	20.33665	0.8335481	2.969659	2.968987	2.969686	1.798944	2.275087	-1000	24.79461
588848900971561915	146.09942071	0.74631885	22.4994	22.8033	20.8959	19.92049	19.1294	1.517678	2.969659	2.968987	2.729955	2.901888	2.320279	-1000	23.44393
588848900971561947	146.11205859	0.65136095	23.63173	22.53543	20.62868	19.89719	19.44787	1.057033	2.969659	2.968987	2.228746	3.90261	2.40556	-1000	23.33001
588848900971561962	146.12337484	0.79759734	23.04678	23.05668	21.96558	21.65827	21.59121	0.9931411	2.969659	2.968987	1.953648	1.174399	2.968729	-1000	22.7847
588848900971561994	146.14112587	0.67929228	25.33939	24.07736	22.5214	23.56421	23.2243	-9999	2.969659	2.968987	2.969686	2.969397	4.582215	-1000	24.49298
588848900971562015	146.15128988	0.71099705	25.52764	23.67668	21.58477	20.42332	20.05211	0.9634897	2.969659	0.7117285	2.009766	1.608176	3.709807	0.4839031	23.67562
588848900971562035	146.00413799	0.69716581	22.81116	23.11203	23.03256	21.37615	21.55309	0.6863938	1.046444	2.968987	2.969686	2.969397	3.894854	-1000	24.08821
588848900971562047	146.02197577	0.79990289	24.80911	25.71024	22.95225	21.65756	19.87638	-9999	2.969659	0.09405922	1.188541	1.398772	6.052864	0.04086892	25.09758
588848900971562066	146.04613798	0.74927936	24.76576	25.24897	23.05862	21.58072	21.07009	-9999	2.969659	2.968987	1.036491	1.286567	2.247827	-1000	25.18564
588848900971562083	146.05974646	0.68782265	24.54081	25.31494	22.47836	21.25164	20.39466	1.003199	2.969659	2.968987	2.969686	1.975999	2.327178	-1000	23.81142
588848900971562103	146.08306299	0.63680919	24.9194	23.99084	22.61407	21.87683	21.58565	0.6688078	4.58365	4.582613	1.123192	1.185522	1.058207	-1000	24.09831
588848900971562122	146.10966003	0.70340711	23.83079	23.47847	23.24275	21.95667	21.22418	1.120385	2.969659	2.968987	2.969686	1.98033	1.903718	-1000	23.00266
588848900971562123	146.11017992	0.70557097	23.26279	24.81019	22.90739	22.23659	21.10751	0.7296644	2.969659	2.968987	2.969686	1.59549	1.583143	-1000	26.37243
588848900971562138	146.12236047	0.74165521	25.53141	24.02856	21.47072	20.63383	20.44239	4.031782	2.969659	0.2918336	2.969686	1.593256	11.30158	0.1017623	27.5789
588848900971562176	146.09277623	0.7614646	23.68349	25.78308	26.19807	26.77594	19.74744	-9999	2.969659	2.968987	2.969686	68.29357	3.706128	-1000	26.21302
588848900971562181	146.00783639	0.73834364	23.34792	22.71829	23.20865	22.2382	22.49396	3.113424	0.6043004	2.968987	4.583692	1.382793	4.582215	-1000	22.81611
588848900971562199	146.04951177	0.74679895	25.94852	23.26745	23.03296	21.71744	23.09259	1.982076	0.2643249	2.968987	2.969686	1.420259	2.968729	-1000	22.96318
588848900971562207	146.03437222	0.75617709	25.60021	24.93323	28.08589	26.81388	18.71497	-9999	1.945675	18.0134	18.01764	2.969397	2.968729	-1000	25.08442
588848900971626512	146.15526877	0.6893857	23.31897	22.85514	22.93067	21.90044	21.00553	1.525778	2.969635	2.969482	2.969968	1.708357	1.277399	-1000	22.47845
588848900971626528	146.17081822	0.7975123	23.84218	22.62031	21.10312	20.86274	20.86699	0.7421184	2.969635	1.361884	1.457637	1.352084	2.969111	0.2105608	22.78658
588848900971626536	146.17127758	0.79800961	24.37218	22.59279	21.42638	21.37515	20.24082	0.7161008	2.969635	1.310336	1.404949	1.281055	2.859087	0.2132201	22.75167
588848900971626539	146.15916324	0.80336642	23.86996	23.17578	23.07062	21.45456	21.30874	0.4872222	2.969635	2.969482	2.969968	2.593513	1.938345	-1000	22.82675
588848900971626544	146.17139561	0.78870423	23.94942	23.48645	21.78646	22.31746	21.97879	1.450812	27.91859	2.969482	2.969968	1.278973	0.6119694	-1000	22.88046
588848900971626548	146.17847	0.80528792	26.10863	24.18271	22.17182	22.07295	21.61997	0.63941	2.969635	2.969482	1.677324	4.583283	0.09221559	-1000	24.90708
588848900971626559	146.1819146	0.68991824	24.2042	22.30841	21.23621	20.531	20.83322	1.440496	2.969635	11.30445	2.969968	2.780198	2.563339	-1000	22.25892
588848900971626560	146.18172013	0.68403948	25.09843	23.00897	21.49544	21.06521	22.84629	1.268473	4.583613	2.969482	2.969968	2.97209	0.7100918	-1000	23.33334
588848900971626590	146.22931864	0.75939384	25.47146	23.1494	21.51032	19.95955	20.56548	0.9566315	27.91859	2.969482	2.969968	3.366699	1.029101	-1000	23.24739
588848900971626635	146.28953898	0.75296953	24.43727	24.0524	22.60718	24.19618	22.62248	0.5155571	2.969635	2.969482	1.025384	2.969421	2.969111	-1000	23.24347
588848900971626637	146.28377726	0.74888755	25.69189	23.72132	22.02605	21.18663	22.02164	1.295884	0.2339302	2.969482	2.969968	3.001396	2.969111	-1000	22.78115
588848900971626638	146.29331765	0.74794012	25.75815	22.49578	23.3949	24.53418	24.22405	1.230233	2.969635	2.969482	2.969968	2.969421	2.969111	-1000	22.56565
588848900971626639	146.28887589	0.75527242	21.68871	21.70045	21.27063	20.81192	21.0745	3.574882	2.969635	2.969482	11.3063	2.969421	2.969111	-1000	21.77262
588848900971626640	146.28347687	0.74458094	24.86322	22.73435	24.01019	21.67741	22.58068	1.470182	2.969635	2.969482	2.969968	2.963029	2.626852	-1000	22.70783
588848900971626746	146.18970617	0.76860297	22.33695	20.63244	19.58718	19.09755	18.7325	1.095375	2.969635	2.357568	2.317828	2.163942	2.289341	0.2153609	20.63562
588848900971626755	146.21253609	0.66266451	22.40828	21.75264	20.73659	20.4128	19.7658	0.9799921	2.969635	2.15493	2.14856	2.36352	2.355856	0.4596297	21.76295
588848900971626776	146.2898804	0.73345197	21.36195	19.58115	18.71875	18.25198	17.91326	1.979855	11.30503	4.895392	4.595181	4.302928	4.724565	0.4726488	19.54565
588848900971626810	146.17892062	0.65858807	24.93782	24.93597	22.69694	21.21592	20.80002	0.9149007	4.583613	2.969482	2.969968	1.576379	1.745823	-1000	23.77097
588848900971626820	146.20228812	0.65836306	25.85736	23.39031	21.60369	20.84499	20.39808	1.154737	2.969635	7.357994	2.716788	3.102391	4.505633	-1000	22.54662
588848900971626882	146.16562647	0.71378249	24.23402	22.76217	21.9404	21.52714	21.13083	0.744763	2.969635	2.969482	1.61757	2.952923	1.472084	-1000	22.60214
588848900971626896	146.17574399	0.67618745	22.29154	21.41228	20.86848	20.79824	21.15865	1.024904	2.969635	2.173137	2.379161	1.879399	1.035907	0.205374	21.683
588848900971626934	146.19184305	0.73054515	22.37707	22.50648	21.26221	20.91835	20.80035	1.145295	2.969635	2.969482	2.124951	2.271544	3.31107	-1000	22.5498
588848900971626963	146.19968267	0.7266058	23.21322	22.64184	21.0039	20.55506	20.22826	0.8745469	2.969635	2.969482	1.927531	1.514011	1.838211	-1000	22.43617
588848900971626970	146.2044904	0.73516315	23.77162	22.63798	26.168	21.34868	21.34713	2.844097	1.042507	1.708711	2.969968	1.461063	2.777227	0.33008	22.45444
588848900971626988	146.21501349	0.73546138	23.28975	22.88458	21.55607	21.25772	20.96773	1.002703	2.969635	2.969482	2.386636	1.538265	1.08756	-1000	22.77378
588848900971627012	146.22587877	0.66928484	23.14528	22.70473	21.75975	21.34056	21.6727	0.8246946	2.969635	2.969482	1.648612	2.280559	1.740832	-1000	22.94005
588848900971627021	146.2385213	0.74793417	23.68605	22.53005	24.56809	24.20901	22.75887	2.903207	4.583613	2.969482	0.2727303	2.969421	2.969111	-1000	22.28929
588848900971627026	146.24043994	0.76754681	23.85806	22.12744	21.12745	20.9103	20.41988	0.8968191	2.969635	2.969482	1.689017	3.220544	2.145214	-1000	22.05953
588848900971627032	146.24402212	0.75174716	25.11522	22.4394	21.70833	21.2074	20.62499	0.931814	0.2497279	1.13557	1.958856	2.535302	2.02187	0.15402	22.60605
588848900971627067	146.27687105	0.75229569	24.22595	21.60228	20.82718	20.89793	20.11994	1.642991	2.969635	11.30445	2.969968	2.969421	4.053658	-1000	21.52368
588848900971627072	146.28047378	0.75245423	23.36843	20.64922	20.29292	19.6226	19.92716	2.396976	1.181722	27.91715	11.3063	27.91658	11.30303	-1000	19.98515
588848900971627079	146.28833612	0.8190392	22.41646	22.30463	21.41241	21.16219	20.68316	1.641847	2.969635	2.969482	2.969968	2.969421	1.990063	-1000	22.15154
588848900971627088	146.2937183	0.71768051	22.10234	21.85569	20.93209	20.58504	20.24664	1.140037	2.969635	2.969482	2.458748	2.297806	2.621817	-1000	21.87807
588848900971627093	146.29832545	0.75031879	22.34667	21.8483	20.51044	20.15631	19.57828	1.112563	2.969635	2.969482	2.206796	2.118578	2.22113	-1000	22.12568
588848900971627157	146.17873894	0.67508876	26.28614	23.83721	22.34286	21.40822	20.67618	0.7238428	2.969635	0.09302944	1.594911	1.781888	1.414354	0.02885065	23.3965
588848900971627163	146.18243186	0.70628365	22.97004	24.64382	23.9235	22.81174	20.45927	-9999	7.358374	2.969482	2.969968	2.969421	2.627369	-1000	22.67932
588848900971627240	146.21691008	0.77317246	22.63335	21.96247	20.01882	19.27606	18.85379	1.789198	2.969635	2.969482	3.8698	3.429193	7.519355	-1000	22.35444
588848900971627242	146.21876368	0.80361409	22.48415	22.08091	21.27243	22.15526	21.04333	2.0722	2.969635	2.969482	7.359198	1.754769	7.357073	-1000	21.91806
588848900971627259	146.2340734	0.73534243	24.89257	25.28627	22.40338	24.74448	22.04481	3.372576	11.30503	11.30445	2.969968	2.969421	11.30303	-1000	23.81872
588848900971627282	146.25011531	0.81095123	23.9846	23.3602	22.41458	21.80484	21.29666	0.6136942	2.969635	7.357994	1.295992	1.646768	2.815037	-1000	23.24943
588848900971627300	146.26615146	0.67881695	22.72032	24.32787	22.20973	23.56415	21.51936	0.7029306	2.005785	4.583377	2.969968	2.969421	2.969111	-1000	22.92966
588848900971627313	146.27131627	0.80168527	22.94862	22.79113	21.50166	21.05232	20.35723	1.208453	2.969635	2.969482	2.969968	11.30422	68.28699	-1000	23.31145
588848900971627316	146.27178146	0.66632405	27.54497	27.91621	20.58078	22.71866	21.03544	0.4676344	43.76481	2.969482	0.9408382	2.969421	2.969111	-1000	25.37624
588848900971627325	146.27620495	0.71997255	25.07697	23.6174	21.89943	21.52347	20.89126	0.5924906	0.6020452	2.969482	1.083755	1.73792	1.795443	-1000	23.88385
588848900971627326	146.27690138	0.63184746	22.37275	22.66525	21.32019	21.04789	20.9029	1.055429	2.969635	2.969482	2.137642	2.129922	2.785716	-1000	22.15719
588848900971627335	146.2807079	0.76446068	23.48104	23.43584	22.19611	21.88485	21.5721	0.6939245	2.969635	2.969482	1.299661	1.701667	4.107939	-1000	23.20617
588848900971627343	146.28403266	0.82817434	24.5095	24.44751	22.07033	21.41995	20.87422	1.035382	2.969635	2.969482	2.969968	2.094566	11.30303	-1000	27.28505
588848900971627351	146.29040408	0.67177191	22.93398	22.96868	21.45812	20.49824	20.26829	1.48699	2.969635	2.969482	7.359198	1.844055	1.168249	-1000	22.29316
588848900971627358	146.29407112	0.82483649	23.49584	22.82604	21.40067	20.5109	19.43813	1.440884	1.77246	2.969482	2.969968	2.361052	3.331758	-1000	23.84013
588848900971627365	146.29955481	0.82788614	23.47902	23.29317	21.81079	20.89907	20.23804	0.8852512	0.6685916	2.969482	1.820027	2.460788	1.975101	-1000	23.43962
588848900971627388	146.16460763	0.66047027	24.62302	24.52852	23.18475	21.82935	21.55124	0.3753358	2.969635	2.969482	2.969968	1.441609	1.39959	-1000	24.82921
588848900971627415	146.19820104	0.81008668	24.4076	25.23675	22.83445	21.69246	21.84738	0.7604346	4.583613	2.969482	1.30979	1.458047	0.09188537	-1000	23.18306
588848900971627452	146.26161589	0.70199457	24.231	25.73722	24.07936	21.40619	21.53811	3.997924	4.583613	2.969482	4.584127	2.82854	1.767781	-1000	24.83693
588848900971627460	146.2724211	0.74552154	23.74511	24.67508	23.30897	22.04141	21.26325	0.686925	2.969635	4.583377	2.969968	1.345385	2.642918	-1000	24.46847
588848900971627465	146.28112508	0.68499938	22.94329	23.82176	22.58784	21.18872	20.65276	1.004298	1.03479	1.065196	2.969968	2.163417	1.964725	0.07428644	26.7217
588848900971627467	146.28371584	0.70053791	25.03911	25.96585	22.6468	21.70646	21.40872	0.9735075	2.969635	2.969482	2.969968	1.203752	1.739358	-1000	26.31294
588848900971627468	146.28391969	0.64283919	23.8618	25.06087	23.47027	21.54479	21.01986	1.431858	2.969635	11.30445	2.969968	1.667334	1.384241	-1000	25.63869
588848900971627513	146.28799173	0.70181976	24.36202	22.87298	25.03709	24.33156	23.03951	-9999	2.969635	2.969482	2.969968	0.294919	2.969111	-1000	23.37335
588848900971627533	146.20768565	0.79917434	25.51354	24.16307	23.66779	21.50077	21.19096	0.3144064	4.583613	2.969482	2.969968	1.762469	1.043365	-1000	25.21635
588848900971692062	146.33094998	0.65405783	23.22469	24.09592	23.33809	21.85052	24.01633	3.068585	2.96928	2.969244	2.969987	16.69249	2.969163	-1000	23.6443
588848900971692074	146.36988001	0.79141544	23.15569	23.1087	21.86695	20.61993	20.7758	0.9201157	2.96928	0.7724872	2.321717	3.452171	3.353318	0.1832946	22.1643