587729149846946412	151.61831949	-2.52546925	24.11156	22.7723	21.67208	21.84229	21.84837	1.562984	2.96956	2.96992	2.970021	11.30555	2.969635	-1000	22.4241
587729149846946420	151.62927154	-2.51447158	26.21442	22.74992	21.67175	21.60344	20.99603	0.8847721	11.30474	2.96992	2.140822	1.105553	11.30503	-1000	24.08907
587729149846946426	151.63062138	-2.65670158	25.3464	23.38815	21.73034	20.79726	20.1146	0.8602116	2.96956	2.96992	1.889161	1.647017	3.11212	-1000	23.74714
588848900971299284	145.45984766	0.73067629	23.25372	22.02243	20.98888	19.82232	19.12142	1.554151	11.30187	2.08801	2.969621	3.543597	2.928718	0.209427	22.09095
588848900971299306	145.48629064	0.72176867	26.05468	22.47705	22.94662	22.91013	21.8616	0.4344727	2.968804	2.969576	2.969621	0.8553037	4.583	-1000	22.82507
588848900971299328	145.49745098	0.66236707	22.53903	22.23139	21.33428	20.89223	20.49659	1.11918	11.30187	11.3048	2.706614	2.501734	1.53223	-1000	22.1531
588848900971299331	145.4999451	0.82948516	25.6018	22.14064	20.58263	20.03471	19.63508	1.526541	2.968804	2.286373	3.835627	4.656705	2.157075	2.238858	21.45918
588848900971299334	145.50227442	0.66003411	23.33905	22.43818	21.12033	20.64142	20.11884	1.049067	2.968804	2.969576	2.267951	1.603164	1.930194	-1000	22.59579
588848900971299342	145.50483128	0.744911	24.33281	22.2664	20.50923	19.80633	19.26615	1.113954	2.968804	2.969576	2.362977	2.874777	1.789402	-1000	22.22692
588848900971299382	145.54268868	0.63588434	25.93043	22.35913	21.5922	21.08586	21.17653	1.107107	2.968804	1.180003	2.441334	7.357649	2.969238	0.0003684443	23.60048
588848900971299411	145.40481355	0.76336659	25.97753	22.90523	21.29708	20.29427	19.25707	1.357357	4.58233	2.969576	3.319456	2.451655	3.129613	-1000	23.43718
588848900971299433	145.42555831	0.82537848	24.41076	23.19495	22.0992	21.30115	20.71523	0.7232249	4.58233	4.583522	2.969621	2.045086	2.91098	-1000	22.61142
588848900971299437	145.43358366	0.73613774	22.94193	23.19376	21.45741	20.9148	21.01748	1.165606	2.968804	2.969576	2.947588	1.802843	4.583	-1000	25.26424
588848900971299471	145.46337075	0.76592852	23.45185	24.70177	21.54722	21.45796	21.46908	1.176841	7.356313	2.969576	2.969621	2.969343	0.9068613	-1000	30.76904
588848900971299472	145.46333768	0.79294916	24.42138	23.53896	21.93285	21.9669	20.92374	1.72368	7.356313	2.969576	7.358338	2.969343	4.2945	-1000	26.69785
588848900971299488	145.48733934	0.77738847	22.00232	21.84157	20.49534	21.25509	19.94305	1.92797	0.08258165	7.358226	2.969621	1.475704	0.06859397	-1000	22.42822
588848900971299503	145.49791016	0.73546683	22.62786	26.65502	20.79667	21.6674	20.47884	5.149875	2.968804	2.969576	18.01725	18.01556	18.01493	-1000	21.8702
588848900971299518	145.50792625	0.69715671	22.95144	22.78126	21.57048	21.57692	21.64524	1.767604	18.01229	2.969576	2.969621	2.969343	1.510867	-1000	22.58522
588848900971299524	145.51379283	0.72693187	24.83168	23.50622	22.48596	22.24962	22.1386	0.6193737	2.968804	2.969576	1.139768	2.427305	4.583	-1000	22.88754
588848900971299536	145.52432384	0.68815325	22.8726	23.73092	22.39777	21.75201	21.27134	1.084325	4.58233	7.358226	2.969621	2.226422	1.644	-1000	23.14399
588848900971299550	145.53051891	0.70641412	24.66139	24.15052	22.46281	22.74343	23.00653	0.5482915	2.968804	4.583522	1.760163	2.969343	2.969238	-1000	23.342
588848900971299561	145.53933818	0.77212051	26.22233	22.60443	21.88263	21.94792	22.44409	1.270181	2.968804	2.969576	4.583591	4.583162	2.969238	-1000	22.5699
588848900971299567	145.54297077	0.64004697	23.67996	25.46742	21.22198	20.76998	19.85866	2.534539	2.968804	7.358226	7.358338	1.733749	3.945348	-1000	25.55144
588848900971299596	145.40644612	0.70313843	25.36308	24.43638	22.67175	21.52459	21.61171	0.854069	2.968804	2.969576	2.969621	1.694806	0.8801749	-1000	22.97824
588848900971299607	145.42274482	0.63584069	25.04078	22.69692	22.32179	21.6887	21.50176	1.94022	4.58233	2.969576	11.30498	2.577097	1.887293	-1000	23.09022
588848900971299620	145.43461375	0.66359859	25.90094	25.79351	22.47568	21.25756	20.69911	1.471936	2.968804	4.583522	2.969621	1.717	2.65128	-1000	25.51811
588848900971299632	145.44865411	0.79827257	22.88657	24.06833	23.13071	22.05402	22.04836	-9999	2.968804	2.969576	2.969621	2.969343	2.969238	-1000	24.75765
588848900971299636	145.46009295	0.81126981	25.27539	23.65169	22.67978	21.42384	20.75367	1.920937	4.58233	2.969576	2.969621	1.539007	1.784063	-1000	24.22967
588848900971299646	145.47416113	0.78370125	23.05705	23.6121	23.23626	21.82742	22.66916	4.013178	1.290474	2.969576	1.199004	2.699659	4.583	-1000	23.40557
588848900971299651	145.48418681	0.76695918	24.86128	23.1701	22.8898	21.76474	21.56355	1.034274	4.58233	7.358226	2.969621	1.512194	2.969238	-1000	23.11035
588848900971299705	145.46700211	0.81549737	23.81672	25.39005	24.3743	25.41572	20.49094	1.091464	11.30187	2.969576	4.583591	2.969343	1.123992	-1000	23.8424
588848900971299716	145.54378987	0.70630274	23.69642	25.01012	24.32699	23.80344	20.56828	-9999	4.58233	2.969576	2.969621	2.969343	1.172643	-1000	25.79452
588848900971364423	145.61149189	0.78861921	23.39388	22.89024	22.16545	21.6372	23.10297	1.031578	2.969064	2.969459	2.970076	3.621594	7.357596	-1000	22.50988
588848900971364425	145.6066994	0.79176092	21.84293	21.22701	20.99905	19.50092	20.87926	1.824915	2.969064	2.969459	2.970076	2.96966	2.969321	-1000	22.50947
588848900971364426	145.6093326	0.78335571	23.41533	24.40199	23.417	22.19416	22.15312	0.4601943	4.582732	4.583341	2.970076	0.07711656	1.806657	-1000	23.49366
588848900971364472	145.70127523	0.73748058	25.55772	22.52656	22.51712	22.78027	21.41398	1.878879	2.969064	2.969459	2.970076	2.96966	2.969321	-1000	22.55258
588848900971364474	145.69602893	0.73512014	24.66568	23.93704	23.82873	21.61032	21.61778	2.362921	2.969064	2.969459	2.970076	2.96966	3.554984	-1000	23.19082
588848900971364528	145.60520945	0.65441784	21.55195	25.3925	26.28249	25.56054	23.5105	-9999	3.525218	2.969459	2.970076	0.2767034	2.969321	-1000	25.6742
588848900971364555	145.6549008	0.63750527	25.32753	23.63928	22.258	21.60331	21.7165	0.6842194	2.969064	2.969459	1.390484	1.677477	3.511843	-1000	23.07957
588848900971364607	145.63503091	0.79471545	25.35003	24.35971	22.63741	21.82483	21.61508	0.980755	2.969064	4.583341	2.970076	1.759468	2.969321	-1000	24.8273
588848900971364622	145.68919338	0.68292838	22.98231	23.62633	22.41438	22.67404	21.27106	0.920585	0.6865962	2.969459	2.970076	2.96966	1.538754	-1000	23.53827
588848900971364663	145.57575626	0.78196986	22.1442	25.4716	25.55334	24.71587	22.18386	3.090731	1.892413	2.969459	2.970076	4.583652	4.583129	-1000	24.99777
588848900971364666	145.59304136	0.73486379	22.08107	21.66912	22.2565	21.21053	20.41108	0.6511201	2.969064	1.725038	2.593698	2.398586	1.939586	0.2076946	21.71507
588848900971364680	145.63159652	0.77226808	22.10562	21.33609	20.39526	20.11269	19.70702	1.04602	1.341588	2.969459	1.992058	1.906423	3.272094	-1000	21.13457
588848900971364681	145.63305891	0.77295669	26.1076	21.13051	20.43662	20.84606	19.95029	1.315819	2.969064	2.969459	2.970076	2.96966	68.29183	-1000	22.43915
588848900971364719	145.56026973	0.75585705	24.1096	21.76286	19.7774	19.02913	18.4875	1.676825	18.01387	2.969459	3.93019	3.714962	2.902945	-1000	22.015
588848900971364722	145.56156228	0.72071974	23.30909	22.57806	21.5149	21.25158	20.68995	0.8222492	0.862604	2.969459	1.595191	1.787676	1.015687	-1000	22.18831
588848900971364727	145.56472659	0.75827413	23.2237	22.35065	21.26701	20.74661	20.10313	0.8700958	7.356958	2.969459	2.064212	2.091727	1.532818	-1000	21.98543
588848900971364728	145.56515777	0.68443358	24.96369	21.92649	20.54151	19.86628	19.50639	0.9610978	0.2758754	2.123147	2.11917	2.073351	1.993312	0.1283545	22.12775
588848900971364745	145.5761918	0.65343331	24.70323	22.57784	22.21864	21.726	21.42447	0.7975377	0.2662198	2.969459	2.970076	2.96966	1.352463	-1000	22.9759
588848900971364752	145.57988502	0.66783166	23.39899	22.12374	20.96355	20.60186	19.9813	1.180978	2.969064	2.969459	3.006988	2.721202	7.357596	-1000	22.13373
588848900971364762	145.58794136	0.68480458	23.21094	22.77978	22.18319	22.40098	21.97596	0.6979991	2.969064	2.969459	1.525797	0.9374661	2.969321	-1000	23.28551
588848900971364778	145.59318416	0.71596924	23.80755	22.33887	21.32473	21.00634	21.04259	1.101465	2.969064	2.969459	2.106162	3.969732	1.694027	-1000	21.82286
588848900971364789	145.5964023	0.75488435	23.71387	22.39022	21.32296	21.15481	20.92931	1.222821	11.30286	2.969459	2.970076	1.84339	2.251179	-1000	22.18312
588848900971364798	145.60204044	0.64133712	23.84413	23.09233	21.98107	21.20008	21.0349	0.6169546	7.356958	2.969459	1.176225	2.095881	1.294233	-1000	22.84605
588848900971364829	145.61194339	0.73468132	23.74497	24.39001	23.27873	21.82806	22.37378	0.8806259	2.969064	2.969459	2.970076	1.22082	1.045437	-1000	25.13877
588848900971364844	145.61760519	0.67361359	22.39907	22.34797	21.21124	20.90006	20.66205	0.8438572	2.969064	2.969459	2.144398	1.3829	2.628964	-1000	22.51074
588848900971364851	145.6196697	0.67019518	23.21253	22.57599	21.52726	21.10124	22.06489	1.008334	0.1005937	2.969459	2.457073	2.173753	2.812175	-1000	23.15218
588848900971364860	145.62855677	0.77217693	22.58474	21.69947	21.06212	20.90261	20.31182	1.307193	2.969064	2.969459	2.842734	2.445575	7.357596	-1000	21.17983
588848900971364887	145.64803165	0.80108439	22.94926	22.46015	21.85285	21.40121	20.80622	0.7280124	2.969064	2.969459	1.69158	2.45616	1.577847	-1000	22.67867
588848900971364888	145.64897459	0.70020833	23.46463	22.7212	21.5741	21.16104	20.92629	0.8435616	0.8102196	2.969459	1.64269	1.630761	1.966761	-1000	22.77133
588848900971364900	145.65510946	0.70784493	22.63189	22.04734	20.99066	20.31904	20.2511	1.145571	0.08308098	2.969459	2.273036	2.879516	3.863153	-1000	22.08461
588848900971364925	145.66368508	0.65237902	22.33958	21.25241	20.53232	20.23733	19.94302	1.327771	7.356958	3.321231	2.86831	2.749215	1.780877	0.4707325	21.15092
588848900971364929	145.66682139	0.81226135	23.5124	22.36388	20.60839	20.0195	19.65033	2.537783	2.969064	11.30436	11.30671	2.613189	3.336668	-1000	21.14981
588848900971364936	145.66760882	0.71642968	22.95569	21.34185	27.04825	25.56727	25.15039	-9999	0.7504776	7.357935	2.970076	2.96966	7.357596	-1000	22.18675
588848900971364946	145.67150727	0.78961239	22.26131	21.57247	20.42581	19.85183	19.48916	1.429177	1.206302	2.969459	3.417509	3.645267	2.063288	-1000	21.96146
588848900971365003	145.55500589	0.76761722	26.04373	23.84114	21.89223	22.21142	21.06923	0.6727757	0.06594219	2.969459	1.494162	2.96966	1.342103	-1000	25.9943
588848900971365016	145.56280774	0.74197624	24.71107	23.31752	22.10392	21.68372	20.63922	1.041013	2.969064	2.969459	1.901558	7.358435	11.30384	-1000	23.54082
588848900971365027	145.56916748	0.83143135	24.50828	23.15207	21.67614	20.6792	19.81611	1.365034	2.969064	2.969459	2.970076	1.057357	2.446276	-1000	23.06861
588848900971365045	145.57901695	0.68766113	24.64017	23.72998	22.31935	21.29675	21.10635	0.6238782	2.969064	1.942707	1.481765	1.270083	1.136535	0.9693227	23.69453
588848900971365072	145.59766574	0.68319834	23.73004	23.95111	21.90521	21.3793	21.17959	0.6642708	2.969064	2.969459	2.970076	1.581445	2.434491	-1000	24.14593
588848900971365121	145.62108799	0.65016111	24.25495	23.32415	21.80965	21.11185	20.55455	0.6725	2.969064	2.969459	1.361603	1.416301	1.469441	-1000	23.49827
588848900971365123	145.62349251	0.74684827	25.2831	22.95625	20.69638	20.19728	19.43958	1.453929	2.969064	2.969459	7.359465	1.721584	1.956321	-1000	23.79465
588848900971365129	145.62775158	0.63205823	23.57235	23.57035	22.43744	21.44338	22.18661	0.8690033	2.969064	2.969459	2.970076	3.297363	0.06435264	-1000	25.44973
588848900971365138	145.63794145	0.65363394	23.36325	23.15399	22.01956	22.64567	23.03638	2.268658	11.30286	2.969459	11.30671	2.96966	2.969321	-1000	27.41006
588848900971365142	145.6397495	0.70616079	23.82531	23.39623	21.50235	20.8547	20.74035	1.158757	0.6774758	4.583341	2.970076	7.358435	1.117945	-1000	22.77289
588848900971365145	145.64024946	0.7622582	23.84381	22.3823	20.90929	20.03988	19.64721	1.81334	2.969064	18.01626	2.970076	2.4075	2.282408	-1000	22.26183
588848900971365149	145.64151516	0.63442142	22.95249	23.19275	22.19975	21.58857	22.25229	0.5785725	1.319506	2.969459	1.234675	2.96966	4.583129	-1000	23.1849
588848900971365206	145.68179332	0.82756312	26.33704	23.4204	21.70871	21.40454	21.49421	0.9363835	2.969064	2.969459	2.002885	2.396591	1.820299	-1000	23.78061
588848900971365245	145.562094	0.69158721	24.29245	23.38803	22.96662	21.23237	21.05087	-9999	2.969064	7.357935	2.970076	1.904585	7.357596	-1000	23.41955
588848900971365249	145.56795887	0.81972275	24.31866	25.50203	23.02051	21.89486	20.66696	0.5155914	4.582732	4.583341	2.970076	1.099473	1.594067	-1000	25.10778
588848900971365315	145.68731053	0.75970689	23.50109	24.1491	23.83759	21.65094	20.74495	1.930921	1.018864	2.969459	2.970076	1.415151	2.838328	-1000	25.35567
588848900971365320	145.69469207	0.7803609	24.96708	26.017	23.02438	21.58571	20.7883	2.572628	2.969064	0.285156	0.8958443	2.96966	0.9592139	0.08946162	27.77156
588848900971365326	145.70291842	0.76612434	24.33775	25.11235	23.37174	21.79979	20.84975	0.2725469	2.969064	2.969459	2.970076	2.96966	2.171562	-1000	27.52118
588848900971365348	145.67094922	0.64640102	24.6167	24.48203	24.62989	24.77981	20.4071	-9999	4.582732	2.969459	2.970076	2.96966	1.150639	-1000	23.99782
588848900971365353	145.6496584	0.72306489	25.64065	22.38798	23.65633	21.80766	22.65071	-9999	2.969064	0.09134869	0.1025323	7.358435	4.583129	0.05153229	25.10896
588848900971429896	145.72732429	0.80923565	22.28725	21.9539	21.18623	20.02587	19.84585	1.518425	2.969262	2.968944	3.308687	4.028346	3.394288	-1000	21.99727
588848900971429900	145.72993793	0.81032122	23.13645	23.22214	22.68933	21.24	20.48864	1.308617	4.583037	2.968944	4.584076	27.91639	1.374467	-1000	23.54615
588848900971429912	145.73180622	0.81043665	23.04085	25.71982	23.10178	20.80794	20.81719	1.884944	2.969262	18.01314	2.969935	2.528615	1.938111	-1000	24.05243
588848900971429935	145.74826188	0.8284333	23.23016	22.79692	21.19212	20.97527	21.10296	1.339447	2.969262	2.968944	2.108231	2.969401	2.969867	-1000	23.51993
588848900971429941	145.75052957	0.82866033	24.30843	22.91743	22.1016	19.79305	19.95966	2.189869	2.969262	2.968944	2.969935	3.037316	1.895748	-1000	23.44257
588848900971429987	145.8428646	0.68247282	24.84254	22.72453	21.87095	21.06481	20.18256	1.450943	7.357448	2.968944	2.969935	3.794044	2.620049	-1000	21.79319
588848900971430081	145.81919984	0.70447683	23.3057	23.16497	22.03309	21.7021	21.22765	0.7244372	2.969262	4.582546	1.589107	1.721039	1.784774	-1000	23.12341
588848900971430122	145.75676782	0.75497653	24.68449	23.7438	21.80054	21.19074	20.39332	0.6726311	2.969262	2.968944	1.501691	1.620362	1.940665	-1000	24.5294
588848900971430148	145.78788055	0.71934945	26.12682	24.63556	22.64202	21.51746	21.25126	0.8604725	2.969262	2.968944	2.969935	1.528829	2.32826	-1000	25.66375
588848900971430156	145.80010505	0.70441672	23.95219	20.64041	19.03672	18.42655	18.0004	1.265841	2.969262	4.302855	2.904029	2.721249	3.137086	0.5099761	20.50573
588848900971430187	145.8456498	0.66888806	22.16357	22.12594	21.23147	20.79987	22.15573	1.328502	2.969262	2.968944	2.731312	2.358991	0.9176354	-1000	22.52625
588848900971430243	145.80506564	0.6402674	22.00404	21.46664	20.77361	20.72667	20.27353	1.058056	2.969262	2.106965	2.055976	1.610818	1.593644	0.404689	21.59555
588848900971430244	145.80603434	0.63928205	24.13465	23.22299	22.04587	21.84813	21.56096	0.8007321	2.969262	2.968944	1.662838	1.41343	1.751466	-1000	22.9174
588848900971430286	145.70496343	0.72903903	23.70856	22.93688	22.24906	22.44047	23.38099	0.5542155	0.4146641	2.968944	2.229193	2.969401	2.969867	-1000	24.34458
588848900971430296	145.71291178	0.67083895	23.27968	22.24995	21.03902	20.65268	20.62679	1.079596	4.583037	2.968944	2.50123	2.642965	2.394515	-1000	22.24196
588848900971430297	145.71362689	0.76258294	25.44231	22.5155	21.3149	20.20857	19.62308	0.9157302	0.263379	2.968944	1.949878	1.871162	1.907835	-1000	22.72581
588848900971430322	145.73295543	0.75046377	22.72767	21.49155	20.90279	20.5341	20.01595	1.748558	2.969262	2.968944	2.969935	2.989427	27.92077	-1000	21.25773
588848900971430350	145.75316863	0.67943542	21.84629	20.83005	19.8473	19.29235	19.15418	1.893811	11.30361	2.968944	3.79278	3.669193	6.409338	-1000	20.93263
588848900971430363	145.76258109	0.83304117	23.11457	22.83329	23.20185	23.26365	21.61399	0.7527282	2.969262	2.968944	2.969935	0.09558155	0.9973176	-1000	23.50752
588848900971430431	145.81235086	0.78902233	25.13985	22.12297	20.40583	19.81849	19.45561	1.03623	2.969262	2.968944	2.064532	1.901382	2.704748	-1000	22.18781
588848900971430461	145.83380305	0.81201604	24.46342	22.37081	21.82841	21.75172	21.3857	0.8210723	2.969262	2.968944	1.877884	2.969401	2.126629	-1000	22.33902
588848900971430465	145.83440309	0.69136613	24.8302	23.91075	22.65168	22.17308	21.7611	1.227922	2.969262	2.968944	2.969935	1.535725	1.032839	-1000	23.66258
588848900971430477	145.84392233	0.6640182	21.40207	19.86569	19.06792	18.63811	18.32082	2.437855	2.969262	4.743066	5.522108	4.748298	5.272809	0.4074611	19.8706
588848900971430482	145.84584619	0.78050133	26.67237	22.37908	23.11322	22.8193	22.09801	1.228126	4.583037	2.968944	2.969935	2.969401	2.969867	-1000	22.60561
588848900971430508	145.70572558	0.7930728	24.0171	24.18677	22.15999	21.94239	21.08257	0.8824599	1.799986	4.582546	1.897019	2.969401	2.570273	-1000	23.55272
588848900971430517	145.71768044	0.67662432	23.20847	23.02774	22.00024	21.64521	21.60865	2.487075	2.969262	2.968944	2.969935	1.968037	2.19992	-1000	23.8519
588848900971430524	145.7198715	0.67439589	25.20639	24.07326	21.85174	20.95073	20.14369	1.795236	2.969262	2.968944	7.359116	3.657192	4.550062	-1000	27.09783
588848900971430525	145.71992707	0.65609678	22.79348	23.06492	22.46884	22.1106	22.67351	0.7083228	0.7760618	2.968944	1.599033	3.060989	0.284572	-1000	22.95472
588848900971430567	145.75683479	0.72532483	24.26881	22.89414	22.0725	22.29181	21.827	0.5796818	0.5789644	27.91209	1.990794	1.873796	2.21825	-1000	22.1745
588848900971430589	145.76892021	0.68209354	25.04455	24.51373	21.87863	20.93368	20.42219	0.941193	0.2324741	2.968944	1.723283	1.333623	1.794276	-1000	26.00653
588848900971430651	145.81224351	0.68960091	23.08488	23.4168	22.43985	21.73741	20.75623	1.119094	4.583037	2.968944	2.969935	1.89523	1.285429	-1000	23.20665
588848900971430663	145.8196339	0.80847713	22.31511	22.10673	20.48474	19.54394	19.00894	1.773723	11.30361	2.968944	3.662449	2.498688	11.30591	-1000	22.00432
588848900971430665	145.81952384	0.77149794	25.30261	23.89332	22.16837	24.39733	21.83772	1.096113	2.969262	2.968944	2.969935	2.969401	4.583971	-1000	23.60696
588848900971430700	145.84181377	0.77681191	24.61358	23.19193	21.58397	22.50472	20.86369	1.515637	2.969262	11.3024	2.969935	2.969401	1.30188	-1000	22.5865
588848900971430702	145.8428582	0.7610605	22.51684	22.6119	21.51405	21.43545	20.55501	1.225273	2.969262	2.968944	2.969935	2.466412	1.722927	-1000	22.52477
588848900971430726	145.85184735	0.7917128	23.80882	23.15442	22.43535	21.9778	21.88053	0.5998797	2.969262	2.968944	1.313185	1.411793	1.010459	-1000	23.13103
588848900971430751	145.70876884	0.68092511	23.40964	24.41064	22.85844	21.0135	20.9949	0.7657983	4.583037	2.968944	0.8185148	1.347537	2.209607	-1000	24.22625
588848900971430811	145.78708058	0.76412471	24.52221	24.22958	22.76107	21.87052	21.2035	1.000131	2.969262	2.968944	1.317646	1.882585	1.750635	-1000	24.96746
588848900971430813	145.7880455	0.67660691	21.64467	22.06826	20.27161	19.09687	20.18195	3.142109	0.1013613	43.75462	2.969935	43.76135	3.004238	-1000	29.88162
588848900971430831	145.81192903	0.77066991	24.56216	22.38995	22.17315	20.96415	20.8681	1.904951	0.7165408	2.968944	11.30617	2.7992	11.30591	-1000	22.54952
588848900971430902	145.82989789	0.72088962	24.54522	23.34814	23.15058	21.79043	21.8273	0.8255123	2.969262	27.91209	2.969935	2.122444	1.763199	-1000	22.91385
588848900971430905	145.77061002	0.72606109	21.87064	20.06518	27.82411	23.63657	25.20105	-9999	18.01507	18.01314	2.969935	2.969401	2.969867	-1000	20.56423
588848900971430906	145.778316	0.8177122	20.22688	20.20725	21.51677	22.52166	21.28918	1.695203	4.583037	2.968944	2.969935	2.969401	2.969867	-1000	21.84672
588848900971495496	145.93869626	0.69528376	24.49331	24.21218	22.1922	21.57814	21.8065	1.293398	2.968739	2.968655	2.969973	2.969034	18.01452	-1000	23.95889
588848900971495581	145.91872659	0.83364529	23.21601	22.29819	20.32356	19.70986	18.98157	1.213017	0.4296453	2.968655	2.78216	3.274209	3.309133	-1000	22.34025
588848900971495629	145.96890441	0.83396626	21.94495	22.8302	22.2288	21.07391	20.67297	1.736901	2.968739	2.968655	2.969973	3.110445	1.88185	-1000	22.64727
588848900971495645	145.98710114	0.80609047	20.19533	18.99359	18.25773	17.79074	17.54022	1.24001	2.563901	2.418376	2.586142	2.599417	2.779428	0.09687033	19.10143
588848900971495672	145.89850778	0.81545219	20.85729	19.31134	18.65647	18.24401	17.94671	1.717975	2.968739	4.194025	3.849349	3.795993	4.799804	0.3572316	19.3338
588848900971495707	145.88425967	0.6868094	24.23794	21.40575	19.61126	18.94034	18.36827	1.437688	11.30162	2.968655	3.250344	2.996686	2.67671	-1000	21.25775
588848900971495739	145.88259023	0.77269466	22.11683	25.25877	24.24718	23.10812	22.50497	-9999	1.032319	4.5821	2.969973	2.969034	2.969172	-1000	25.28399
588848900971495754	145.90854208	0.65407631	19.89501	20.43719	20.05157	19.6538	27.04998	3.127792	0.701307	4.5821	2.969973	4.582686	2.969172	-1000	22.7573
588848900971495756	145.91267401	0.8068142	21.12366	20.63925	19.90494	19.63652	19.20418	1.169482	2.553632	1.939034	2.394435	2.156886	2.412055	0.2367079	20.65999
588848900971495776	145.95599726	0.65424946	21.06402	24.73011	23.52449	24.71497	22.1188	4.254989	2.859692	0.6346682	2.969973	2.969034	2.969172	0.5533327	26.44923
588848900971495805	145.85380801	0.76041595	21.98183	20.91135	20.22866	19.92537	19.57991	1.013027	2.968739	2.788657	2.126386	1.996461	2.653659	0.6092511	20.82344
588848900971495857	145.88216417	0.76771675	25.36488	22.65802	21.7318	21.60208	21.87882	0.7173722	11.30162	2.968655	1.440778	1.780661	1.174376	-1000	22.38875
588848900971495898	145.9080164	0.6315327	25.3804	22.14915	20.33494	19.62565	19.34274	1.227131	2.968739	2.968655	3.24878	2.691166	1.642925	-1000	22.49401
588848900971495922	145.92030407	0.74471698	25.32451	21.89581	20.26153	19.67193	19.08712	1.113544	7.356152	2.968655	2.477766	2.038716	2.456662	-1000	21.751
588848900971495926	145.92283542	0.70523771	23.2222	22.84935	21.92005	21.18283	20.64669	0.8066273	2.968739	2.968655	2.969973	2.136844	18.01452	-1000	22.91987
588848900971495954	145.93874952	0.715867	23.19487	22.32706	22.01466	21.62234	21.18901	1.297438	7.356152	1.901743	2.969973	1.421706	2.564544	0.3254578	22.58227
588848900971495958	145.93998756	0.73274082	23.27042	22.44651	22.39782	21.78952	21.86459	0.8547317	4.58223	7.355945	2.969973	1.38682	0.6012735	-1000	22.43561
588848900971495968	145.94510145	0.77754041	24.72984	22.75759	21.92674	21.20038	20.97258	0.981545	2.968739	2.968655	2.969973	2.117501	3.510679	-1000	22.63577
588848900971496000	145.96653371	0.63250581	23.48481	21.55982	20.87651	20.41027	20.11768	0.8678284	2.968739	1.61349	1.920962	1.660455	2.699989	0.2947949	21.69709
588848900971496004	145.96726086	0.76677487	22.42038	22.32377	21.43061	21.28692	20.73857	0.9163721	4.58223	2.968655	1.888711	1.314086	1.697648	-1000	22.43376
588848900971496005	145.96629444	0.76534404	22.50312	22.43244	21.63589	21.36502	20.63013	0.7583035	2.968739	2.968655	2.520399	1.37145	3.502386	-1000	22.10886
588848900971496006	145.96707158	0.76607647	25.05294	22.72333	21.86944	21.71111	22.15853	0.8234169	2.968739	2.968655	1.815599	2.550693	1.758354	-1000	22.60126
588848900971496015	145.97155716	0.65017852	22.67588	22.73386	22.12255	21.88254	21.91185	0.6064597	2.968739	2.968655	1.573548	1.521043	2.194284	-1000	22.43072
588848900971496022	145.9786571	0.7416601	22.79529	22.44762	21.08644	20.71518	20.45351	0.9548061	2.968739	1.165053	1.802598	1.877089	3.550464	0.2107615	22.51189
588848900971496105	145.86227261	0.7842261	25.52912	23.28753	22.08311	21.49062	20.84091	0.8037711	4.58223	4.5821	1.530073	2.982237	7.357225	-1000	22.89122
588848900971496108	145.86510517	0.6585223	23.81421	23.13485	22.16537	22.87098	21.27312	0.8259395	4.58223	2.968655	2.969973	1.055455	2.854863	-1000	23.91841
588848900971496129	145.87874543	0.80070946	23.90917	24.13319	22.26798	21.72055	21.36584	1.32866	0.7502384	7.355945	7.35921	2.633609	2.810716	-1000	22.38451
588848900971496130	145.87949352	0.7353704	23.0151	23.13279	22.06743	23.77755	21.98833	0.439851	1.18542	2.968655	1.192315	2.969034	0.675138	-1000	23.33609
588848900971496155	145.89633773	0.74948461	24.23895	23.2443	22.05183	22.50976	22.61488	0.9751471	4.58223	2.968655	2.969973	4.582686	2.969172	-1000	22.4236
588848900971496158	145.89731441	0.76891101	23.18367	22.79685	21.53676	21.33015	22.28666	2.913249	2.968739	2.968655	2.969973	1.259791	1.062103	-1000	21.9683
588848900971496174	145.90416701	0.63213151	23.66837	23.30785	22.31405	21.7665	20.9568	0.614033	2.968739	2.968655	1.148535	1.475005	2.402508	-1000	22.8783
588848900971496200	145.91661492	0.81678155	25.74931	23.28169	21.5533	21.4532	20.05765	0.868138	2.968739	2.968655	2.969973	2.969034	7.357225	-1000	23.58323
588848900971496203	145.91791354	0.73537034	24.23616	24.45857	22.19747	24.02815	21.91793	0.6254074	7.356152	7.355945	1.093867	7.356884	2.969172	-1000	24.41694
588848900971496212	145.92264558	0.65250974	24.96716	23.24561	21.57303	20.58511	20.26043	1.031402	4.58223	7.355945	2.537134	1.507256	3.387919	-1000	22.15411
588848900971496225	145.92649218	0.71451912	22.74638	23.24771	22.12357	21.62906	20.91239	0.7519079	1.824534	2.968655	1.399251	1.855498	1.714297	-1000	23.32907
588848900971496260	145.94972497	0.81423169	24.74428	23.53557	21.98994	21.12777	21.87941	0.7920634	4.58223	4.5821	1.575879	1.534208	2.969172	-1000	24.00047
588848900971496308	145.97658001	0.7317703	25.02104	23.1802	21.97662	20.63814	20.15535	0.758509	2.968739	2.968655	1.639668	1.32534	3.472252	-1000	22.62795
588848900971496331	145.98742588	0.7918937	23.95132	22.99825	21.98463	21.49434	20.92894	0.6647741	7.356152	7.355945	1.209881	2.969034	2.143906	-1000	23.31074
588848900971496347	145.99193057	0.78268143	23.29609	23.16716	22.52085	22.39732	21.24388	0.4301459	2.968739	2.968655	2.969973	1.209517	2.741471	-1000	22.99358
588848900971496428	145.91245458	0.70479814	25.93821	24.12538	23.36491	22.0158	21.91275	1.01482	2.968739	0.7569234	4.584135	1.67205	0.2212705	0.6715358	23.78781
588848900971496453	145.95854203	0.76327982	25.03907	24.42872	23.17891	21.65664	22.1488	1.173434	4.58223	2.968655	2.969973	1.200789	11.30327	-1000	24.85418
588848900971496456	145.96263343	0.75117554	25.87273	24.17731	22.9261	21.86501	21.64938	1.273048	2.968739	4.5821	2.969973	2.120077	3.051283	-1000	23.96079
588848900971496463	145.97023563	0.68186929	23.96336	22.61531	22.20634	21.24921	21.76004	2.324311	2.968739	2.968655	11.30632	2.969034	2.969172	-1000	22.99482
588848900971496502	145.99067679	0.70299318	24.18234	24.49739	24.17424	24.44611	20.52929	2.131537	2.968739	7.355945	7.35921	7.356884	3.533025	-1000	23.45831
588848900971496523	145.9483853	0.7094753	22.54443	22.63295	22.41292	21.45062	21.27644	0.7741916	2.968739	27.90938	1.208138	2.417276	7.357225	-1000	22.31845
588848900971560988	146.02886024	0.7289931	24.39649	24.05859	24.92604	21.92669	23.26465	2.126309	2.969659	2.968987	2.969686	1.355663	2.968729	-1000	23.28049
588848900971560992	146.01276927	0.73779773	26.40711	23.0252	21.32285	20.93586	20.8141	1.937988	2.969659	0.09654763	2.969686	3.253322	2.968729	0.04059484	22.86067
588848900971561052	146.09646738	0.81642791	22.33834	19.82247	18.7421	18.25336	17.8616	1.494208	2.363343	2.854216	3.39877	3.300533	2.406788	0.2169753	19.9118
588848900971561075	146.11706974	0.68639224	24.30592	23.90676	22.45858	21.21446	20.36458	0.6564127	2.969659	2.968987	1.307367	1.379331	3.400538	-1000	24.24268
588848900971561113	146.13007846	0.77933035	25.14279	23.53145	23.13888	21.4493	20.23503	1.298559	0.2660788	2.968987	2.969686	3.026541	3.897044	-1000	23.08216
588848900971561120	146.12854683	0.77098009	25.16928	25.9116	23.49719	21.4247	23.70072	0.4782975	2.969659	2.968987	2.969686	2.969397	2.968729	-1000	25.83517
588848900971561127	146.13466142	0.7057391	23.73893	22.33737	21.46699	21.10021	21.12501	0.8912178	2.969659	2.968987	2.980719	3.660735	3.765455	-1000	21.77802
588848900971561134	146.13921442	0.69783923	26.27661	22.20853	21.55266	21.37609	20.75311	1.399596	2.969659	2.968987	2.969686	2.300637	2.968729	-1000	22.41273
588848900971561163	146.00724276	0.67889908	18.4196	16.92884	16.2667	15.88418	15.63235	4.860291	2.969659	11.37517	11.19298	10.72289	9.202802	1.360466	16.92192
588848900971561170	146.01226048	0.76562991	18.77962	17.73466	17.1982	16.86865	16.63783	4.144458	2.969659	8.818936	8.965322	8.538695	9.570985	0.5677537	17.91555
588848900971561178	146.02011827	0.70190751	23.07593	22.40504	21.35432	20.95842	20.5746	0.8404194	2.117787	2.968987	1.919649	1.696596	1.724866	-1000	22.25589
588848900971561191	146.06942895	0.69819749	20.93717	18.95379	17.67874	17.16011	16.75607	1.789754	27.91881	4.497218	4.421663	4.231618	4.199725	0.3642822	18.93338
588848900971561242	146.13023902	0.64055291	21.54425	20.63011	19.94143	19.44598	19.06052	0.8956547	27.91881	1.649083	1.928326	1.967307	2.016432	0.1571697	20.82615
588848900971561261	146.15241517	0.80161145	21.38063	19.88202	19.21413	18.78275	18.48689	1.487465	2.969659	4.303006	3.339149	3.206265	3.792388	0.8552558	19.87088
588848900971561302	146.08664237	0.71638306	21.48023	19.62124	18.65712	18.16635	17.59579	2.002901	0.0932903	3.883791	4.525089	3.265373	2.906478	0.3037908	19.48436
588848900971561331	146.04276239	0.75976384	22.89658	22.10549	21.04174	20.31108	19.85889	1.174926	0.8327784	2.968987	2.849374	2.428106	7.356129	-1000	22.05296
588848900971561332	146.04278617	0.76185386	22.24814	21.96254	21.08896	20.79469	20.13644	0.9565138	1.516739	1.615888	2.139296	1.631201	3.12528	0.2353394	22.03372
588848900971561380	146.03802295	0.71152992	23.34342	22.19798	20.53182	19.89823	19.46254	1.119223	0.057344	1.834229	2.345819	2.421643	2.2421	0.3068639	23.326
588848900971561391	146.05766916	0.65422373	22.03049	24.21895	25.74737	24.75532	23.41939	3.299976	1.779837	4.582613	2.969686	2.969397	2.968729	-1000	23.29988
588848900971561405	146.09580146	0.77770179	21.47558	20.18843	19.37135	18.95476	18.58917	1.324358	2.30451	2.69577	2.521074	2.459583	2.579563	0.1434528	20.20268
588848900971561444	146.00809378	0.78968418	24.12999	22.95719	22.22563	21.90637	21.62039	0.6480901	2.969659	2.120007	1.176968	2.969397	0.09244963	1.976121	22.67726
588848900971561448	146.01133006	0.75931111	23.91891	22.90278	22.35404	22.02288	21.49193	0.7140596	2.969659	1.967276	1.550552	1.772956	1.092549	0.1798909	23.07193
588848900971561461	146.0228594	0.78622973	24.09222	22.58294	21.19638	20.41412	19.789	0.9154557	7.358431	2.968987	2.034782	3.05292	2.533219	-1000	22.39111
588848900971561528	146.06324777	0.78357243	22.37436	21.34418	19.70188	18.96547	18.43183	1.297023	18.01748	2.968987	2.596162	3.264796	7.951127	-1000	21.35619
588848900971561552	146.06889898	0.77163403	22.58935	21.28453	20.09837	19.7568	19.4508	0.9375933	2.969659	1.904517	1.92353	1.967049	1.488524	0.2486742	21.42716
588848900971561559	146.07207273	0.71528068	22.38439	20.89373	19.8778	19.42084	19.08725	1.067506	2.969659	2.294448	2.21941	2.224762	3.980587	0.3991245	20.86256
588848900971561618	146.10973937	0.80792875	26.21574	22.94468	21.0603	20.22548	19.97979	0.8402158	11.30512	2.968987	1.560214	1.446306	2.158499	-1000	23.59183
588848900971561630	146.11381928	0.75812334	24.6935	24.0412	23.12187	21.47124	20.88806	1.591439	0.5840089	2.968987	2.969686	2.495413	1.218473	-1000	23.88884
588848900971561664	146.13594643	0.6923708	23.99367	22.21486	24.86049	24.22641	22.91566	-9999	2.969659	1.382056	4.583692	2.969397	2.968729	0.1618549	22.39076
588848900971561670	146.1263329	0.73422388	25.57515	22.62738	21.46545	20.80412	20.2753	0.8756807	2.969659	2.968987	1.675179	1.608455	2.025872	-1000	22.92409
588848900971561773	146.03036306	0.70018	23.27999	23.80016	22.14033	21.64847	20.74008	0.6631879	4.58365	2.968987	2.128062	1.415561	2.506858	-1000	23.85358
588848900971561774	146.03048757	0.69464553	23.58702	23.64203	22.34072	21.91517	21.73842	0.7152821	1.068315	2.968987	1.314879	1.379055	1.020897	-1000	23.25996
588848900971561821	146.05676625	0.64948886	24.60357	24.45575	22.04119	20.88217	20.0581	1.086145	0.2824821	4.582613	2.969686	1.94221	1.736265	-1000	25.27111
588848900971561842	146.06694753	0.75635682	25.82585	23.93712	22.39495	22.36255	21.8344	0.4529007	2.969659	2.968987	1.622795	0.9416388	2.968729	-1000	24.02856
588848900971561890	146.09005717	0.70283378	24.40373	23.49692	22.83014	22.28341	22.5409	-9999	2.969659	2.968987	2.969686	1.658177	2.968729	-1000	22.94439
588848900971561914	146.09844774	0.79528727	24.19546	22.68147	20.84672	20.07644	19.80061	1.107188	4.58365	2.968987	2.481908	2.653376	4.112739	-1000	22.0324
588848900971561940	146.1090988	0.82969682	23.82009	23.92657	22.03281	21.29806	20.69885	0.5558569	2.969659	2.968987	2.969686	1.829604	2.791794	-1000	26.71988
588848900971561970	146.12641311	0.74124228	22.96357	23.51824	22.34081	21.97792	21.73708	0.5605441	2.969659	2.968987	1.650961	1.11638	7.356129	-1000	24.80714
588848900971561973	146.12915362	0.7339638	23.78514	23.64133	22.36653	21.62483	21.75155	0.8287371	4.58365	2.968987	2.969686	1.831057	0.7326448	-1000	23.42659
588848900971561980	146.13266709	0.73340029	22.87399	23.50577	22.12333	21.52372	21.95716	0.7349605	11.30512	2.968987	2.969686	2.313334	2.968729	-1000	23.27184
588848900971561994	146.14112587	0.67929228	25.33939	24.07736	22.5214	23.56421	23.2243	-9999	2.969659	2.968987	2.969686	2.969397	4.582215	-1000	24.49298
588848900971562007	146.14645332	0.78886648	24.32709	24.35159	21.5479	20.73524	20.22784	0.790475	4.58365	2.968987	1.776221	1.242563	1.567411	-1000	27.93277
588848900971562042	146.01483497	0.77135382	23.41308	24.65717	22.84658	21.58669	21.34187	0.7947962	2.969659	4.582613	2.969686	1.780718	3.841441	-1000	23.82673
588848900971562047	146.02197577	0.79990289	24.80911	25.71024	22.95225	21.65756	19.87638	-9999	2.969659	0.09405922	1.188541	1.398772	6.052864	0.04086892	25.09758
588848900971562087	146.06058197	0.63659432	25.33353	24.11904	22.89515	21.87321	21.26115	0.7245455	2.969659	2.968987	1.304842	1.27348	2.286619	-1000	24.01356
588848900971562103	146.08306299	0.63680919	24.9194	23.99084	22.61407	21.87683	21.58565	0.6688078	4.58365	4.582613	1.123192	1.185522	1.058207	-1000	24.09831
588848900971562127	146.11266778	0.76835341	25.29983	23.97621	22.81966	22.03352	22.04995	0.3312675	0.2604197	2.968987	1.049466	1.544124	2.936594	-1000	24.88898
588848900971562193	146.08627963	0.83136786	22.6993	23.28165	21.14738	26.45592	22.4166	3.687626	2.969659	11.30256	11.30522	2.969397	0.6742156	-1000	21.68166
588848900971562196	146.14750778	0.75055599	23.64788	25.30062	22.24059	22.25227	21.74511	1.202588	7.358431	2.968987	2.027769	2.969397	1.205167	-1000	23.28677
588848900971562204	146.04584964	0.75644136	26.09908	27.28724	24.06649	26.7419	19.27529	0.8373314	0.2538978	2.968987	2.969686	0.6898632	3.70699	-1000	26.93724
588848900971626530	146.1645526	0.78972662	19.31923	18.27281	17.12224	16.56623	18.67553	8.942285	27.91859	27.91715	27.92172	2.969421	2.550035	-1000	18.70594
588848900971626532	146.1626552	0.80504127	24.86954	24.22565	22.76526	21.39107	20.79155	0.3523846	2.969635	2.969482	0.7604544	1.86445	1.432391	-1000	23.95155
588848900971626533	146.16885088	0.8000051	22.90509	22.08065	21.99366	21.24008	21.23912	0.8387846	2.969635	2.969482	1.609023	1.525964	2.969111	-1000	21.58064
588848900971626542	146.17694087	0.78576062	23.69524	23.39755	22.70791	21.15327	20.91823	1.110889	2.969635	2.969482	2.969968	2.969421	2.359895	-1000	22.5552
588848900971626574	146.21223016	0.83865576	25.90058	21.02609	21.10636	19.20269	19.42592	-9999	2.969635	27.91715	27.92172	27.91658	2.969111	-1000	20.59809
588848900971626641	146.29478579	0.74717475	25.9366	24.76652	22.98454	21.33153	23.07128	1.751727	2.969635	2.969482	2.969968	2.969421	4.582804	-1000	25.58454
588848900971626668	146.15711979	0.83763317	22.4561	21.99323	21.10333	20.40574	20.15647	1.639914	2.969635	2.969482	2.969968	2.463149	3.198445	-1000	21.81075
588848900971626754	146.21635501	0.65944121	19.82441	18.3903	17.25349	16.76277	16.43486	3.570665	27.91859	7.605836	7.41161	6.983019	7.360326	0.2771425	18.72025
588848900971626820	146.20228812	0.65836306	25.85736	23.39031	21.60369	20.84499	20.39808	1.154737	2.969635	7.357994	2.716788	3.102391	4.505633	-1000	22.54662
588848900971626821	146.20466924	0.65416632	21.98944	25.45558	25.37383	23.70439	22.93055	2.422389	1.257176	4.583377	2.969968	2.969421	0.2482332	-1000	26.13329
588848900971626831	146.22968322	0.65620786	24.67018	23.30623	22.57457	21.73038	20.90184	1.232184	2.969635	2.969482	2.969968	1.434385	3.295105	-1000	23.4737
588848900971626837	146.2510505	0.73352478	22.21284	21.3147	20.6432	20.34959	20.28342	0.6280842	2.969635	1.2717	1.248896	1.197063	1.141844	0.1064901	21.51142
588848900971626877	146.16127518	0.81381296	23.85595	22.34708	21.74983	21.55674	20.96551	0.7812332	2.969635	2.969482	1.479783	0.7031451	2.195783	-1000	22.46431
588848900971626878	146.16211087	0.81330161	25.14511	24.04777	22.4626	21.74066	20.59	0.7738038	2.969635	2.969482	1.312808	1.570707	2.113996	-1000	24.48832
588848900971626885	146.16951986	0.72063702	24.50131	22.5994	22.15384	21.34789	21.40872	0.6317881	2.969635	2.969482	1.48853	2.379752	1.341968	-1000	22.57641
588848900971626908	146.18063065	0.83200394	24.71269	22.61988	21.12711	20.58472	19.93851	0.8863663	2.969635	2.969482	2.080145	1.858787	2.379881	-1000	22.15247
588848900971626915	146.18507121	0.72069168	22.57523	21.20721	19.94645	19.40143	18.8883	1.431005	2.969635	2.65678	3.052642	2.575862	3.498994	0.4087114	21.32613
588848900971626959	146.20331043	0.71988262	23.09401	23.08177	22.05464	21.31878	20.61917	1.519148	4.583613	2.969482	7.359198	2.364943	2.734495	-1000	22.28803
588848900971626963	146.19968267	0.7266058	23.21322	22.64184	21.0039	20.55506	20.22826	0.8745469	2.969635	2.969482	1.927531	1.514011	1.838211	-1000	22.43617
588848900971626991	146.21881841	0.68496621	24.02523	22.89214	21.19641	20.42144	19.75754	0.7795921	2.969635	2.969482	1.725591	1.475603	3.869441	-1000	22.84623
588848900971627007	146.22486033	0.78058524	22.50119	21.62252	20.44357	19.90877	19.56898	0.8857799	2.969635	2.969482	1.706859	1.66764	2.556664	-1000	21.55155
588848900971627014	146.22637881	0.63773776	23.39812	22.416	21.42025	21.21457	20.91799	1.054018	2.969635	2.969482	1.893785	2.411902	2.091415	-1000	22.2765
588848900971627047	146.25925877	0.67336179	22.61057	20.96754	20.24916	19.86613	19.47108	1.695865	2.969635	2.969482	3.76458	5.088068	2.533378	-1000	21.03932
588848900971627087	146.29181309	0.78632599	24.40214	22.94002	22.13976	21.92626	21.87257	1.323595	0.08472551	2.969482	7.359198	2.086891	2.268569	-1000	22.74454
588848900971627091	146.29757293	0.83637549	22.88329	22.69871	22.26413	22.06753	21.5999	0.6777872	2.969635	2.969482	2.969968	1.020059	2.044276	-1000	22.87118
588848900971627176	146.18645515	0.7055561	26.44293	23.43638	22.05471	20.83942	20.22861	1.318773	2.969635	2.969482	7.359198	2.42856	3.659649	-1000	22.01812
588848900971627189	146.19268358	0.82764389	23.33244	22.54109	21.19352	20.20787	19.76186	1.372864	0.758921	2.969482	3.053354	2.307937	3.463306	-1000	22.3537
588848900971627194	146.1947802	0.81362727	22.97714	22.65052	21.42774	21.18969	20.92488	1.352175	2.969635	2.969482	2.969968	2.314738	2.493407	-1000	23.05086
588848900971627196	146.19646489	0.69412853	24.12846	24.45028	22.42487	21.32966	20.83501	0.5680671	2.969635	2.969482	1.33205	1.463913	2.573539	-1000	23.92734
588848900971627222	146.20635732	0.6526462	24.77921	22.86629	21.48618	21.4525	21.14038	0.952502	2.969635	4.583377	1.836168	2.969421	11.30303	-1000	23.14404
588848900971627236	146.21419475	0.75847864	23.86035	23.54569	22.21813	21.64204	21.41872	0.8232515	2.969635	2.969482	2.1091	1.806684	1.83251	-1000	23.56601
588848900971627241	146.21634066	0.73999944	24.65674	22.25392	21.55022	22.45696	24.34074	1.342972	2.969635	2.969482	2.969968	1.020891	4.582804	-1000	22.62969
588848900971627262	146.2362007	0.77576419	24.18596	23.05058	21.82933	21.21952	20.67274	1.029832	4.583613	2.969482	2.969968	1.605497	1.535925	-1000	22.51052
588848900971627285	146.25347298	0.75042868	25.26814	22.79736	21.59026	21.53899	21.01823	1.243924	2.969635	1.246716	2.969968	1.463228	1.561549	1.18996	23.04668
588848900971627303	146.26697821	0.69239306	22.80594	23.29168	21.67056	20.65347	19.84391	1.087746	2.969635	2.969482	2.969968	2.24467	4.387984	-1000	22.47315
588848900971627313	146.27131627	0.80168527	22.94862	22.79113	21.50166	21.05232	20.35723	1.208453	2.969635	2.969482	2.969968	11.30422	68.28699	-1000	23.31145
588848900971627330	146.27860137	0.72922567	23.53752	23.30732	21.40982	20.89432	20.22811	0.805795	2.969635	2.969482	1.886232	1.691727	2.043265	-1000	23.22883
588848900971627333	146.28051528	0.75546222	22.86029	23.78203	21.66307	20.92461	20.39882	1.084612	2.969635	11.30445	2.222058	1.82032	1.372035	-1000	22.72844
588848900971627336	146.28091845	0.6402454	23.27661	23.66702	21.67644	20.95256	20.86899	1.292005	2.969635	2.969482	2.969968	1.415248	1.06821	-1000	23.40914
588848900971627354	146.29099652	0.81301775	24.29738	23.98026	22.53382	21.9572	21.92767	0.6400179	2.969635	2.969482	1.090528	1.180425	1.965065	-1000	23.408
588848900971627368	146.30121937	0.69756076	25.89569	24.74695	21.96736	20.77458	19.91506	0.875744	2.969635	2.969482	2.130606	2.643579	3.330128	-1000	25.57058
588848900971627389	146.16559954	0.72288596	23.55276	23.51094	23.18605	21.52673	21.11835	-9999	2.969635	2.969482	2.969968	2.969421	2.232833	-1000	24.37946
588848900971627392	146.16788639	0.67503682	24.28557	25.01343	26.06063	24.63979	20.43994	-9999	2.969635	4.583377	4.584127	2.969421	1.587352	-1000	27.34333
588848900971627396	146.1722439	0.72216215	22.07518	22.72848	22.29554	20.99069	20.30361	1.246774	2.969635	2.969482	2.969968	2.039139	4.582804	-1000	22.20213
588848900971627420	146.20722041	0.81176761	24.41443	23.81598	23.43048	21.3748	20.39129	1.685617	4.583613	4.583377	2.969968	2.969421	1.89174	-1000	22.82739
588848900971627421	146.21460646	0.66916205	23.36152	23.89381	23.09809	21.46741	20.73495	-9999	2.969635	0.7260158	1.035013	2.143415	1.165536	0.2729015	25.60568
588848900971627424	146.21681613	0.71190832	23.47708	24.42294	22.60524	21.17191	20.98731	0.7755407	2.969635	4.583377	2.969968	2.682149	2.792146	-1000	23.1555
588848900971627438	146.23525896	0.66095302	23.60139	24.13961	22.405	21.56926	21.33046	1.245484	4.583613	7.357994	2.969968	2.469548	2.969111	-1000	23.14745
588848900971627451	146.26165876	0.693928	25.82161	23.81873	22.39684	20.97952	20.51473	0.8874165	7.358374	2.969482	1.23592	7.357843	1.750982	-1000	22.39578
588848900971627460	146.2724211	0.74552154	23.74511	24.67508	23.30897	22.04141	21.26325	0.686925	2.969635	4.583377	2.969968	1.345385	2.642918	-1000	24.46847
588848900971627476	146.29728571	0.81774285	22.87363	24.01362	22.74813	21.46709	21.49032	0.8502731	0.8447474	2.969482	2.969968	1.493729	2.969111	-1000	24.38489
588848900971627508	146.28752363	0.78330718	19.64851	22.15362	21.73391	28.10759	24.59886	2.887373	2.969635	2.969482	2.969968	2.969421	1.295094	-1000	22.71904
588848900971627509	146.29621901	0.65411672	21.27676	24.41148	26.62876	25.50732	23.48139	7.234886	7.358374	2.969482	2.969968	2.969421	2.969111	-1000	22.38758
588848900971627516	146.18156897	0.64894538	23.87492	23.08474	21.84536	21.70482	22.17612	1.247879	2.969635	2.969482	2.969968	2.969421	2.969111	-1000	21.95932
588848900971627517	146.19596198	0.74151267	23.91177	22.83901	21.92949	22.4495	20.93503	1.457311	2.969635	7.357994	2.969968	2.969421	4.582804	-1000	22.699
588848900971627524	146.28698008	0.75871739	22.59109	22.83867	21.87093	21.50644	21.93153	1.052185	2.969635	2.969482	2.022988	2.587669	0.09923103	-1000	25.06962
588848900971692047	146.31027935	0.74260419	25.76143	23.4001	22.28271	21.75646	21.39711	1.140648	2.96928	7.357404	2.969987	18.01835	2.587612	-1000	22.46343
588848900971692063	146.3330584	0.65635108	22.5849	21.71139	21.53456	20.6914	20.8798	1.82672	2.96928	2.969244	2.969987	43.76727	2.969163	-1000	22.22579
588848900971692106	146.42521394	0.73279412	23.72986	23.62744	22.1809	20.8373	20.74206	1.129182	2.96928	2.969244	2.969987	1.813794	2.775227	-1000	22.47316
588848900971692107	146.42844812	0.73765224	22.46643	23.56827	22.05276	20.94972	20.58479	0.8813505	2.347862	2.969244	2.192084	2.612523	2.324723	-1000	22.5609
588848900971692111	146.42673149	0.72762095	21.43896	22.7412	22.37437	19.59427	25.1363	1.585776	0.5522075	2.969244	2.969987	2.913167	1.055946	-1000	23.61142
588848900971692115	146.4482626	0.82354327	22.81	20.10891	18.86284	24.35885	18.03932	1.315357	1.072107	1.378873	6.595912	2.969802	1.375475	0.07922928	19.95649
588848900971692123	146.44468385	0.8176898	24.98642	22.90368	22.77534	24.35872	20.5307	0.6403609	2.96928	2.969244	1.142751	2.969802	2.531676	-1000	22.65766
588848900971692237	146.44208008	0.63381557	24.69436	24.08693	22.76251	21.9288	21.96367	0.7185823	4.583065	2.969244	2.969987	2.447933	0.3078012	-1000	24.03529
588848900971692258	146.32612415	0.80620975	25.84259	24.07992	22.61269	21.77119	21.19194	0.865083	2.96928	11.30354	27.9219	1.299193	1.794298	-1000	23.51958
588848900971692344	146.39274634	0.79398385	21.72274	24.69752	24.47944	25.56755	22.3087	0.3872704	2.96928	2.969244	2.969987	7.358787	1.447016	-1000	25.36336
588848900971692373	146.31481785	0.70885054	22.94604	21.50505	20.21705	19.68675	19.20744	1.308387	1.030197	2.14693	2.77173	3.112355	3.730306	0.2959205	21.56484
588848900971692377	146.31680638	0.67255999	24.56759	22.94381	22.30919	22.01373	21.22134	0.6165995	4.583065	2.969244	1.70199	0.9922752	0.8130255	-1000	24.02916
588848900971692391	146.32386731	0.81288383	22.86835	22.19867	20.76226	20.18925	19.80926	1.180189	2.96928	2.969244	2.548872	2.298173	2.048204	-1000	22.40131
588848900971692400	146.32887357	0.73533802	25.92664	25.02625	22.31828	23.97163	22.4084	0.5747468	2.96928	4.58301	2.969987	2.969802	2.969163	-1000	26.1182
588848900971692402	146.32961356	0.81891229	23.33596	21.7385	20.29396	19.68222	19.14771	1.064626	0.7915612	1.910213	2.302118	1.965916	2.471111	0.3580571	21.9394
588848900971692437	146.35514533	0.79857767	22.3623	21.10168	20.14271	19.62346	19.30231	1.046078	2.96928	2.251266	2.092395	2.198946	3.56937	0.2449283	21.10405
588848900971692445	146.36912355	0.69541307	23.74082	21.99678	20.91042	20.50172	20.33308	1.254937	18.01518	2.969244	2.753411	7.358787	3.052002	-1000	22.09102
588848900971692470	146.38976317	0.63791204	25.74316	23.47351	21.40027	20.9662	20.65162	1.020175	2.96928	2.969244	2.004279	1.766409	1.179445	-1000	23.57793
588848900971692477	146.39354496	0.63302649	24.73425	22.51085	22.18162	21.8995	22.99543	1.659003	2.96928	2.969244	2.969987	7.358787	4.582884	-1000	22.70585
588848900971692511	146.41421572	0.68792993	24.3392	22.95395	22.28148	21.46853	21.04345	0.9432841	0.2781438	2.969244	1.982158	1.754206	2.822241	-1000	22.95997