587729149846946415	151.61799583	-2.67001468	26.69439	23.69534	22.19586	22.21873	21.55124	0.6874543	2.96956	2.96992	1.821821	2.969773	1.826231	-1000	24.99403
587729149846946426	151.63062138	-2.65670158	25.3464	23.38815	21.73034	20.79726	20.1146	0.8602116	2.96956	2.96992	1.889161	1.647017	3.11212	-1000	23.74714
587729149846946431	151.63467964	-2.60794565	22.30244	23.18203	21.87818	22.29712	22.54776	0.8005416	2.96956	2.96992	1.761578	1.811976	4.583613	-1000	23.56943
588848900971299284	145.45984766	0.73067629	23.25372	22.02243	20.98888	19.82232	19.12142	1.554151	11.30187	2.08801	2.969621	3.543597	2.928718	0.209427	22.09095
588848900971299285	145.45976231	0.8242945	23.25932	22.32047	21.76662	21.43563	21.01252	1.993964	7.356313	2.969576	2.969621	7.357649	1.969448	-1000	22.40949
588848900971299311	145.48627915	0.73537959	25.81048	24.24287	22.17102	24.04681	21.70667	0.769655	2.968804	2.969576	2.969621	2.969343	1.039288	-1000	25.66297
588848900971299364	145.52829365	0.6745819	22.67584	22.29496	22.07839	21.75136	22.03872	0.7724974	1.122658	1.663847	1.548706	1.408211	0.9567103	0.2679949	22.59066
588848900971299380	145.53887627	0.74943711	23.37186	22.43864	21.26264	20.71757	20.09599	1.065984	2.968804	2.969576	2.544992	2.645594	1.936189	-1000	22.49684
588848900971299389	145.54954276	0.70376929	23.38449	22.64794	21.45666	21.06194	21.14985	1.029358	2.968804	2.969576	2.373986	1.878305	2.969238	-1000	22.74034
588848900971299433	145.42555831	0.82537848	24.41076	23.19495	22.0992	21.30115	20.71523	0.7232249	4.58233	4.583522	2.969621	2.045086	2.91098	-1000	22.61142
588848900971299439	145.43448561	0.83551212	24.3733	23.12918	22.26264	22.19874	21.44239	0.7038131	2.968804	2.969576	2.969621	2.969343	1.860468	-1000	23.67183
588848900971299447	145.44477388	0.64140603	22.69899	22.61423	21.27437	20.56857	19.98473	1.126739	2.968804	2.969576	2.654341	2.868229	18.01493	-1000	22.81873
588848900971299470	145.46290988	0.75827818	25.60176	23.26489	21.97455	21.5974	21.69351	1.587612	2.968804	2.969576	7.358338	2.969343	0.63341	-1000	23.30184
588848900971299473	145.4635014	0.66926472	23.90391	23.13527	21.65048	21.32339	20.9575	1.051067	2.968804	0.09587904	2.506402	2.687082	1.20326	0.05190588	22.57183
588848900971299487	145.48376761	0.80762705	25.30762	23.15425	21.49183	21.1665	21.41977	1.422653	0.2868288	7.358226	2.969621	2.193806	2.482898	-1000	22.41646
588848900971299500	145.49498644	0.75689216	25.34508	23.33305	22.17088	22.08893	22.30173	0.8218986	2.968804	2.969576	1.843609	1.238307	2.969238	-1000	23.68065
588848900971299507	145.50220634	0.68264481	23.77442	23.09036	21.65183	21.23097	21.11081	0.8441155	4.58233	1.106848	1.830003	1.482215	1.37577	0.1602822	23.88989
588848900971299509	145.50245104	0.72280047	23.33545	25.4138	23.32174	22.04929	21.88742	1.396371	2.968804	2.969576	2.969621	1.921041	1.509219	-1000	24.7965
588848900971299518	145.50792625	0.69715671	22.95144	22.78126	21.57048	21.57692	21.64524	1.767604	18.01229	2.969576	2.969621	2.969343	1.510867	-1000	22.58522
588848900971299566	145.54302418	0.63885935	24.61051	23.07082	22.10776	21.80989	23.80116	0.8741475	2.968804	2.969576	1.852828	1.796201	2.969238	-1000	23.67639
588848900971299620	145.43461375	0.66359859	25.90094	25.79351	22.47568	21.25756	20.69911	1.471936	2.968804	4.583522	2.969621	1.717	2.65128	-1000	25.51811
588848900971299659	145.49832188	0.66841488	23.61742	23.30926	22.70238	21.41473	21.32982	0.8811498	1.161304	2.969576	1.727135	1.399646	2.296569	-1000	23.06705
588848900971299667	145.5161717	0.70985885	25.18435	25.08053	22.82062	21.55687	20.49528	1.29901	2.968804	2.969576	2.969621	1.86754	4.053096	-1000	27.42477
588848900971299679	145.53162305	0.67335761	22.7124	23.13567	22.47221	21.73483	21.38024	1.070598	7.356313	1.243474	2.074179	1.71376	0.8870165	0.01920276	24.9087
588848900971299683	145.53752446	0.68332453	22.98198	25.41029	22.80314	21.22416	20.5712	0.5147561	0.09337211	2.969576	2.969621	1.566746	1.760684	-1000	25.81909
588848900971299689	145.54845445	0.63177859	23.93063	23.54846	21.72699	20.77296	20.70498	2.064446	0.7613067	7.358226	2.969621	7.357649	2.969238	-1000	22.03935
588848900971299692	145.55361718	0.74080281	24.42472	23.05682	23.07031	21.45184	22.20541	2.46813	4.58233	11.3048	2.969621	2.595966	0.02878895	-1000	22.44295
588848900971299720	145.42967206	0.80445264	23.10637	24.39204	22.41352	21.70979	21.65268	1.752366	2.968804	2.969576	2.969621	1.599893	0.09546974	-1000	25.20654
588848900971364371	145.5605269	0.67100909	25.44338	25.33824	22.06543	20.26559	20.14017	3.856709	18.01387	18.01626	2.970076	3.354405	0.8462929	-1000	24.75738
588848900971364452	145.67701057	0.66111244	24.97617	23.23387	21.71149	20.6847	19.97879	1.784534	0.3036712	2.969459	3.511609	2.627892	2.305961	-1000	22.31137
588848900971364622	145.68919338	0.68292838	22.98231	23.62633	22.41438	22.67404	21.27106	0.920585	0.6865962	2.969459	2.970076	2.96966	1.538754	-1000	23.53827
588848900971364666	145.59304136	0.73486379	22.08107	21.66912	22.2565	21.21053	20.41108	0.6511201	2.969064	1.725038	2.593698	2.398586	1.939586	0.2076946	21.71507
588848900971364710	145.55547379	0.63616664	24.22689	25.42321	23.45179	21.23908	20.19098	-9999	2.969064	2.969459	2.970076	2.592393	0.8586949	-1000	22.65809
588848900971364712	145.556471	0.79532496	22.15174	20.7347	19.83015	19.28635	18.93833	1.333579	2.969064	2.793614	2.820312	2.53767	2.70762	0.2701123	20.70435
588848900971364715	145.55925467	0.71131676	21.95494	20.82769	19.7039	19.18983	18.79367	1.530032	2.969064	3.890633	3.322561	2.922017	3.680838	0.4844408	20.6943
588848900971364728	145.56515777	0.68443358	24.96369	21.92649	20.54151	19.86628	19.50639	0.9610978	0.2758754	2.123147	2.11917	2.073351	1.993312	0.1283545	22.12775
588848900971364733	145.56722771	0.75151573	23.71189	22.34085	20.73173	20.25546	19.51259	1.664539	2.969064	2.969459	2.970076	3.090022	3.051105	-1000	22.09763
588848900971364767	145.5902864	0.74380552	23.3256	22.37201	21.73068	21.5653	20.6312	0.9767647	11.30286	2.969459	2.15262	1.88763	1.569224	-1000	22.94994
588848900971364783	145.59453073	0.78086589	22.55975	21.41653	20.59824	19.97172	19.57601	1.143386	2.969064	2.703219	2.418752	2.441228	2.55979	0.6400124	21.31794
588848900971364825	145.61227364	0.68256266	23.31105	22.32041	20.76164	20.24167	19.70773	1.00519	2.969064	2.969459	1.983857	1.927024	2.315703	-1000	22.35256
588848900971364829	145.61194339	0.73468132	23.74497	24.39001	23.27873	21.82806	22.37378	0.8806259	2.969064	2.969459	2.970076	1.22082	1.045437	-1000	25.13877
588848900971364844	145.61760519	0.67361359	22.39907	22.34797	21.21124	20.90006	20.66205	0.8438572	2.969064	2.969459	2.144398	1.3829	2.628964	-1000	22.51074
588848900971364868	145.63720214	0.67827614	22.35097	22.3822	22.24691	21.6313	22.26625	1.818126	11.30286	2.969459	2.970076	2.190417	4.583129	-1000	22.59035
588848900971364876	145.64315056	0.64914746	23.56902	22.5104	21.59746	21.40285	21.20448	0.7740351	2.969064	1.315824	1.488364	1.866619	1.195217	0.1529469	23.5287
588848900971364880	145.64502566	0.75330339	24.44618	22.52926	21.45959	21.26582	20.5423	0.8744227	2.969064	2.969459	1.952861	1.987414	1.573071	-1000	22.41296
588848900971364893	145.65293983	0.65667478	22.45825	21.24292	20.17819	19.7189	19.22486	0.9858724	2.969064	1.881436	2.366223	1.928238	2.709861	0.2897026	21.2116
588848900971364900	145.65510946	0.70784493	22.63189	22.04734	20.99066	20.31904	20.2511	1.145571	0.08308098	2.969459	2.273036	2.879516	3.863153	-1000	22.08461
588848900971364904	145.65618377	0.65554924	23.50843	22.58127	21.97427	21.44841	20.79899	0.8617615	2.969064	2.969459	2.335788	1.418638	2.714717	-1000	22.15154
588848900971364911	145.65987175	0.70658269	23.97139	23.7356	22.69923	21.52586	20.58608	0.5809463	4.582732	2.969459	1.082604	1.183245	3.45484	-1000	23.90951
588848900971364921	145.66279629	0.63226749	23.00893	22.73888	22.48354	22.565	22.48854	0.6475043	7.356958	2.969459	1.057119	1.915953	1.751834	-1000	22.53166
588848900971364928	145.66588723	0.74283287	22.67431	22.6033	21.10366	20.64335	19.71911	1.344721	2.969064	1.244986	2.605586	1.652412	3.412715	0.1670049	22.67218
588848900971364954	145.67803133	0.64799538	20.68792	19.80076	19.24146	19.09276	18.89629	2.259968	2.969064	2.969459	2.970076	5.221078	3.703243	-1000	20.22504
588848900971364955	145.67964946	0.7434538	22.81311	22.88282	22.33139	21.96196	21.57446	0.9234667	1.01148	7.357935	2.970076	2.96966	1.605226	-1000	22.04022
588848900971365033	145.57068983	0.73912581	26.01119	23.08131	21.7714	21.50885	20.82162	0.9506237	18.01387	2.969459	1.752659	1.539515	2.172903	-1000	22.99369
588848900971365034	145.57120403	0.74753332	23.02993	22.9692	21.31143	20.79939	19.96626	1.029852	2.969064	2.969459	1.984445	1.39229	1.705044	-1000	22.74604
588848900971365060	145.58970583	0.7470108	25.45436	22.96346	21.84852	21.26424	20.84732	0.9596542	2.969064	2.969459	1.844067	2.742148	2.498424	-1000	22.82657
588848900971365072	145.59766574	0.68319834	23.73004	23.95111	21.90521	21.3793	21.17959	0.6642708	2.969064	2.969459	2.970076	1.581445	2.434491	-1000	24.14593
588848900971365083	145.60453002	0.82279461	23.14759	22.60694	22.11431	21.31488	21.74598	3.355424	2.969064	2.969459	11.30671	1.893281	2.969321	-1000	27.82891
588848900971365133	145.63010226	0.64162132	23.32368	23.48377	22.31982	22.53072	21.79865	0.9665398	0.1083514	4.583341	2.970076	2.96966	0.9019136	-1000	22.76892
588848900971365178	145.6638205	0.8165216	25.18164	24.41079	22.56254	23.37518	23.35752	1.006559	2.969064	7.357935	2.970076	2.96966	2.969321	-1000	23.02469
588848900971365204	145.6801116	0.65410703	26.61637	23.12563	21.13593	20.60175	19.8616	1.102948	2.969064	7.357935	2.409884	2.040371	2.200444	-1000	22.53546
588848900971365215	145.68785915	0.82789093	25.39434	23.00091	22.13974	21.68571	21.27947	0.7908663	4.582732	2.969459	1.710155	1.447505	2.692158	-1000	22.88322
588848900971365222	145.69586178	0.64122904	24.71681	24.53568	22.51414	23.47832	22.2748	0.7196291	2.969064	2.969459	1.472678	0.08616279	1.081331	-1000	23.17382
588848900971365277	145.6123971	0.78121974	23.96886	23.54426	22.06773	21.43488	20.55647	1.451918	2.969064	2.969459	2.970076	2.896395	1.645735	-1000	24.14007
588848900971365287	145.62936187	0.7122749	25.56727	23.44015	22.38472	21.1016	20.01703	0.9889084	11.30286	2.969459	2.970076	1.856382	5.213165	-1000	24.03521
588848900971365353	145.6496584	0.72306489	25.64065	22.38798	23.65633	21.80766	22.65071	-9999	2.969064	0.09134869	0.1025323	7.358435	4.583129	0.05153229	25.10896
588848900971365355	145.56505293	0.73728294	25.60427	24.17422	22.32984	22.42391	21.31555	0.709214	2.969064	2.969459	1.898268	2.095587	2.992926	-1000	28.28028
588848900971365361	145.57297612	0.75667657	23.6684	24.43759	22.93081	21.76966	21.3957	1.598607	2.969064	2.969459	11.30671	2.084645	1.729499	-1000	25.0894
588848900971365363	145.64260463	0.64297948	24.38357	24.17617	23.01107	21.51936	22.77588	-9999	7.356958	7.357935	0.7867572	2.551405	2.969321	-1000	25.8641
588848900971429896	145.72732429	0.80923565	22.28725	21.9539	21.18623	20.02587	19.84585	1.518425	2.969262	2.968944	3.308687	4.028346	3.394288	-1000	21.99727
588848900971429904	145.72316913	0.79595171	24.50624	25.50428	23.32757	21.85755	23.07009	0.8471901	4.583037	4.582546	2.969935	3.466828	2.969867	-1000	26.2408
588848900971429947	145.76200814	0.63892019	24.8996	22.58577	21.24585	20.76857	20.48493	1.189737	4.583037	2.968944	2.327268	2.818388	2.169692	-1000	22.39716
588848900971429951	145.7582048	0.63586755	24.17402	23.71196	23.37658	21.94435	21.23569	1.432782	0.7066545	0.7318888	2.969935	1.687213	1.273554	0.5770589	23.49475
588848900971429952	145.76754152	0.63733589	23.87184	22.93837	22.0509	22.73282	21.15773	1.461701	2.969262	2.968944	2.969935	0.2561399	2.969867	-1000	23.40389
588848900971429960	145.79425687	0.68135512	21.71156	19.54384	18.26028	17.7096	17.35116	1.286358	11.30361	2.94713	2.907762	2.846153	2.890074	0.1618746	19.70464
588848900971429961	145.79248289	0.67729769	24.14083	22.77879	21.86531	21.54133	21.32486	0.6777141	2.969262	2.968944	1.408234	2.300219	1.574259	-1000	22.5942
588848900971429987	145.8428646	0.68247282	24.84254	22.72453	21.87095	21.06481	20.18256	1.450943	7.357448	2.968944	2.969935	3.794044	2.620049	-1000	21.79319
588848900971429992	145.84958106	0.80941326	21.89947	21.01554	20.10183	19.71513	19.5162	1.668251	2.969262	3.188633	7.359116	4.45883	7.358947	0.5964399	21.19526
588848900971430116	145.74565903	0.67863833	23.58243	20.67132	19.50119	19.00357	18.60069	0.9112142	0.6277025	1.934998	1.877501	1.841409	1.730241	0.1177399	20.75454
588848900971430200	145.77402364	0.73662347	23.71635	22.24234	20.80324	20.21763	19.81971	0.9839271	4.583037	2.968944	2.303853	2.049451	2.766872	-1000	22.3816
588848900971430254	145.81803655	0.73627232	21.97969	21.18186	20.62802	20.38774	20.17789	0.8307357	1.84379	1.621031	1.816561	1.496122	7.358947	0.1290648	21.29598
588848900971430286	145.70496343	0.72903903	23.70856	22.93688	22.24906	22.44047	23.38099	0.5542155	0.4146641	2.968944	2.229193	2.969401	2.969867	-1000	24.34458
588848900971430326	145.73326698	0.65961034	22.37662	21.79951	20.63971	20.11756	19.73861	1.323695	0.1085719	3.169188	2.934419	3.284159	3.794147	0.3893486	22.01637
588848900971430330	145.73715191	0.63864828	23.7164	22.44052	21.38536	20.53578	19.98131	0.9117705	2.969262	2.968944	2.567138	1.720622	1.487385	-1000	22.08827
588848900971430348	145.75289265	0.65088547	23.82097	21.42855	19.72059	19.02198	18.64921	1.430331	18.01507	2.968944	3.458908	3.123677	2.576168	-1000	21.61764
588848900971430374	145.77722798	0.67817252	24.02431	21.49809	20.55723	20.031	19.74757	0.9181044	0.3364486	2.35838	2.304306	1.867079	1.742203	0.2569272	21.83599
588848900971430388	145.78948689	0.72772115	21.97816	22.78613	21.57421	20.5559	20.7844	1.8766	2.969262	2.968944	2.969935	2.861627	11.30591	-1000	22.45624
588848900971430435	145.81414605	0.71039077	24.21883	22.56456	20.88572	20.32066	19.6135	0.8415167	2.969262	2.968944	1.660286	1.750932	1.973759	-1000	22.43128
588848900971430540	145.73326995	0.68508158	23.07884	22.6132	21.60256	21.22367	21.19403	1.258025	7.357448	43.75462	2.969935	2.410052	2.969867	-1000	22.10774
588848900971430557	145.75072213	0.63951229	26.69591	22.78795	21.83154	22.87918	22.99531	0.9701018	2.969262	1.014594	1.899548	2.969401	11.30591	0.9273508	22.75383
588848900971430575	145.7614292	0.67440636	23.2386	22.89971	21.61175	21.50373	20.87768	0.968908	2.969262	7.356659	2.193585	1.705919	27.92077	-1000	22.7331
588848900971430604	145.78200447	0.72103368	23.78001	23.63966	22.23172	20.89749	20.17347	1.611239	2.969262	1.224872	2.969935	2.969401	6.170563	1.142422	25.67814
588848900971430606	145.78387554	0.75462483	22.21467	22.7486	21.4929	21.31853	20.8989	0.8667924	2.969262	2.968944	1.980155	1.874099	1.574314	-1000	22.68096
588848900971430620	145.79527464	0.64090376	24.07358	23.33778	21.9597	21.87355	21.54573	1.137715	4.583037	2.968944	2.969935	1.27277	2.969867	-1000	23.00932
588848900971430635	145.80554871	0.67357172	25.03273	22.99913	21.0565	20.3178	20.13824	0.8874375	2.969262	2.968944	1.646416	1.954494	1.111777	-1000	22.76513
588848900971430648	145.81188746	0.67249303	24.97494	22.73151	21.90309	21.89509	22.36898	0.8586206	4.583037	7.356659	1.735727	1.748806	2.969867	-1000	22.68069
588848900971430659	145.81853284	0.75821249	25.85483	23.3429	22.07988	21.83299	21.09409	1.154843	2.969262	7.356659	2.969935	2.969401	4.583971	-1000	22.70251
588848900971430684	145.83172545	0.74938396	26.24107	23.87887	22.02373	21.88654	20.56944	0.7809379	2.969262	7.356659	2.969935	1.497068	3.069942	-1000	23.71066
588848900971430689	145.83436196	0.78264775	24.55711	23.83872	21.73639	21.17539	20.83835	0.8329234	18.01507	18.01314	1.542235	1.157988	3.362945	-1000	23.30795
588848900971430702	145.8428582	0.7610605	22.51684	22.6119	21.51405	21.43545	20.55501	1.225273	2.969262	2.968944	2.969935	2.466412	1.722927	-1000	22.52477
588848900971430724	145.85065536	0.70785177	23.52611	23.04424	21.93459	20.99875	21.33068	0.837036	4.583037	2.968944	2.118312	1.809263	0.8249999	-1000	22.87743
588848900971430786	145.76012185	0.83419152	21.93298	22.01112	20.2659	18.53459	26.26264	4.294034	2.969262	27.91209	27.92141	2.969401	27.92077	-1000	22.60454
588848900971430839	145.82659723	0.83532124	25.48552	25.72464	23.27904	22.00813	21.41036	0.7862099	0.2516285	4.582546	2.969935	1.792273	1.127209	-1000	26.9022
588848900971430840	145.83157404	0.64325541	25.49747	23.35323	22.95206	21.64146	21.75202	1.922133	2.969262	27.91209	68.30595	1.861549	2.969867	-1000	23.21957
588848900971495501	145.94359475	0.83828598	25.65202	23.55233	21.99652	20.96329	20.18865	1.4795	2.968739	2.968655	2.969973	8.570597	4.467941	-1000	22.88
588848900971495513	145.95488348	0.81462934	24.60683	24.9993	22.65065	22.15229	23.09418	1.204591	2.968739	2.968655	2.969973	2.969034	2.969172	-1000	23.22722
588848900971495523	145.96891131	0.68313454	23.4252	22.76581	21.80338	21.153	21.04242	1.043693	2.968739	2.968655	2.155848	3.218078	3.6672	-1000	22.43848
588848900971495551	145.85777639	0.65063971	21.52413	19.45189	18.2714	17.73424	17.28074	1.601993	2.205575	3.16381	3.667913	3.151288	3.189092	0.3483893	19.61364
588848900971495556	145.86810777	0.82940144	20.09502	18.0973	17.10029	16.60517	16.21197	1.769198	3.49684	4.101449	4.038907	3.726889	3.92654	0.4339545	18.19579
588848900971495561	145.8702834	0.81768255	23.32836	23.40054	21.66276	21.05362	20.42395	0.6161666	2.968739	2.968655	1.246054	1.409098	2.63299	-1000	23.05313
588848900971495604	145.93994363	0.67774959	24.10706	23.1859	22.43578	22.71216	23.76896	0.6707811	2.968739	2.968655	1.40942	1.182788	2.969172	-1000	23.23133
588848900971495605	145.93949342	0.6727328	23.07455	22.51216	23.74983	22.81088	22.50316	2.635202	1.087873	4.5821	11.30632	0.7590308	4.582898	-1000	22.34331
588848900971495625	145.96965732	0.83092751	19.38379	17.4358	16.4969	16.03384	15.6609	2.11171	3.397912	5.173658	5.000953	4.733774	4.431868	0.2604364	17.47662
588848900971495686	145.95403152	0.73028556	24.4263	23.0155	21.20739	20.3388	19.94118	0.8891478	2.968739	2.968655	1.876291	1.428493	1.655496	-1000	23.66723
588848900971495696	145.99326408	0.70400462	20.72932	19.13508	18.31876	17.91523	17.6606	2.750458	18.0119	5.411055	5.984848	5.728018	6.131807	0.3128663	19.1366
588848900971495710	145.88168994	0.68608117	24.24267	23.18806	21.96471	21.73504	22.42072	0.8199072	2.968739	2.968655	1.672448	2.672991	2.969172	-1000	23.24812
588848900971495739	145.88259023	0.77269466	22.11683	25.25877	24.24718	23.10812	22.50497	-9999	1.032319	4.5821	2.969973	2.969034	2.969172	-1000	25.28399
588848900971495776	145.95599726	0.65424946	21.06402	24.73011	23.52449	24.71497	22.1188	4.254989	2.859692	0.6346682	2.969973	2.969034	2.969172	0.5533327	26.44923
588848900971495813	145.85737587	0.82393788	21.99898	21.34996	19.9576	19.4057	18.84245	1.571673	7.356152	2.968655	4.478603	2.77067	3.416324	-1000	21.3404
588848900971495815	145.85896777	0.75014879	24.01506	21.58713	20.95311	20.82691	20.52313	1.020077	2.968739	2.968655	1.941448	1.980861	1.716482	-1000	22.2903
588848900971495826	145.86523431	0.74924938	23.42599	22.66981	21.13749	20.56827	20.10058	0.8088648	0.1006491	2.968655	1.692239	1.816392	4.085234	-1000	22.12367
588848900971495829	145.86626235	0.8254877	23.41583	22.17503	20.84547	20.45398	19.86781	1.260836	11.30162	2.968655	2.595637	2.494856	3.825691	-1000	22.15122
588848900971495846	145.87686915	0.72311076	22.62979	21.82024	20.80993	20.43244	20.09501	0.8284724	2.968739	2.968655	1.582141	1.622464	1.576117	-1000	21.77549
588848900971495869	145.8899844	0.77730334	25.40833	23.7785	22.09288	21.59131	21.24554	0.8591256	0.5509031	2.968655	1.768753	1.618162	1.36533	-1000	24.32628
588848900971495872	145.89435775	0.78981252	23.93767	22.57714	22.81161	22.76715	21.47605	2.213459	11.30162	2.968655	7.35921	1.108	3.542146	-1000	22.91464
588848900971495880	145.89753709	0.80295081	23.12554	22.43852	22.04617	21.63969	21.02591	0.7569426	2.968739	2.968655	2.969973	1.406605	1.738985	-1000	22.39336
588848900971495888	145.90327872	0.70615601	22.38271	21.64632	20.52117	20.08741	19.76807	1.051867	1.306038	2.968655	2.153748	2.073925	2.234473	-1000	21.59796
588848900971495916	145.92084738	0.78713336	22.57776	22.14151	21.4024	21.17496	20.59416	0.7575926	2.968739	2.14596	1.603054	1.527637	2.188758	0.4342644	22.00925
588848900971495923	145.92140053	0.74512068	23.17231	22.71522	21.63279	21.5946	20.79049	1.349299	0.08843848	2.968655	7.35921	2.969034	2.016129	-1000	22.80055
588848900971495933	145.92785702	0.71974701	24.75255	22.17412	20.10592	19.37421	18.79288	1.380064	11.30162	2.968655	3.06406	2.814227	2.861849	-1000	22.1391
588848900971495945	145.93271047	0.75100804	24.01678	22.40222	21.52045	21.40898	20.49904	0.8653373	4.58223	2.968655	2.406461	1.401993	2.499628	-1000	22.66429
588848900971495952	145.93642621	0.77462692	25.61037	22.43196	21.12845	19.95045	19.4611	1.317	2.968739	2.968655	2.902729	2.318723	2.465664	-1000	23.04885
588848900971495973	145.94918833	0.70372877	24.97016	23.42441	22.45495	22.02058	21.88293	0.7197788	2.968739	2.968655	2.969973	2.969034	0.09238823	-1000	23.0187
588848900971495978	145.95241372	0.77781072	22.19745	20.54501	19.22517	18.63076	18.08681	1.825264	3.156612	3.576941	3.765162	3.669251	3.045051	0.4311028	20.75546
588848900971495982	145.95678301	0.72872562	22.28009	21.37429	19.69477	19.00997	18.5293	1.415866	2.968739	7.355945	3.683302	3.815417	3.052204	-1000	21.45976
588848900971495989	145.95543614	0.80456542	23.40119	23.29148	22.94138	21.74376	21.27421	0.8371556	2.968739	4.5821	2.969973	1.169455	2.151976	-1000	23.25453
588848900971496001	145.96644533	0.68953733	25.22541	22.54853	21.63335	21.06843	21.22008	0.7093185	2.968739	2.968655	1.508124	2.80103	18.01452	-1000	22.52078
588848900971496015	145.97155716	0.65017852	22.67588	22.73386	22.12255	21.88254	21.91185	0.6064597	2.968739	2.968655	1.573548	1.521043	2.194284	-1000	22.43072
588848900971496028	145.9818896	0.80653232	23.54609	22.8327	22.59982	21.69783	21.30664	0.5511529	0.3982249	2.968655	1.326267	1.360601	2.969172	-1000	22.93527
588848900971496061	145.99938894	0.77991549	23.60275	22.76309	22.63002	22.3182	22.4422	0.7449487	1.031436	1.287213	1.506547	1.411498	2.969172	0.258169	23.16378
588848900971496116	145.87031828	0.66329082	23.96908	22.8808	22.10796	22.17935	21.43784	0.8587841	4.58223	2.968655	1.782569	2.098617	1.855107	-1000	22.6621
588848900971496126	145.87668609	0.81689544	24.7137	22.80042	22.05813	22.45503	22.66931	0.6243938	4.58223	2.968655	2.969973	0.08866538	4.582898	-1000	22.60569
588848900971496128	145.87849619	0.82566193	22.77711	23.15882	21.5343	20.36089	19.62944	0.84474	2.968739	2.968655	2.81007	2.180846	2.689382	-1000	23.98956
588848900971496132	145.88108493	0.75839559	22.43297	23.13679	21.95214	21.48716	21.16419	1.403011	1.44913	2.968655	2.969973	2.969034	2.969172	-1000	23.05224
588848900971496150	145.89175183	0.73486864	25.25495	24.78135	21.84933	23.71482	22.97799	2.431393	2.968739	2.968655	7.35921	2.969034	2.969172	-1000	23.1118
588848900971496159	145.89718546	0.8361191	24.25486	23.17145	22.13553	21.97429	21.86055	0.8853086	7.356152	2.968655	1.69655	1.907522	2.969172	-1000	22.82858
588848900971496166	145.90207258	0.77963414	25.20527	23.31199	22.26982	21.78646	22.53417	0.95935	2.968739	2.968655	2.969973	1.478746	0.09599845	-1000	24.45567
588848900971496167	145.90246332	0.76479859	23.21823	22.64001	21.14226	20.93495	20.92294	1.631849	2.968739	18.01139	2.969973	2.011225	2.969172	-1000	22.11579
588848900971496205	145.91997959	0.66418213	23.55935	23.52506	22.12049	22.11791	20.98548	0.7224988	2.968739	2.968655	1.554201	1.235938	0.9625403	-1000	23.16378
588848900971496227	145.92802231	0.68708887	22.85519	23.75563	22.33949	21.86428	21.71076	0.5998002	2.968739	2.968655	1.445861	3.252155	2.261629	-1000	25.43364
588848900971496266	145.95137441	0.73536491	25.05921	25.59035	21.56012	24.37856	24.49181	0.6359904	2.968739	18.01139	1.246452	0.2813859	2.969172	-1000	25.11909
588848900971496293	145.97014102	0.76132175	23.64273	23.49565	22.20451	21.94264	21.05671	1.818003	7.356152	7.355945	7.35921	2.969034	7.357225	-1000	23.23565
588848900971496339	145.99029672	0.70558525	24.92418	23.7673	22.34002	21.87376	20.97253	1.315483	0.6051238	2.968655	2.969973	1.667591	0.9291542	-1000	24.09661
588848900971496348	145.99265236	0.6384678	24.29329	23.24664	22.06042	21.98432	21.84776	0.7131318	2.968739	2.968655	1.538433	0.9641601	4.582898	-1000	22.85494
588848900971496366	146.00140122	0.75581891	23.9771	23.79507	21.7242	21.04379	20.25651	0.7153662	0.6710762	2.968655	1.780314	1.180445	1.977586	-1000	23.56358
588848900971496372	146.00290848	0.73010767	23.45323	22.05279	20.56649	19.95139	19.3534	1.818783	11.30162	2.968655	2.969973	3.847277	2.810522	-1000	21.91199
588848900971496392	145.86125634	0.82259671	25.80082	23.52397	23.23312	21.98831	21.43148	-9999	2.968739	2.968655	2.969973	1.679151	8.9519	-1000	24.84144
588848900971496408	145.88825845	0.76977179	25.85989	25.16081	24.97147	21.94926	21.16073	0.1818346	2.968739	2.968655	0.2569407	1.219138	2.20752	-1000	23.34884
588848900971496428	145.91245458	0.70479814	25.93821	24.12538	23.36491	22.0158	21.91275	1.01482	2.968739	0.7569234	4.584135	1.67205	0.2212705	0.6715358	23.78781
588848900971496449	145.94922809	0.83885094	22.78268	22.73121	22.04325	21.1249	21.48898	0.8763103	0.8327986	7.355945	2.969973	3.150792	2.969172	-1000	22.72268
588848900971496477	145.99754203	0.64290669	24.62579	24.07748	23.23234	22.05851	20.82872	0.9769423	2.968739	2.968655	43.76979	1.189248	1.416162	-1000	24.38128
588848900971496516	145.92434185	0.69701193	23.16218	23.05576	22.28926	22.10552	20.89628	0.6776626	11.30162	7.355945	2.969973	1.842192	7.357225	-1000	22.46939
588848900971560984	146.02803612	0.7347455	23.04273	21.50617	20.48126	20.27938	19.448	1.94686	2.969659	2.968987	3.881253	3.319387	4.430075	-1000	21.36027
588848900971560989	146.013599	0.73888714	23.22238	21.06886	19.97663	19.78273	19.6221	1.848835	0.1025505	2.968987	2.969686	3.670758	0.6065753	-1000	22.37995
588848900971560990	146.02622258	0.73821654	24.56711	25.01536	22.72239	22.9387	22.67476	1.60152	2.969659	2.968987	2.969686	18.01589	2.968729	-1000	23.09788
588848900971560991	146.01895797	0.73238516	21.38923	25.10019	24.78753	24.35129	22.8135	3.923678	2.859728	2.968987	2.969686	2.969397	2.968729	-1000	25.10006
588848900971561009	146.02891878	0.65242081	22.6326	22.13541	20.89912	20.15834	19.85127	1.054769	2.969659	2.968987	2.178981	1.959561	2.458922	-1000	22.06083
588848900971561019	146.03217695	0.65937608	25.20395	23.12177	21.24088	21.29252	24.20399	1.581529	2.969659	18.0134	2.969686	2.969397	2.968729	-1000	22.80873
588848900971561079	146.11913007	0.69271813	23.76498	24.33376	23.22242	20.83202	21.26809	0.893831	4.58365	2.968987	2.969686	3.117521	1.538012	-1000	24.7831
588848900971561093	146.13102427	0.73632019	22.72612	21.56704	20.46883	19.93364	19.48332	1.19747	7.358431	2.968987	2.657817	2.609003	2.604007	-1000	21.455
588848900971561106	146.12730315	0.77707182	23.35137	22.71002	21.27944	20.24404	20.03375	1.040022	1.215335	11.30256	2.408737	3.697829	1.688576	-1000	22.02255
588848900971561113	146.13007846	0.77933035	25.14279	23.53145	23.13888	21.4493	20.23503	1.298559	0.2660788	2.968987	2.969686	3.026541	3.897044	-1000	23.08216
588848900971561143	146.14822743	0.83638595	22.00035	19.88938	18.83081	18.39794	17.99099	1.511898	2.065372	3.170229	3.187795	3.317357	3.203789	0.2800231	19.88339
588848900971561144	146.14774409	0.83008959	22.9994	21.22913	20.21454	19.40641	19.10994	1.024289	2.969659	2.863009	1.927715	2.425924	2.651932	0.8034235	21.12672
588848900971561145	146.14901333	0.83020826	22.74544	21.53732	20.62695	19.82154	19.40283	0.9029998	1.006552	1.934426	1.683526	2.251424	2.168102	0.2977751	21.58459
588848900971561156	146.15237252	0.67361056	22.66413	22.26354	21.24619	21.22994	20.55661	0.7836315	2.969659	1.356017	1.55056	1.971408	1.562185	0.1738148	22.65929
588848900971561171	146.01161511	0.76832958	22.39183	20.82435	20.11807	19.84234	19.40581	7.055932	2.969659	2.968987	18.01764	3.303973	2.328906	-1000	20.53031
588848900971561226	146.11326833	0.71717866	24.21582	23.5763	22.22275	21.7902	21.96339	0.7841859	2.969659	2.968987	1.707105	2.252988	0.672909	-1000	23.54144
588848900971561250	146.14691761	0.71677456	21.75018	19.65832	18.5447	18.08726	17.72038	1.055933	2.36228	2.474585	2.263029	2.088503	2.331487	0.2408229	19.6664
588848900971561253	146.15044425	0.82010023	18.66438	17.42833	16.69274	16.23591	15.96177	2.311547	3.810361	5.551715	5.951676	5.451882	4.69416	0.2207465	17.49751
588848900971561261	146.15241517	0.80161145	21.38063	19.88202	19.21413	18.78275	18.48689	1.487465	2.969659	4.303006	3.339149	3.206265	3.792388	0.8552558	19.87088
588848900971561272	146.02170383	0.63273253	21.28895	19.95469	18.4377	17.83707	17.41088	1.780465	2.969659	5.160227	4.111096	3.744444	3.767749	0.947049	20.05268
588848900971561406	146.09596567	0.71733851	19.92357	18.91459	18.38053	18.12306	17.90096	3.634394	2.969659	8.796127	7.925885	8.179046	9.507345	0.4955635	18.77464
588848900971561411	146.10496014	0.7275813	24.452	22.51688	20.73647	20.15232	19.73392	0.6901997	2.969659	2.968987	1.399396	1.446658	1.399162	-1000	22.26616
588848900971561438	146.00657155	0.78854315	23.26669	21.66738	20.38372	19.74896	19.28695	1.027421	2.969659	1.864712	1.792874	1.99841	4.15253	0.1912874	21.75036
588848900971561439	146.00697967	0.66742466	23.27216	22.06256	20.89877	20.5485	20.51513	0.9569988	2.969659	2.968987	1.837279	1.746568	2.154853	-1000	21.82736
588848900971561444	146.00809378	0.78968418	24.12999	22.95719	22.22563	21.90637	21.62039	0.6480901	2.969659	2.120007	1.176968	2.969397	0.09244963	1.976121	22.67726
588848900971561475	146.0345952	0.76387094	23.63638	23.70537	22.3329	21.18645	20.60336	0.8645423	4.58365	2.968987	2.969686	2.379637	1.143585	-1000	22.84827
588848900971561505	146.04852269	0.75922031	21.91992	20.25791	19.56149	19.35685	18.91006	2.251566	2.196094	4.791651	4.810251	4.738273	5.808784	0.4871485	20.30121
588848900971561521	146.05774604	0.72100882	24.2323	22.75143	21.85889	21.8972	21.66036	0.7148183	2.969659	2.968987	1.882667	2.969397	1.1514	-1000	22.71569
588848900971561523	146.05909513	0.64735816	23.69998	22.5836	21.70162	21.35186	21.99343	0.8810804	2.969659	2.968987	1.853375	3.169941	0.6642187	-1000	22.3331
588848900971561545	146.06775223	0.71234165	23.97696	21.1739	20.20638	19.82689	19.76324	1.693318	18.01748	2.968987	3.385735	4.671237	8.878476	-1000	21.26232
588848900971561547	146.06754174	0.64977632	23.76159	22.46163	21.30825	20.75601	20.54351	0.7991813	0.7924886	1.459032	1.892645	1.460258	1.469279	0.2177535	22.50534
588848900971561556	146.07068645	0.73287595	21.9699	20.86044	20.03076	19.60147	19.42644	1.089489	106.7173	2.418353	2.385865	2.427996	2.87843	0.3183697	20.87071
588848900971561586	146.08616318	0.7743213	25.80889	22.61301	20.8706	20.24559	19.77918	0.9365624	2.969659	7.356766	2.046275	2.0524	11.01513	-1000	22.23156
588848900971561591	146.08836421	0.69344074	25.65151	22.15276	21.27735	20.53409	20.19581	0.7862517	4.58365	2.030377	1.490145	2.260021	2.110557	0.4989872	22.06709
588848900971561642	146.11890004	0.83300179	25.04502	22.90288	22.10247	21.0094	20.36919	0.7930176	2.969659	1.007931	2.969686	1.903356	1.959417	0.1148713	23.30943
588848900971561653	146.12552033	0.76871905	23.37299	23.10086	22.47714	22.60663	21.62298	0.5994911	2.969659	2.968987	1.070588	0.7631991	2.629025	-1000	23.41168
588848900971561654	146.12612323	0.82411242	23.21194	22.44404	21.50713	21.04678	20.76913	0.7510093	7.358431	1.586312	1.607898	1.845896	1.68336	0.4529138	22.64229
588848900971561655	146.12594169	0.80191046	24.98329	22.72038	22.14144	22.23697	21.89044	0.8411258	4.58365	1.010129	2.969686	0.8673376	0.8188204	0.1258772	22.77229
588848900971561712	146.15105518	0.7455125	25.58387	22.27695	20.62447	20.10321	19.63973	0.7998273	2.969659	1.603262	1.499921	1.526611	6.128488	0.2583103	22.30878
588848900971561735	146.00616088	0.79054097	24.86357	23.89256	21.87879	22.1973	21.50121	0.9583981	2.969659	2.968987	2.088721	1.904962	4.582215	-1000	23.64283
588848900971561747	146.01317711	0.76863197	21.23903	21.24295	20.3901	19.92213	19.46547	8.273886	43.76516	43.75525	43.76556	4.83251	0.1072124	-1000	28.5303
588848900971561750	146.01683165	0.78900269	24.43255	23.97789	22.48577	23.13914	23.03381	0.7550532	2.969659	2.968987	2.969686	2.969397	0.6745005	-1000	27.16086
588848900971561753	146.01884828	0.75574253	23.02191	23.13774	21.66825	21.62833	21.00961	1.072536	7.358431	2.968987	2.969686	2.969397	1.466716	-1000	24.49664
588848900971561756	146.01914292	0.75025331	23.30806	24.53889	22.78126	21.84489	21.38974	0.212831	11.30512	2.968987	2.969686	1.460879	1.51318	-1000	24.31029
588848900971561760	146.02260911	0.76145457	24.43881	22.74445	22.04428	21.40202	20.69276	0.7106368	0.7471941	2.968987	2.969686	1.420805	1.02134	-1000	23.57648
588848900971561778	146.03142826	0.76040366	25.75791	23.47702	21.66669	20.78768	20.38773	0.7646927	4.58365	2.968987	1.641892	1.212377	1.813653	-1000	22.99741
588848900971561790	146.03907002	0.76448496	23.37203	23.2843	21.60311	20.78205	20.38252	0.9547004	2.969659	2.968987	2.969686	2.346845	1.281435	-1000	25.10213
588848900971561816	146.05341899	0.69321741	25.39926	25.09482	22.20703	21.14165	20.59078	0.7960401	2.969659	4.582613	1.376535	1.568701	3.070264	-1000	23.93161
588848900971561837	146.06437164	0.65831382	24.36198	23.8281	22.07135	21.07638	20.8857	0.7348568	43.76516	43.75525	1.336111	1.888158	43.75146	-1000	23.52943
588848900971561852	146.07143728	0.82027112	25.65345	23.26646	21.84053	21.79158	21.7555	1.402218	7.358431	2.968987	2.969686	2.969397	7.356129	-1000	25.01101
588848900971561853	146.07158028	0.79136733	24.9755	23.901	22.39502	22.37514	21.62077	0.7689968	4.58365	2.968987	1.771492	2.969397	2.968729	-1000	24.6945
588848900971561886	146.0880322	0.68077936	22.94723	24.47925	22.88208	21.98681	21.20091	0.8053567	1.21322	2.968987	2.969686	1.066979	2.594166	-1000	24.31874
588848900971561893	146.08985735	0.75852215	23.91235	23.07693	21.39643	20.65068	20.01913	1.142142	0.7061631	2.968987	2.124051	2.204276	3.168981	-1000	23.91786
588848900971561902	146.09399346	0.77020806	22.59634	22.24866	21.49529	20.98499	20.8636	3.472809	1.246335	2.968987	2.969686	2.969397	11.30158	-1000	22.23863
588848900971561915	146.09942071	0.74631885	22.4994	22.8033	20.8959	19.92049	19.1294	1.517678	2.969659	2.968987	2.729955	2.901888	2.320279	-1000	23.44393
588848900971561934	146.10578239	0.74363908	23.89995	24.15569	21.93156	21.09733	20.80108	1.582582	2.969659	2.968987	2.969686	2.498903	1.684041	-1000	24.98665
588848900971561941	146.10946229	0.81327538	25.2675	23.5414	21.55712	20.99271	20.30465	1.246472	2.969659	2.968987	7.3585	4.085619	1.974307	-1000	23.06309
588848900971561945	146.11055404	0.73535133	24.96754	24.88175	22.146	23.82952	24.0662	0.6493347	2.969659	2.968987	1.166965	2.969397	0.050511	-1000	26.41268
588848900971561959	146.12113922	0.74774014	24.92638	24.84954	22.04316	22.55644	22.27031	0.7298558	2.969659	2.968987	1.801175	2.969397	2.968729	-1000	22.27564
588848900971561960	146.12123623	0.6407611	25.31227	23.17064	22.37516	21.87044	22.49959	0.7896442	2.969659	2.968987	1.592705	1.931077	2.968729	-1000	22.34447
588848900971561962	146.12337484	0.79759734	23.04678	23.05668	21.96558	21.65827	21.59121	0.9931411	2.969659	2.968987	1.953648	1.174399	2.968729	-1000	22.7847
588848900971561969	146.12635841	0.69174406	23.26111	23.28234	22.44205	22.00719	21.69455	0.7549606	0.09846006	2.968987	1.563627	1.60911	1.028347	-1000	22.96001
588848900971561970	146.12641311	0.74124228	22.96357	23.51824	22.34081	21.97792	21.73708	0.5605441	2.969659	2.968987	1.650961	1.11638	7.356129	-1000	24.80714
588848900971561972	146.12827598	0.78533418	24.58281	23.93995	22.42506	21.89805	22.74406	0.5180212	2.969659	1.042629	1.741184	2.969397	2.968729	0.9801253	29.10171
588848900971561998	146.14201253	0.73093279	25.86983	23.35315	21.93054	20.95741	19.9438	0.7818581	2.969659	2.968987	1.56238	1.787681	2.199654	-1000	23.30091
588848900971562009	146.14774052	0.80522702	23.34988	23.61962	21.79979	21.63916	20.90043	0.7188448	0.7217507	2.968987	1.546299	2.969397	11.30158	-1000	24.99005
588848900971562015	146.15128988	0.71099705	25.52764	23.67668	21.58477	20.42332	20.05211	0.9634897	2.969659	0.7117285	2.009766	1.608176	3.709807	0.4839031	23.67562
588848900971562040	146.01101902	0.70447544	25.1186	24.37738	22.83692	21.25053	20.41376	3.294113	2.969659	2.968987	1.217098	1.912214	1.593355	-1000	25.09345
588848900971562069	146.04808203	0.71282952	23.89654	22.89161	22.56347	21.21751	20.94872	1.321528	2.969659	2.968987	2.969686	2.307466	7.356129	-1000	22.87486
588848900971562079	146.05804793	0.65086261	23.07976	23.58665	22.39751	20.90852	20.06847	1.306525	11.30512	11.30256	2.969686	2.969397	3.045688	-1000	22.74058
588848900971562083	146.05974646	0.68782265	24.54081	25.31494	22.47836	21.25164	20.39466	1.003199	2.969659	2.968987	2.969686	1.975999	2.327178	-1000	23.81142
588848900971562089	146.0613566	0.76433189	25.48412	23.47608	22.18696	20.9032	20.69055	1.226775	0.2620604	0.07794566	11.30522	2.501153	1.894799	0.055108	23.54168
588848900971562104	146.08324097	0.62946072	24.56537	26.11395	23.46255	21.86914	21.67155	1.275268	0.1086103	2.968987	0.7640238	1.584437	2.311934	-1000	24.67963
588848900971562114	146.09808635	0.78346677	26.55021	22.36146	22.03944	21.40662	21.78998	0.9361643	2.969659	2.968987	2.969686	7.357783	2.968729	-1000	22.01215
588848900971562152	146.14614967	0.69671659	25.04149	27.09298	22.39458	19.38907	26.12055	-9999	2.969659	2.968987	2.969686	2.969397	18.01184	-1000	23.02504
588848900971562154	146.1476174	0.70718292	24.51875	25.72002	24.10259	22.03157	22.01845	2.200085	2.969659	4.582613	4.583692	1.319613	0.6723123	-1000	26.08704
588848900971562155	146.1483254	0.798757	24.96832	24.37097	22.91647	21.62496	21.74025	-9999	2.969659	2.968987	2.969686	2.969397	4.582215	-1000	27.4903
588848900971562177	146.10478543	0.7782331	24.34608	24.27128	23.59905	23.21964	20.35219	-9999	2.969659	2.968987	1.070339	1.114095	1.585419	-1000	24.92919
588848900971562183	146.12314723	0.72319184	23.40052	20.9953	24.51751	27.77011	26.01232	-9999	7.358431	7.356766	2.969686	7.357783	7.356129	-1000	22.07999
588848900971562185	146.04416108	0.7133732	23.82794	23.09795	22.15285	21.97581	22.18235	0.9992275	2.969659	2.968987	2.969686	2.969397	1.060332	-1000	23.00177
588848900971562200	146.07517481	0.64459178	23.80852	23.87443	22.6016	21.67126	22.34374	0.547462	2.969659	2.968987	2.969686	2.715233	1.100338	-1000	24.79708
588848900971562201	146.08409655	0.70370883	25.49411	25.20392	22.64847	21.53563	20.992	1.238695	2.969659	2.968987	2.969686	2.969397	2.033436	-1000	24.01721
588848900971562206	146.12510795	0.76538675	23.90884	26.88729	28.73585	28.15654	18.34687	-9999	0.5403309	2.968987	2.969686	4.583245	4.582215	-1000	25.69625
588848900971626514	146.15849519	0.67568176	24.19439	25.37589	25.41432	21.52324	21.4295	1.848311	4.583613	4.583377	2.969968	2.969421	2.969111	-1000	24.88324
588848900971626530	146.1645526	0.78972662	19.31923	18.27281	17.12224	16.56623	18.67553	8.942285	27.91859	27.91715	27.92172	2.969421	2.550035	-1000	18.70594
588848900971626535	146.15876766	0.78543827	24.82048	23.43449	24.79763	22.25653	22.49894	-9999	2.969635	2.969482	2.969968	3.093174	0.09539551	-1000	24.44959
588848900971626537	146.1770047	0.79406674	23.14897	24.96353	23.51866	20.79808	23.30673	1.306553	2.969635	2.969482	2.969968	2.922306	2.969111	-1000	24.32909
588848900971626538	146.16220042	0.80028915	25.36313	24.04872	21.55841	21.66877	20.03365	1.063089	2.969635	2.969482	2.313018	2.094695	3.035828	-1000	23.67478
588848900971626544	146.17139561	0.78870423	23.94942	23.48645	21.78646	22.31746	21.97879	1.450812	27.91859	2.969482	2.969968	1.278973	0.6119694	-1000	22.88046
588848900971626573	146.215754	0.83800676	23.69677	20.89046	20.54359	19.17009	25.93423	1.137321	2.969635	27.91715	2.969968	2.969421	1.119945	-1000	22.72613
588848900971626587	146.23506925	0.75586582	22.64908	23.37964	22.05473	21.36497	20.75101	1.071198	2.969635	2.969482	2.969968	1.924418	1.520624	-1000	22.56778
588848900971626589	146.23947917	0.75375053	22.39408	22.20086	21.52401	20.91385	21.45304	1.607294	2.969635	2.969482	2.969968	2.481748	1.055623	-1000	22.22385
588848900971626592	146.24087505	0.75845571	27.64276	21.91706	21.34046	19.05919	24.64205	0.6936629	2.969635	2.969482	2.969968	3.487884	27.91366	-1000	23.82906
588848900971626629	146.29500066	0.75130805	23.76745	23.58974	21.46307	20.36371	19.66869	0.9348398	2.969635	18.01641	1.871203	3.642569	1.693544	-1000	23.10779
588848900971626639	146.28887589	0.75527242	21.68871	21.70045	21.27063	20.81192	21.0745	3.574882	2.969635	2.969482	11.3063	2.969421	2.969111	-1000	21.77262
588848900971626642	146.28816379	0.75265172	21.95811	22.39154	21.60748	20.77681	22.27797	0.6624455	0.9036117	2.969482	0.8057476	2.711479	2.969111	-1000	23.56536
588848900971626668	146.15711979	0.83763317	22.4561	21.99323	21.10333	20.40574	20.15647	1.639914	2.969635	2.969482	2.969968	2.463149	3.198445	-1000	21.81075
588848900971626742	146.18422157	0.70225742	21.6167	20.41446	19.22353	18.70832	18.34588	1.802525	11.30503	2.969482	5.826525	3.841062	3.807589	-1000	20.01863
588848900971626747	146.19564955	0.7214861	25.60506	21.64697	19.63515	18.925	18.61104	1.169309	7.358374	1.602026	2.987616	3.042395	3.372205	0.199757	21.15702
588848900971626768	146.27890617	0.71547396	22.2569	20.46485	18.74301	18.08903	17.66896	1.231608	18.01734	2.909059	2.691244	2.757096	2.293208	0.5748788	20.42258
588848900971626783	146.29873882	0.65612319	20.65787	19.25795	18.20038	17.6273	17.17167	2.684537	43.76481	6.057109	5.841581	4.601263	4.530439	0.3577588	19.14896
588848900971626814	146.1837921	0.81751557	21.60842	20.94122	20.3451	20.04479	19.47671	0.8826717	11.30503	1.456992	1.840841	1.628698	1.439932	0.1208941	21.11764
588848900971626821	146.20466924	0.65416632	21.98944	25.45558	25.37383	23.70439	22.93055	2.422389	1.257176	4.583377	2.969968	2.969421	0.2482332	-1000	26.13329
588848900971626837	146.2510505	0.73352478	22.21284	21.3147	20.6432	20.34959	20.28342	0.6280842	2.969635	1.2717	1.248896	1.197063	1.141844	0.1064901	21.51142
588848900971626907	146.18158583	0.83279354	23.07448	21.32463	19.61889	18.98232	18.56506	1.536577	0.966409	2.969482	3.075353	3.134535	2.717258	-1000	21.30564
588848900971626924	146.19012438	0.65119788	23.91239	22.548	21.74865	21.2663	21.34334	0.7999535	4.583613	2.969482	1.713483	1.979039	1.00061	-1000	22.80763
588848900971626932	146.19199889	0.71361398	24.73819	22.86974	21.13739	20.44316	20.05551	0.9669878	11.30503	2.969482	2.23939	1.203472	1.474705	-1000	22.34702
588848900971626934	146.19184305	0.73054515	22.37707	22.50648	21.26221	20.91835	20.80035	1.145295	2.969635	2.969482	2.124951	2.271544	3.31107	-1000	22.5498
588848900971626955	146.19811446	0.65315689	25.12752	22.50832	20.75556	20.09344	19.50003	1.174574	2.969635	2.969482	3.041985	2.224406	1.956562	-1000	23.5415
588848900971626977	146.20776659	0.73831344	23.16411	22.58905	20.80484	20.16241	19.62739	0.8805345	2.969635	2.969482	1.686905	1.872684	2.158851	-1000	22.66498
588848900971626982	146.21228664	0.6393465	23.59082	21.87252	21.25649	21.10294	20.97087	1.518444	2.969635	2.969482	2.987674	2.17047	1.351	-1000	21.59339
588848900971627012	146.22587877	0.66928484	23.14528	22.70473	21.75975	21.34056	21.6727	0.8246946	2.969635	2.969482	1.648612	2.280559	1.740832	-1000	22.94005
588848900971627095	146.29994218	0.68679926	22.66162	22.17936	21.00532	20.41019	20.17636	0.98641	4.583613	7.357994	2.324884	2.090039	2.243538	-1000	21.82477
588848900971627124	146.1577579	0.73946366	24.13593	22.99172	22.40219	22.25909	23.01094	0.7625961	1.049463	0.7590087	1.484057	2.969421	7.357073	0.1363058	22.82003
588848900971627127	146.161731	0.68780054	22.5262	22.59435	20.7074	19.72447	19.13944	1.358776	11.30503	1.123276	3.112656	2.390356	1.61236	0.1064251	25.08213
588848900971627144	146.17254511	0.69207885	22.60792	22.89236	21.86518	21.66986	21.12636	0.8469836	1.008827	1.070037	1.779957	0.8907843	4.582804	0.2642378	23.50777
588848900971627175	146.18627915	0.6461587	24.15406	24.59264	22.51633	21.27979	20.56032	0.7090219	0.34363	2.969482	1.5464	1.388907	1.744462	-1000	23.52255
588848900971627182	146.18910105	0.69666288	24.19306	23.84122	22.39146	22.84169	21.57125	0.3043378	4.583613	2.969482	2.969968	1.052239	2.465975	-1000	24.38066
588848900971627189	146.19268358	0.82764389	23.33244	22.54109	21.19352	20.20787	19.76186	1.372864	0.758921	2.969482	3.053354	2.307937	3.463306	-1000	22.3537
588848900971627215	146.20468088	0.8115746	25.2659	22.87604	21.22414	20.73884	20.06877	0.8269292	0.08017019	7.357994	1.680043	1.569623	7.357073	-1000	22.57391
588848900971627223	146.20716671	0.78425867	24.15574	23.98605	22.67656	22.14619	21.59562	0.6325676	2.969635	2.969482	1.176477	27.91658	7.357073	-1000	23.68811
588848900971627237	146.21560112	0.82507741	24.45616	23.16041	21.94064	21.2373	20.41653	1.633466	2.969635	2.969482	7.359198	3.069772	11.30303	-1000	22.90813
588848900971627240	146.21691008	0.77317246	22.63335	21.96247	20.01882	19.27606	18.85379	1.789198	2.969635	2.969482	3.8698	3.429193	7.519355	-1000	22.35444
588848900971627248	146.22459803	0.82600323	24.4577	23.55305	21.96325	21.54171	21.1127	0.8159838	2.969635	2.969482	1.645825	1.741022	7.357073	-1000	24.63619
588848900971627261	146.23526088	0.82470621	23.43768	23.82156	22.5809	21.81105	21.50338	0.6355581	0.6904903	2.969482	1.181471	1.276664	2.01298	-1000	24.05856
588848900971627296	146.2643112	0.63982268	24.46622	23.95503	22.70751	23.38565	21.74471	0.5405987	2.969635	0.7249482	1.035672	1.043189	7.357073	0.2841324	24.27956
588848900971627303	146.26697821	0.69239306	22.80594	23.29168	21.67056	20.65347	19.84391	1.087746	2.969635	2.969482	2.969968	2.24467	4.387984	-1000	22.47315
588848900971627305	146.26755225	0.64999689	25.24255	23.97529	22.36384	22.09464	21.77781	0.5448608	2.969635	11.30445	1.161427	1.711513	4.582804	-1000	23.54992
588848900971627313	146.27131627	0.80168527	22.94862	22.79113	21.50166	21.05232	20.35723	1.208453	2.969635	2.969482	2.969968	11.30422	68.28699	-1000	23.31145
588848900971627326	146.27690138	0.63184746	22.37275	22.66525	21.32019	21.04789	20.9029	1.055429	2.969635	2.969482	2.137642	2.129922	2.785716	-1000	22.15719
588848900971627327	146.27757201	0.7423623	23.97714	23.64378	22.03633	21.48013	21.44017	0.6534579	0.6995349	2.969482	1.50424	7.357843	1.912169	-1000	23.47922
588848900971627330	146.27860137	0.72922567	23.53752	23.30732	21.40982	20.89432	20.22811	0.805795	2.969635	2.969482	1.886232	1.691727	2.043265	-1000	23.22883
588848900971627333	146.28051528	0.75546222	22.86029	23.78203	21.66307	20.92461	20.39882	1.084612	2.969635	11.30445	2.222058	1.82032	1.372035	-1000	22.72844
588848900971627335	146.2807079	0.76446068	23.48104	23.43584	22.19611	21.88485	21.5721	0.6939245	2.969635	2.969482	1.299661	1.701667	4.107939	-1000	23.20617
588848900971627360	146.29515554	0.63309104	23.17619	22.38764	20.85619	20.53997	19.92846	1.399672	2.969635	2.969482	2.836889	2.402862	3.491819	-1000	22.10358
588848900971627361	146.29584266	0.81168335	23.82404	22.85672	21.47099	22.24552	21.35852	1.366343	2.969635	2.969482	2.969968	1.279602	1.803413	-1000	23.52386
588848900971627364	146.29926673	0.67202178	23.5045	23.03376	21.54324	21.40807	21.69398	1.022097	2.077625	2.969482	1.988361	1.643196	0.745707	-1000	22.84555
588848900971627512	146.250345	0.72627112	25.224	22.26846	21.70495	22.17814	21.14942	1.298466	0.2943552	2.969482	2.969968	0.09161071	0.09159072	-1000	22.32162