587729149846946416	151.61949493	-2.62816067	25.92635	23.12954	22.03936	21.12209	20.27324	0.6587375	2.96956	2.96992	1.692482	1.932482	2.214459	-1000	23.58661
588848900971299312	145.48727069	0.73440921	24.36167	23.32091	22.03395	21.72168	20.42629	1.222204	2.968804	2.969576	2.969621	2.969343	1.95408	-1000	23.57671
588848900971299326	145.49635491	0.67621502	23.103	22.21242	21.08849	20.50548	20.19425	1.037052	4.58233	2.969576	2.261436	1.833753	1.320214	-1000	22.22152
588848900971299345	145.50906084	0.75468322	25.05933	22.12865	21.57598	21.30709	21.69806	0.8850601	0.586255	1.791015	1.945828	1.797477	2.591327	0.5324137	22.23612
588848900971299371	145.53369256	0.69376455	24.42073	22.46383	21.95002	22.27146	21.4034	0.8910947	2.968804	7.358226	2.169474	2.969343	1.804231	-1000	21.99969
588848900971299411	145.40481355	0.76336659	25.97753	22.90523	21.29708	20.29427	19.25707	1.357357	4.58233	2.969576	3.319456	2.451655	3.129613	-1000	23.43718
588848900971299417	145.41028077	0.76702728	24.03287	23.21998	21.54947	22.09391	22.55378	0.913731	7.356313	2.969576	1.660887	1.218365	7.357388	-1000	25.12463
588848900971299424	145.41550991	0.6462642	23.29145	23.83289	22.17	21.59596	20.56761	1.079806	18.01229	2.969576	1.691874	1.826503	18.01493	-1000	23.40594
588848900971299470	145.46290988	0.75827818	25.60176	23.26489	21.97455	21.5974	21.69351	1.587612	2.968804	2.969576	7.358338	2.969343	0.63341	-1000	23.30184
588848900971299497	145.49284917	0.76606983	25.67846	23.76615	23.00797	21.97245	21.57972	0.2315967	2.968804	0.09089738	0.7944964	1.970299	2.308155	0.04267498	23.84753
588848900971299504	145.50057313	0.83645179	24.62429	23.49146	22.20247	21.3064	20.89618	1.050742	0.727711	2.969576	2.969621	1.776134	1.523224	-1000	23.41769
588848900971299512	145.50572247	0.66899493	24.26821	23.24106	21.27722	20.77361	20.48853	1.22829	2.968804	2.969576	2.744084	3.579942	1.756304	-1000	22.87648
588848900971299546	145.52841464	0.75677409	24.54795	22.80375	21.71358	21.29157	20.49944	1.307831	2.968804	2.969576	2.969621	2.57987	3.882403	-1000	22.84874
588848900971299547	145.52894526	0.72029667	22.94416	22.9251	21.07745	20.09654	19.619	1.340116	2.968804	7.358226	7.358338	2.931221	1.42117	-1000	23.70315
588848900971299552	145.53301132	0.68660451	24.05314	23.3168	21.4687	20.91505	20.45274	0.8408025	4.58233	2.969576	1.736417	2.052792	11.30352	-1000	22.71032
588848900971299600	145.41271037	0.71851559	23.73249	23.35395	22.57482	21.676	21.99016	0.9765092	4.58233	2.969576	2.969621	1.477973	3.405187	-1000	22.82428
588848900971299631	145.44846039	0.68877235	25.82293	25.65308	22.98492	21.25353	20.98834	0.6781611	2.968804	2.969576	1.826927	1.609371	2.969238	-1000	27.31894
588848900971299689	145.54845445	0.63177859	23.93063	23.54846	21.72699	20.77296	20.70498	2.064446	0.7613067	7.358226	2.969621	7.357649	2.969238	-1000	22.03935
588848900971299719	145.40891318	0.83395078	22.42266	23.09957	22.67636	21.11358	23.78333	4.645713	2.968804	2.969576	2.969621	2.753371	0.8334247	-1000	23.28188
588848900971299721	145.4686822	0.79407172	25.57809	23.77216	22.81149	21.78912	20.94316	2.064505	2.968804	7.358226	2.969621	2.126878	2.647482	-1000	23.44703
588848900971364376	145.5574712	0.6850653	25.72916	23.85087	23.43077	21.3915	22.93071	1.76981	4.582732	2.969459	2.970076	2.664793	0.9943619	-1000	23.74727
588848900971364407	145.58515763	0.63940778	21.65485	21.50398	21.31173	20.53442	21.12759	1.639579	2.969064	2.969459	2.970076	3.353081	1.24731	-1000	21.92884
588848900971364438	145.63524026	0.66146928	23.53991	21.24981	21.50802	20.61471	23.46983	2.683805	2.969064	2.969459	18.02001	2.96966	0.323141	-1000	22.03952
588848900971364470	145.69269849	0.7457748	25.97525	23.42711	22.07155	21.31724	21.51217	1.575582	2.969064	2.969459	2.970076	3.214091	2.969321	-1000	23.05847
588848900971364476	145.70009773	0.74702203	26.49751	23.89967	24.39413	21.15015	21.77386	0.9557006	2.969064	2.969459	2.970076	2.96966	0.1011962	-1000	23.24813
588848900971364615	145.6777353	0.79690604	22.9853	20.97425	19.65038	19.07325	18.67849	0.9186678	4.582732	2.526257	1.866898	1.858482	2.017527	0.400126	20.88809
588848900971364644	145.61436068	0.65494808	24.09293	22.86809	21.55152	21.04006	20.46168	0.9940026	2.969064	2.969459	2.204637	2.236897	2.747049	-1000	23.14942
588848900971364713	145.55696027	0.70811269	24.54811	22.77662	21.56213	21.19548	20.42659	0.6958809	2.969064	2.969459	1.847624	1.273979	1.379037	-1000	22.59435
588848900971364719	145.56026973	0.75585705	24.1096	21.76286	19.7774	19.02913	18.4875	1.676825	18.01387	2.969459	3.93019	3.714962	2.902945	-1000	22.015
588848900971364747	145.57873325	0.7367431	22.36037	21.11179	20.23111	19.82881	19.29896	1.323694	2.969064	2.539947	2.882092	2.623345	4.072931	0.2256935	21.35414
588848900971364757	145.5829114	0.80879939	23.54381	21.59361	20.2394	19.64859	19.15188	1.398924	2.969064	2.969459	2.998817	2.937516	3.045848	-1000	21.81629
588848900971364777	145.59353541	0.78781	25.15256	23.64289	21.33311	20.70005	20.79695	0.8431778	2.969064	2.969459	1.914762	1.792118	1.624604	-1000	25.08772
588848900971364787	145.59596707	0.80756055	24.65788	21.94206	21.26106	21.36798	21.56422	0.934001	7.356958	1.46923	1.752007	1.67063	1.082114	0.2536512	22.2757
588848900971364810	145.60633437	0.76452974	22.11712	22.03942	20.9004	20.47778	20.25755	1.359316	2.969064	2.969459	2.877877	3.18321	0.09404688	-1000	21.98401
588848900971364826	145.61322472	0.68316333	24.98747	25.04589	22.91593	21.96494	21.79863	0.50688	7.356958	2.969459	1.110437	1.536227	1.930434	-1000	27.13933
588848900971364837	145.61583496	0.66709054	23.33078	21.88858	20.97804	20.63237	20.72924	1.042017	1.179064	2.339864	2.29145	2.228092	1.843009	0.2972763	21.57385
588848900971364854	145.62325786	0.7364679	24.73504	22.673	22.29585	22.34693	22.77203	0.78423	0.2817693	2.969459	1.697778	1.33046	2.969321	-1000	22.46344
588848900971364855	145.62465371	0.72077097	23.99903	22.8119	22.00612	21.67635	20.68668	0.8226079	4.582732	2.969459	1.866254	1.543477	1.542072	-1000	22.67865
588848900971364868	145.63720214	0.67827614	22.35097	22.3822	22.24691	21.6313	22.26625	1.818126	11.30286	2.969459	2.970076	2.190417	4.583129	-1000	22.59035
588848900971364887	145.64803165	0.80108439	22.94926	22.46015	21.85285	21.40121	20.80622	0.7280124	2.969064	2.969459	1.69158	2.45616	1.577847	-1000	22.67867
588848900971364910	145.65887839	0.70690484	26.87999	21.8861	19.67332	18.67613	18.17027	2.404922	0.2706275	2.969459	11.30671	5.774354	3.535519	-1000	23.00527
588848900971364936	145.66760882	0.71642968	22.95569	21.34185	27.04825	25.56727	25.15039	-9999	0.7504776	7.357935	2.970076	2.96966	7.357596	-1000	22.18675
588848900971364954	145.67803133	0.64799538	20.68792	19.80076	19.24146	19.09276	18.89629	2.259968	2.969064	2.969459	2.970076	5.221078	3.703243	-1000	20.22504
588848900971365020	145.56597563	0.80550062	24.69394	23.49136	21.97541	21.19512	20.41958	0.808354	4.582732	2.969459	1.55444	2.999692	1.348402	-1000	26.25325
588848900971365034	145.57120403	0.74753332	23.02993	22.9692	21.31143	20.79939	19.96626	1.029852	2.969064	2.969459	1.984445	1.39229	1.705044	-1000	22.74604
588848900971365040	145.57596334	0.76107987	24.35049	23.89421	22.11824	21.78777	20.86027	3.056297	0.6997067	2.969459	2.970076	1.36984	1.677914	-1000	23.10725
588848900971365058	145.5882357	0.75492015	23.01039	23.30857	21.38128	20.62459	20.10016	1.119964	2.969064	2.969459	2.541836	1.634225	6.865702	-1000	23.01048
588848900971365071	145.59626601	0.75828742	23.36853	25.08003	21.78151	21.23992	20.63315	1.292174	2.969064	2.969459	2.970076	1.605664	0.8158432	-1000	25.84715
588848900971365095	145.60871788	0.69690189	25.88641	23.24486	21.54984	20.97301	20.68616	1.1803	2.969064	2.969459	2.545483	1.291779	1.18924	-1000	22.739
588848900971365102	145.61107034	0.71031786	24.04969	23.45156	22.37605	21.51188	21.40494	0.8359827	7.356958	7.357935	2.970076	1.454916	2.833775	-1000	22.29431
588848900971365121	145.62108799	0.65016111	24.25495	23.32415	21.80965	21.11185	20.55455	0.6725	2.969064	2.969459	1.361603	1.416301	1.469441	-1000	23.49827
588848900971365142	145.6397495	0.70616079	23.82531	23.39623	21.50235	20.8547	20.74035	1.158757	0.6774758	4.583341	2.970076	7.358435	1.117945	-1000	22.77289
588848900971365153	145.64340514	0.81634071	24.2042	23.21638	22.26317	21.73102	21.73282	0.9277368	0.6946476	2.969459	2.970076	1.636901	2.969321	-1000	23.40391
588848900971365157	145.64467547	0.79164114	25.29218	25.38943	22.21438	21.74974	21.11119	0.6131032	0.1552534	2.969459	2.970076	1.611015	0.7044182	-1000	26.02828
588848900971365178	145.6638205	0.8165216	25.18164	24.41079	22.56254	23.37518	23.35752	1.006559	2.969064	7.357935	2.970076	2.96966	2.969321	-1000	23.02469
588848900971365198	145.67713898	0.73803457	25.6072	23.6501	21.89825	21.44128	20.86822	0.9326342	2.969064	2.969459	1.61376	1.358031	0.8115774	-1000	25.17104
588848900971365226	145.70049532	0.65367897	23.60907	24.16056	22.61917	23.27381	22.53312	0.6134943	2.969064	4.583341	1.160878	7.358435	2.969321	-1000	23.76873
588848900971365249	145.56795887	0.81972275	24.31866	25.50203	23.02051	21.89486	20.66696	0.5155914	4.582732	4.583341	2.970076	1.099473	1.594067	-1000	25.10778
588848900971365261	145.59191285	0.7503502	24.51121	24.55111	23.02645	21.87268	21.63214	0.7570326	2.969064	2.969459	2.970076	1.397442	4.583129	-1000	24.46587
588848900971365277	145.6123971	0.78121974	23.96886	23.54426	22.06773	21.43488	20.55647	1.451918	2.969064	2.969459	2.970076	2.896395	1.645735	-1000	24.14007
588848900971365284	145.62630838	0.69738226	23.58031	24.11965	22.81785	21.73273	21.84709	0.7446996	4.582732	4.583341	2.970076	1.451177	1.063701	-1000	24.32986
588848900971365290	145.63885463	0.69571842	25.23897	24.75352	22.84165	21.82183	22.44198	0.6506684	2.969064	0.08025221	0.8603076	1.346792	0.776625	0.05001619	24.6232
588848900971365297	145.64405195	0.77827839	25.05994	23.48121	22.88502	21.9402	22.06335	0.651984	0.2887363	2.969459	2.970076	0.9024449	2.969321	-1000	23.19345
588848900971365320	145.69469207	0.7803609	24.96708	26.017	23.02438	21.58571	20.7883	2.572628	2.969064	0.285156	0.8958443	2.96966	0.9592139	0.08946162	27.77156
588848900971365321	145.6958601	0.83802097	25.59336	25.16607	23.13779	21.88445	21.93261	0.6052719	4.582732	2.969459	1.258096	1.753679	0.08707414	-1000	25.67028
588848900971365325	145.70270653	0.65742294	23.92441	24.70436	23.52706	21.52252	21.68847	-9999	7.356958	0.1033568	2.970076	2.96966	1.071157	1.59529	23.80562
588848900971365356	145.61262731	0.64930044	23.27611	23.26801	22.04869	21.90169	21.71031	1.083271	2.969064	2.969459	2.970076	1.546953	4.583129	-1000	24.22739
588848900971429907	145.71848173	0.79678459	25.25646	23.30575	21.00471	21.24257	23.97486	3.4135	11.30361	2.968944	11.30617	11.30414	11.30591	-1000	22.16114
588848900971429962	145.78610572	0.67933394	23.19234	23.20292	21.44222	20.8026	20.68443	1.210601	2.969262	2.968944	2.565336	4.542809	3.048368	-1000	22.88605
588848900971430048	145.76918646	0.69224383	22.32882	21.57274	20.92552	20.58103	20.43727	1.118988	2.969262	2.968944	2.359763	2.012454	3.241548	-1000	21.54176
588848900971430070	145.80425482	0.78651377	21.31232	20.00661	19.00289	18.54743	18.08891	1.274855	2.769984	2.906417	2.546095	2.430199	2.54641	0.1771638	19.95131
588848900971430081	145.81919984	0.70447683	23.3057	23.16497	22.03309	21.7021	21.22765	0.7244372	2.969262	4.582546	1.589107	1.721039	1.784774	-1000	23.12341
588848900971430147	145.78868698	0.71829977	24.23923	22.24929	20.79852	20.26021	19.61856	1.34275	2.969262	7.356659	2.919458	2.269532	2.588034	-1000	21.65772
588848900971430157	145.80151725	0.70556466	25.57	23.75576	21.86436	21.54502	20.64177	0.9466226	2.969262	4.582546	1.870548	1.728407	1.865225	-1000	23.55788
588848900971430179	145.83375459	0.69508701	23.81637	20.18297	19.11458	18.71158	18.31785	2.269886	2.969262	5.617383	4.652652	4.546724	18.01874	0.4329283	19.99917
588848900971430186	145.84651144	0.6668656	23.66712	21.4894	19.87712	19.2553	18.94911	1.023693	2.969262	2.317476	2.160262	1.902027	1.824189	0.8020392	21.59694
588848900971430254	145.81803655	0.73627232	21.97969	21.18186	20.62802	20.38774	20.17789	0.8307357	1.84379	1.621031	1.816561	1.496122	7.358947	0.1290648	21.29598
588848900971430331	145.7383216	0.71655666	23.22922	21.99441	21.17058	20.70021	20.46683	1.616995	2.969262	2.968944	7.359116	1.738765	2.557193	-1000	22.33484
588848900971430344	145.74896355	0.75939801	23.82081	22.01322	20.72123	20.19028	19.82905	1.11525	11.30361	2.968944	2.056209	2.033798	2.233717	-1000	21.97302
588848900971430352	145.75577705	0.69554733	22.57258	22.39137	21.31836	20.75514	19.96794	1.056547	7.357448	2.968944	1.924027	3.308586	2.085211	-1000	22.27099
588848900971430363	145.76258109	0.83304117	23.11457	22.83329	23.20185	23.26365	21.61399	0.7527282	2.969262	2.968944	2.969935	0.09558155	0.9973176	-1000	23.50752
588848900971430386	145.78755355	0.71467538	23.48828	21.80047	20.56539	19.91784	19.29816	1.214557	2.969262	1.853988	2.49814	2.458544	3.57906	0.3328274	21.81359
588848900971430439	145.81836152	0.74525836	26.20361	23.24724	21.2689	20.65046	20.11649	1.008272	2.969262	7.356659	1.954605	2.611773	7.358947	-1000	22.47294
588848900971430450	145.82484281	0.74837277	22.75704	21.95378	21.35719	21.12808	21.10307	0.9201751	2.969262	2.968944	2.129346	1.555468	0.03190645	-1000	22.0265
588848900971430476	145.84264833	0.6993715	23.07675	22.58495	21.7118	20.88575	20.2223	0.9441676	1.129534	2.968944	2.969935	2.846342	3.444538	-1000	22.52768
588848900971430508	145.70572558	0.7930728	24.0171	24.18677	22.15999	21.94239	21.08257	0.8824599	1.799986	4.582546	1.897019	2.969401	2.570273	-1000	23.55272
588848900971430529	145.72347418	0.75144747	23.89247	22.91617	21.62774	21.53683	22.76392	0.9963852	4.583037	2.968944	2.181752	2.05932	2.969867	-1000	25.10361
588848900971430535	145.72953997	0.67712902	23.07041	22.76751	21.30407	20.16295	19.57109	1.258806	11.30361	2.968944	2.746778	2.004195	2.14381	-1000	24.09703
588848900971430538	145.72988786	0.7167286	24.45387	24.90935	22.85343	22.02994	21.84756	0.4253766	2.969262	2.968944	0.8372845	2.969401	1.157812	-1000	24.71604
588848900971430557	145.75072213	0.63951229	26.69591	22.78795	21.83154	22.87918	22.99531	0.9701018	2.969262	1.014594	1.899548	2.969401	11.30591	0.9273508	22.75383
588848900971430593	145.77383761	0.77746864	24.35136	22.74578	22.03627	21.86485	22.20735	1.353048	0.09700505	43.70952	4.584076	1.62414	4.583971	3.350585	22.04104
588848900971430596	145.77541029	0.79208911	23.61341	23.20297	21.79885	21.97441	20.8685	0.8558813	2.969262	4.582546	1.745654	1.569665	18.01874	-1000	23.00685
588848900971430612	145.78499461	0.83688684	24.49847	24.40149	22.02591	21.08516	20.65921	1.033239	4.583037	2.968944	1.877426	1.436852	4.583971	-1000	23.55626
588848900971430640	145.80650911	0.68141621	24.73599	23.22904	22.17177	21.7778	22.4407	0.6617531	4.583037	2.968944	1.303619	1.140546	2.969867	-1000	23.22783
588848900971430663	145.8196339	0.80847713	22.31511	22.10673	20.48474	19.54394	19.00894	1.773723	11.30361	2.968944	3.662449	2.498688	11.30591	-1000	22.00432
588848900971430699	145.8418131	0.76463951	23.6966	23.18971	21.9534	21.45805	20.96219	4.429412	11.30361	2.968944	11.30617	1.956784	11.30591	-1000	22.9216
588848900971430706	145.84487896	0.77433954	25.17183	23.25393	21.98693	20.83896	20.30037	1.712213	2.969262	2.968944	2.969935	1.667747	3.079814	-1000	25.13342
588848900971430721	145.84969512	0.75713578	24.84494	23.18857	21.73053	20.99451	20.20893	1.724317	2.969262	11.3024	7.359116	1.506526	7.358947	-1000	21.79115
588848900971430724	145.85065536	0.70785177	23.52611	23.04424	21.93459	20.99875	21.33068	0.837036	4.583037	2.968944	2.118312	1.809263	0.8249999	-1000	22.87743
588848900971430731	145.85272427	0.80579474	25.15384	22.95582	22.40449	21.93301	22.07108	0.6467108	2.969262	2.968944	1.372104	1.810324	4.583971	-1000	22.88412
588848900971430841	145.83177996	0.76395324	26.32103	23.44886	22.23229	21.32323	21.13619	3.239727	2.969262	11.3024	1.138955	7.357791	3.59606	-1000	22.75345
588848900971430895	145.71676534	0.81814145	23.2538	23.59579	22.48056	21.87918	21.16674	0.4912374	2.969262	2.968944	1.351361	2.207192	2.202863	-1000	25.58367
588848900971430896	145.7318428	0.79577704	28.24017	21.13079	21.35593	19.61864	22.22866	-9999	2.969262	2.968944	18.01915	18.01591	1.027471	-1000	21.36046
588848900971495451	145.87139594	0.64054965	22.71743	21.91085	21.22995	20.60458	23.97854	1.757206	0.1074614	2.968655	2.969973	3.230097	0.2474926	-1000	22.59745
588848900971495453	145.88020431	0.6459102	27.56685	21.47847	21.45283	19.20745	20.05508	4.37662	2.968739	2.968655	2.969973	2.969034	2.951326	-1000	23.98748
588848900971495467	145.90649028	0.70146397	24.62556	21.63361	19.98922	19.11794	18.67015	1.336923	2.968739	2.968655	4.863626	2.08653	2.326544	-1000	21.21751
588848900971495518	145.97015571	0.72614811	23.11796	22.38777	21.3655	20.96034	20.79097	0.6212122	1.00723	1.812667	1.212796	1.987221	3.231956	0.3882488	22.21043
588848900971495556	145.86810777	0.82940144	20.09502	18.0973	17.10029	16.60517	16.21197	1.769198	3.49684	4.101449	4.038907	3.726889	3.92654	0.4339545	18.19579
588848900971495561	145.8702834	0.81768255	23.32836	23.40054	21.66276	21.05362	20.42395	0.6161666	2.968739	2.968655	1.246054	1.409098	2.63299	-1000	23.05313
588848900971495562	145.87245026	0.81705352	23.00135	23.02094	21.73976	21.33183	20.79054	1.706808	2.968739	2.968655	7.35921	1.34488	1.305061	-1000	22.70231
588848900971495589	145.92959072	0.77252391	25.79945	23.92873	22.81135	21.2796	20.39794	0.6234989	2.968739	2.968655	2.969973	1.247368	1.961043	-1000	24.7
588848900971495591	145.93168989	0.67520647	21.37466	19.48929	18.30745	17.79667	17.4163	1.122507	1.726424	2.421454	2.335091	2.264983	2.296035	0.1342585	19.51595
588848900971495602	145.93906716	0.677152	24.61292	22.20254	21.61405	21.20999	21.14403	0.9908623	18.0119	1.65903	1.860308	1.370951	8.092985	0.3625841	22.18347
588848900971495632	145.97271432	0.80421587	21.98451	19.76939	19.29876	19.29214	18.62795	4.191975	0.2875967	27.90938	18.01938	3.656648	2.969172	-1000	20.23109
588848900971495636	145.97368779	0.70927512	23.85715	22.84307	22.25053	22.0815	21.62329	1.290372	2.968739	2.968655	2.969973	1.308507	0.7606631	-1000	23.15839
588848900971495645	145.98710114	0.80609047	20.19533	18.99359	18.25773	17.79074	17.54022	1.24001	2.563901	2.418376	2.586142	2.599417	2.779428	0.09687033	19.10143
588848900971495648	145.99263222	0.78807233	18.69063	17.20336	16.40523	15.9594	15.61294	2.000771	4.285438	4.487586	4.324378	4.229624	4.21866	0.126684	17.12449
588848900971495707	145.88425967	0.6868094	24.23794	21.40575	19.61126	18.94034	18.36827	1.437688	11.30162	2.968655	3.250344	2.996686	2.67671	-1000	21.25775
588848900971495710	145.88168994	0.68608117	24.24267	23.18806	21.96471	21.73504	22.42072	0.8199072	2.968739	2.968655	1.672448	2.672991	2.969172	-1000	23.24812
588848900971495739	145.88259023	0.77269466	22.11683	25.25877	24.24718	23.10812	22.50497	-9999	1.032319	4.5821	2.969973	2.969034	2.969172	-1000	25.28399
588848900971495774	145.94868011	0.67001886	21.5735	21.22774	20.78568	20.61785	20.70391	1.283559	7.356152	2.580364	2.670383	2.187238	2.842258	0.3192365	21.22788
588848900971495792	145.99547805	0.67805711	22.02623	23.81965	23.82209	23.76635	23.92263	-9999	1.227383	2.968655	2.969973	0.09774094	2.969172	-1000	23.73954
588848900971495805	145.85380801	0.76041595	21.98183	20.91135	20.22866	19.92537	19.57991	1.013027	2.968739	2.788657	2.126386	1.996461	2.653659	0.6092511	20.82344
588848900971495807	145.85496016	0.74462954	22.03092	21.17138	20.68439	20.48652	20.63832	1.474591	2.968739	2.968655	7.35921	3.055747	2.969172	-1000	20.99127
588848900971495823	145.86318358	0.67763902	24.55562	22.79711	21.7226	21.64376	21.24463	0.8144656	4.58223	1.02461	1.904494	2.969034	1.530501	0.1207123	23.15647
588848900971495857	145.88216417	0.76771675	25.36488	22.65802	21.7318	21.60208	21.87882	0.7173722	11.30162	2.968655	1.440778	1.780661	1.174376	-1000	22.38875
588848900971495881	145.89772129	0.82744744	23.18946	22.06169	20.61726	20.14897	19.41312	1.254647	2.968739	2.968655	2.778758	2.42648	1.658019	-1000	21.99169
588848900971495894	145.90497133	0.64968236	23.151	22.24504	21.25883	21.16376	21.01225	0.7550756	4.58223	1.210435	1.71846	1.272053	1.122439	0.1730278	22.45126
588848900971495913	145.92024867	0.8112325	23.38202	21.84504	19.99097	19.23516	18.59262	1.648341	7.356152	2.968655	2.969973	3.127451	4.19618	-1000	22.10575
588848900971495953	145.93762018	0.65062471	22.91362	21.28184	20.4038	20.12474	19.87943	1.972228	0.9698278	2.968655	4.434554	3.51872	2.886008	-1000	21.5036
588848900971495963	145.94125659	0.75334331	23.76014	22.92025	22.12689	21.73868	21.45081	0.9097671	4.58223	2.968655	2.969973	2.10625	2.205138	-1000	22.75309
588848900971495976	145.95169617	0.8116155	23.84969	22.31725	20.65969	20.1858	19.98861	0.7779759	2.968739	1.641762	1.531349	1.745231	1.452964	0.2204594	22.41077
588848900971495982	145.95678301	0.72872562	22.28009	21.37429	19.69477	19.00997	18.5293	1.415866	2.968739	7.355945	3.683302	3.815417	3.052204	-1000	21.45976
588848900971495999	145.96433186	0.67214659	26.03273	24.33526	23.45479	22.08668	22.26583	0.728031	2.968739	1.042749	0.7706146	1.583366	0.6741846	-1000	25.33039
588848900971496018	145.97321338	0.82343895	25.64421	22.54743	20.81576	19.99521	19.62838	1.031231	0.2482409	7.355945	2.300585	2.744446	2.964323	-1000	21.97878
588848900971496021	145.97797028	0.77993434	22.64835	22.55382	21.81568	21.59321	21.36804	0.6372735	1.206253	2.968655	1.255563	0.8982083	1.937339	-1000	22.30268
588848900971496024	145.9799205	0.68439282	23.11852	22.03561	20.60773	20.13001	19.85323	0.7904576	0.08087604	2.136119	1.686619	1.686304	1.439592	0.3598476	21.92904
588848900971496029	145.98189017	0.80522055	25.94568	22.72688	22.10302	21.82893	20.99168	0.8992538	0.2600163	2.968655	2.243236	1.564927	3.397308	-1000	23.15086
588848900971496033	145.98449248	0.63982096	23.10876	22.47375	21.38251	21.00595	20.71473	1.09809	2.968739	2.968655	2.425483	1.961832	2.483405	-1000	22.95098
588848900971496045	145.98807278	0.8386462	24.21764	22.76525	21.02882	20.44478	19.9463	0.864778	2.968739	2.968655	1.599293	1.504776	1.795452	-1000	22.91586
588848900971496049	145.99065813	0.73197225	25.60138	22.45668	20.66843	20.03316	19.51121	0.9330201	2.968739	1.829093	2.140059	1.796749	1.863819	0.3352846	22.85319
588848900971496056	145.99563272	0.77902925	24.61485	22.75871	22.72424	22.91755	21.28636	0.7471979	2.968739	2.968655	2.969973	2.969034	4.582898	-1000	23.51811
588848900971496059	145.99625355	0.75937786	24.46142	21.79386	21.10431	20.7219	20.60078	1.018129	2.968739	1.856895	1.84046	1.889483	1.846134	0.2488312	22.06396
588848900971496060	145.99535277	0.75806984	23.61868	23.7064	22.14932	21.92284	21.74021	1.242586	2.968739	2.968655	2.969973	1.630984	1.434834	-1000	25.50861
588848900971496127	145.87766986	0.74647148	24.26003	24.05279	22.09023	22.56124	21.25258	1.561541	7.356152	7.355945	2.969973	2.969034	7.357225	-1000	23.52876
588848900971496130	145.87949352	0.7353704	23.0151	23.13279	22.06743	23.77755	21.98833	0.439851	1.18542	2.968655	1.192315	2.969034	0.675138	-1000	23.33609
588848900971496132	145.88108493	0.75839559	22.43297	23.13679	21.95214	21.48716	21.16419	1.403011	1.44913	2.968655	2.969973	2.969034	2.969172	-1000	23.05224
588848900971496166	145.90207258	0.77963414	25.20527	23.31199	22.26982	21.78646	22.53417	0.95935	2.968739	2.968655	2.969973	1.478746	0.09599845	-1000	24.45567
588848900971496174	145.90416701	0.63213151	23.66837	23.30785	22.31405	21.7665	20.9568	0.614033	2.968739	2.968655	1.148535	1.475005	2.402508	-1000	22.8783
588848900971496189	145.91193165	0.73479988	23.34059	23.34268	21.99586	22.89	22.87971	0.4828161	0.7589552	4.5821	1.227173	2.969034	4.582898	-1000	23.21767
588848900971496193	145.91478376	0.73613183	25.37639	23.56842	22.29569	21.92795	21.60549	0.8413006	0.2501295	2.968655	1.636957	0.9855233	4.582898	-1000	23.83371
588848900971496227	145.92802231	0.68708887	22.85519	23.75563	22.33949	21.86428	21.71076	0.5998002	2.968739	2.968655	1.445861	3.252155	2.261629	-1000	25.43364
588848900971496229	145.9295103	0.71006194	22.76726	22.82958	21.64534	21.45509	20.6296	1.262746	2.968739	2.968655	2.969973	2.969034	1.691621	-1000	21.99775
588848900971496239	145.93639278	0.6663112	23.53411	27.33743	21.22289	25.52649	22.91574	12.27782	2.968739	2.968655	43.76979	2.969034	43.75798	-1000	29.97543
588848900971496245	145.94040915	0.8143847	23.99251	23.44713	21.76022	21.07902	20.7526	0.7592093	11.30162	2.968655	1.433677	2.251025	3.534109	-1000	23.97155
588848900971496260	145.94972497	0.81423169	24.74428	23.53557	21.98994	21.12777	21.87941	0.7920634	4.58223	4.5821	1.575879	1.534208	2.969172	-1000	24.00047
588848900971496270	145.95345082	0.77566749	23.67373	22.96189	21.62259	20.34302	19.54931	1.228287	2.968739	2.968655	2.969973	1.846273	1.924106	-1000	22.26314
588848900971496293	145.97014102	0.76132175	23.64273	23.49565	22.20451	21.94264	21.05671	1.818003	7.356152	7.355945	7.35921	2.969034	7.357225	-1000	23.23565
588848900971496300	145.97160563	0.72144525	23.91559	22.8836	21.79872	20.95409	20.09923	1.189739	2.968739	7.355945	2.969973	2.542357	1.593577	-1000	22.4903
588848900971496314	145.97801369	0.75847807	22.01381	21.15953	20.11739	19.48787	20.97277	1.046014	2.968739	2.968655	1.737736	7.356884	2.969172	-1000	22.63062
588848900971496324	145.98148579	0.73399202	22.90892	23.01627	21.7969	20.65507	20.10595	0.8505049	2.968739	2.968655	1.621187	2.145286	2.256281	-1000	22.7523
588848900971496327	145.98347776	0.66450423	22.54731	22.20762	21.19823	20.94621	20.54072	1.654077	3.613122	11.3013	7.35921	2.898699	2.960353	-1000	21.74027
588848900971496351	145.99403295	0.73581521	25.85266	23.00472	21.09542	20.36801	20.18329	0.7730427	2.968739	2.968655	1.452967	2.134848	1.720121	-1000	22.81521
588848900971496417	145.8988951	0.7321796	23.91875	23.30656	22.59672	21.3306	21.55486	0.4463207	2.968739	2.968655	2.969973	2.081319	0.0851905	-1000	23.59871
588848900971496427	145.91231485	0.67093842	23.90892	24.16455	23.52097	22.15498	23.30212	1.219102	4.58223	43.75037	2.969973	1.030051	2.969172	-1000	23.67543
588848900971496500	145.97309426	0.75155499	24.81573	25.60514	24.83283	22.86573	20.47749	2.978872	2.968739	2.968655	2.969973	2.969034	3.511127	-1000	26.07065
588848900971561014	146.02897162	0.64437211	22.36241	22.44137	21.69437	21.4941	21.12172	0.8559517	1.695289	2.968987	1.626932	1.50982	2.541711	-1000	22.58605
588848900971561037	146.04623906	0.76610765	20.27543	18.4121	17.39133	17.02793	16.59487	2.845881	3.226641	5.774347	7.219921	5.82127	5.163107	0.328922	18.56816
588848900971561052	146.09646738	0.81642791	22.33834	19.82247	18.7421	18.25336	17.8616	1.494208	2.363343	2.854216	3.39877	3.300533	2.406788	0.2169753	19.9118
588848900971561060	146.1015047	0.83322277	26.13791	22.30191	21.6011	20.93939	22.09462	0.9470179	27.91881	2.968987	2.226264	2.645414	27.91008	-1000	22.2655
588848900971561104	146.13761943	0.77731375	23.6653	22.3204	21.99588	22.15737	21.05579	0.9642774	2.969659	2.968987	2.969686	1.213969	2.935255	-1000	22.18704
588848900971561107	146.14307728	0.77129758	23.6946	23.59479	22.18448	20.82981	20.45501	0.6845685	0.1012934	2.968987	1.415661	3.369021	1.16053	-1000	23.26397
588848900971561133	146.13824351	0.69688576	26.02563	22.89276	21.72765	20.21741	22.31788	1.604408	18.01748	2.968987	2.969686	2.969397	2.968729	-1000	24.20264
588848900971561135	146.13344783	0.70798847	23.93075	23.30091	22.09472	21.70602	21.15661	1.035511	4.58365	11.30256	2.969686	2.944322	1.346614	-1000	22.5299
588848900971561145	146.14901333	0.83020826	22.74544	21.53732	20.62695	19.82154	19.40283	0.9029998	1.006552	1.934426	1.683526	2.251424	2.168102	0.2977751	21.58459
588848900971561156	146.15237252	0.67361056	22.66413	22.26354	21.24619	21.22994	20.55661	0.7836315	2.969659	1.356017	1.55056	1.971408	1.562185	0.1738148	22.65929
588848900971561170	146.01226048	0.76562991	18.77962	17.73466	17.1982	16.86865	16.63783	4.144458	2.969659	8.818936	8.965322	8.538695	9.570985	0.5677537	17.91555
588848900971561199	146.07955304	0.71491709	22.9023	22.03226	21.16343	20.76977	20.57225	0.9949949	2.969659	2.968987	2.092062	2.003251	3.20601	-1000	22.14458
588848900971561226	146.11326833	0.71717866	24.21582	23.5763	22.22275	21.7902	21.96339	0.7841859	2.969659	2.968987	1.707105	2.252988	0.672909	-1000	23.54144
588848900971561345	146.10836436	0.79938889	23.60028	21.30484	19.27506	18.52065	18.04359	2.270966	2.969659	2.226555	4.955338	4.679345	11.29245	0.5282945	21.47244
588848900971561380	146.03802295	0.71152992	23.34342	22.19798	20.53182	19.89823	19.46254	1.119223	0.057344	1.834229	2.345819	2.421643	2.2421	0.3068639	23.326
588848900971561411	146.10496014	0.7275813	24.452	22.51688	20.73647	20.15232	19.73392	0.6901997	2.969659	2.968987	1.399396	1.446658	1.399162	-1000	22.26616
588848900971561444	146.00809378	0.78968418	24.12999	22.95719	22.22563	21.90637	21.62039	0.6480901	2.969659	2.120007	1.176968	2.969397	0.09244963	1.976121	22.67726
588848900971561452	146.01544406	0.71404731	22.5639	22.63512	21.88706	21.53809	22.30078	0.8855107	1.116198	2.968987	1.911804	1.121558	1.800648	-1000	22.90404
588848900971561490	146.04218458	0.77861504	24.18497	23.48831	22.39584	21.24536	21.19588	0.7169283	0.7536874	7.356766	1.552389	1.623304	2.918734	-1000	23.12471
588848900971561492	146.04097786	0.64860941	23.53023	21.71356	21.0037	20.83761	20.46936	0.6059026	2.969659	1.459529	1.223408	1.411188	3.648419	0.3046692	21.76445
588848900971561526	146.06105328	0.64157051	23.97276	22.99529	22.19355	21.61448	21.42586	0.6473264	2.969659	2.968987	1.38123	1.544158	3.22177	-1000	23.14468
588848900971561597	146.09211664	0.75710881	22.58985	21.94687	21.04387	20.60142	20.20841	1.349926	7.358431	2.968987	2.360475	2.290399	4.280519	-1000	22.10206
588848900971561610	146.10189108	0.75062389	22.45039	21.74911	21.86888	22.23566	20.56401	2.518942	2.969659	2.968987	2.969686	2.969397	1.774483	-1000	21.67436
588848900971561626	146.11157754	0.79167634	23.45997	21.56272	20.35568	19.82668	19.3457	1.271503	2.969659	2.471268	2.614112	2.535751	2.160617	0.4922466	21.61128
588848900971561630	146.11381928	0.75812334	24.6935	24.0412	23.12187	21.47124	20.88806	1.591439	0.5840089	2.968987	2.969686	2.495413	1.218473	-1000	23.88884
588848900971561638	146.11794674	0.63265974	24.11514	22.26906	21.63295	21.70465	21.16573	0.916285	2.969659	2.968987	1.689573	2.969397	3.491897	-1000	22.30575
588848900971561653	146.12552033	0.76871905	23.37299	23.10086	22.47714	22.60663	21.62298	0.5994911	2.969659	2.968987	1.070588	0.7631991	2.629025	-1000	23.41168
588848900971561655	146.12594169	0.80191046	24.98329	22.72038	22.14144	22.23697	21.89044	0.8411258	4.58365	1.010129	2.969686	0.8673376	0.8188204	0.1258772	22.77229
588848900971561667	146.12955871	0.70407311	25.34484	23.86738	22.41884	22.62585	22.57591	0.6136018	4.58365	2.968987	1.38427	2.969397	4.582215	-1000	23.72929
588848900971561668	146.12433893	0.72056843	24.43713	22.35902	25.4726	25.58492	24.04355	-9999	2.969659	2.968987	2.969686	2.969397	2.968729	-1000	22.25164
588848900971561686	146.14191986	0.72039681	22.62646	21.96405	21.21845	20.86601	20.27196	0.9308499	1.405419	2.209674	2.077282	2.540915	1.363107	0.3708955	22.06082
588848900971561687	146.14200493	0.80812838	22.87485	21.81563	20.97251	20.80774	20.08167	1.043032	2.969659	2.345608	2.33545	2.329394	2.92158	2.178738	21.72329
588848900971561739	146.00392032	0.7232536	23.3718	23.23915	22.49744	21.71135	21.51614	0.9730553	2.969659	2.968987	2.969686	1.676824	2.968729	-1000	23.82252
588848900971561756	146.01914292	0.75025331	23.30806	24.53889	22.78126	21.84489	21.38974	0.212831	11.30512	2.968987	2.969686	1.460879	1.51318	-1000	24.31029
588848900971561764	146.02498648	0.69656002	25.53965	23.44392	21.87249	21.23802	20.71856	0.814046	4.58365	2.968987	1.734087	1.735082	1.964948	-1000	23.32777
588848900971561776	146.03120428	0.74885865	23.99884	22.94438	21.43078	21.00784	20.196	1.261212	2.969659	2.968987	2.98711	2.969397	2.758202	-1000	24.85083
588848900971561780	146.03302912	0.82543763	23.59295	22.45919	21.43751	21.07149	20.96126	1.422399	7.358431	2.968987	2.969686	2.680429	1.98212	-1000	22.23351
588848900971561808	146.04929922	0.83834928	24.30711	23.25554	21.06472	20.48181	20.00455	0.9703536	2.969659	2.968987	2.147534	1.673265	3.804825	-1000	24.86115
588848900971561813	146.0523302	0.76283111	23.72493	23.88122	22.02236	21.4856	21.74722	0.7943313	4.58365	2.968987	2.044167	2.087591	1.749867	-1000	23.89035
588848900971561814	146.0527979	0.71976217	24.89433	24.85608	22.27471	21.76299	20.62394	0.5478807	4.58365	4.582613	1.423955	1.312239	2.108893	-1000	26.39412
588848900971561830	146.06107163	0.81659139	23.3385	23.13384	21.83984	21.23311	20.87394	1.550239	2.969659	2.968987	7.3585	2.174492	2.636509	-1000	23.12413
588848900971561834	146.06319399	0.65189877	22.84781	22.48182	21.15432	20.41389	20.73582	5.244179	2.969659	2.968987	27.91907	4.755645	1.905058	-1000	21.45779
588848900971561838	146.06479123	0.78886346	25.68218	23.86512	22.5547	22.26865	21.34437	0.6369153	2.969659	2.968987	1.383433	2.969397	11.30158	-1000	24.72319
588848900971561858	146.0738734	0.8115006	24.69594	24.64495	22.94357	21.87283	21.54356	0.6448676	4.58365	2.968987	2.969686	1.31747	2.341752	-1000	24.99465
588848900971561901	146.09399229	0.67353386	23.36557	24.06059	21.47852	20.65186	19.96221	1.24543	0.09427208	2.968987	2.969686	2.449117	2.276366	-1000	22.83804
588848900971561910	146.09768287	0.79018071	23.37334	23.55301	21.55787	21.05954	20.35263	1.437914	2.969659	27.9125	4.583692	2.932137	1.528066	-1000	22.50149
588848900971561914	146.09844774	0.79528727	24.19546	22.68147	20.84672	20.07644	19.80061	1.107188	4.58365	2.968987	2.481908	2.653376	4.112739	-1000	22.0324
588848900971561927	146.10458923	0.8197812	23.52114	24.0868	22.13182	21.46614	21.02456	0.8569982	2.969659	4.582613	2.969686	1.366021	1.905059	-1000	23.07364
588848900971561991	146.13798332	0.6591169	24.98576	23.65639	22.28386	22.08876	21.67667	0.7330908	2.969659	2.968987	1.525339	1.601163	2.968729	-1000	24.58953
588848900971562007	146.14645332	0.78886648	24.32709	24.35159	21.5479	20.73524	20.22784	0.790475	4.58365	2.968987	1.776221	1.242563	1.567411	-1000	27.93277
588848900971562010	146.14782962	0.68550067	24.06093	23.65241	22.17013	22.15326	21.85861	0.5165615	2.969659	2.968987	0.9460332	1.009859	2.968729	-1000	24.94102
588848900971562014	146.15072387	0.82582664	23.57017	23.72098	22.09999	21.91355	21.29498	0.5827672	0.4634095	2.968987	1.561514	2.969397	1.949683	-1000	24.56982
588848900971562046	146.02178993	0.79475286	24.73674	23.66672	22.62436	21.70265	21.05414	0.4058648	7.358431	2.968987	2.969686	2.969397	2.968729	-1000	25.09792
588848900971562066	146.04613798	0.74927936	24.76576	25.24897	23.05862	21.58072	21.07009	-9999	2.969659	2.968987	1.036491	1.286567	2.247827	-1000	25.18564
588848900971562101	146.07828531	0.73714357	24.17734	23.76476	23.07675	21.90947	22.09888	1.29024	4.58365	2.968987	2.969686	1.2938	2.968729	-1000	23.92642
588848900971562122	146.10966003	0.70340711	23.83079	23.47847	23.24275	21.95667	21.22418	1.120385	2.969659	2.968987	2.969686	1.98033	1.903718	-1000	23.00266
588848900971562174	146.0785049	0.70620189	24.27414	24.55876	24.40015	24.32789	20.63314	-9999	4.58365	2.968987	2.969686	2.969397	1.1768	-1000	24.63967
588848900971562192	146.07989268	0.75224058	23.63424	23.31309	22.30164	22.02035	23.22296	1.190275	2.969659	2.968987	2.969686	1.795529	2.968729	-1000	25.56695
588848900971626518	146.16652587	0.70378617	24.20081	22.42531	20.89559	20.13573	19.83689	1.327239	18.01734	2.969482	2.629459	2.969421	2.956943	-1000	22.33885
588848900971626534	146.17928326	0.79617795	24.88001	22.66794	21.88161	21.37059	20.89354	0.8415247	2.969635	1.902631	1.847891	2.917662	1.800715	0.3539362	23.00623
588848900971626538	146.16220042	0.80028915	25.36313	24.04872	21.55841	21.66877	20.03365	1.063089	2.969635	2.969482	2.313018	2.094695	3.035828	-1000	23.67478
588848900971626572	146.21075308	0.83775144	25.88314	21.62388	21.23477	20.52517	20.71639	1.287234	2.969635	2.969482	2.969968	3.072202	1.834397	-1000	22.39361
588848900971626639	146.28887589	0.75527242	21.68871	21.70045	21.27063	20.81192	21.0745	3.574882	2.969635	2.969482	11.3063	2.969421	2.969111	-1000	21.77262
588848900971626742	146.18422157	0.70225742	21.6167	20.41446	19.22353	18.70832	18.34588	1.802525	11.30503	2.969482	5.826525	3.841062	3.807589	-1000	20.01863
588848900971626746	146.18970617	0.76860297	22.33695	20.63244	19.58718	19.09755	18.7325	1.095375	2.969635	2.357568	2.317828	2.163942	2.289341	0.2153609	20.63562
588848900971626757	146.21306029	0.66089869	22.19725	22.04188	21.15403	20.63628	20.43965	1.444737	7.358374	2.969482	2.822912	2.922181	2.787847	-1000	22.00724
588848900971626767	146.27726184	0.64747605	24.88836	21.19283	19.53951	18.87927	18.44589	1.038028	2.969635	2.449963	2.286968	2.139908	1.751231	0.425586	21.23939
588848900971626816	146.18696585	0.78020602	21.34447	20.86955	20.41586	20.39775	20.04958	1.489983	2.781596	2.969482	3.164625	3.049359	2.661437	-1000	20.88357
588848900971626820	146.20228812	0.65836306	25.85736	23.39031	21.60369	20.84499	20.39808	1.154737	2.969635	7.357994	2.716788	3.102391	4.505633	-1000	22.54662
588848900971626837	146.2510505	0.73352478	22.21284	21.3147	20.6432	20.34959	20.28342	0.6280842	2.969635	1.2717	1.248896	1.197063	1.141844	0.1064901	21.51142
588848900971626883	146.16630648	0.69326172	23.66503	22.28985	21.51533	21.48923	21.17276	0.7523995	2.969635	1.82782	1.510178	1.701418	1.697763	0.3127615	22.2492
588848900971626888	146.1715576	0.69941866	24.56036	22.83911	22.04012	22.08563	21.49889	0.5277871	4.583613	1.411098	1.322483	1.205215	2.969111	0.3798846	22.74986
588848900971626920	146.18798277	0.69840072	25.03538	24.56715	22.74124	21.83068	21.005	0.439261	4.583613	2.969482	1.146421	2.131927	2.587694	-1000	25.1605
588848900971626924	146.19012438	0.65119788	23.91239	22.548	21.74865	21.2663	21.34334	0.7999535	4.583613	2.969482	1.713483	1.979039	1.00061	-1000	22.80763
588848900971626942	146.19278671	0.7030025	22.87062	21.80608	22.23311	21.50437	21.50567	1.014891	4.583613	2.259103	2.969968	2.969421	1.773664	0.3541616	22.01595
588848900971626951	146.19568729	0.82294779	24.46264	22.95249	22.40101	22.13157	21.53413	0.5272352	2.969635	1.313368	1.141011	1.391328	1.838943	0.3031974	23.12068
588848900971626959	146.20331043	0.71988262	23.09401	23.08177	22.05464	21.31878	20.61917	1.519148	4.583613	2.969482	7.359198	2.364943	2.734495	-1000	22.28803
588848900971626984	146.21481413	0.73325505	22.80027	22.54822	22.27906	21.85427	22.67922	0.7279904	7.358374	2.969482	1.5346	4.583283	0.08819776	-1000	22.80016
588848900971626988	146.21501349	0.73546138	23.28975	22.88458	21.55607	21.25772	20.96773	1.002703	2.969635	2.969482	2.386636	1.538265	1.08756	-1000	22.77378
588848900971627004	146.22294524	0.71079025	25.529	22.16722	20.45166	19.79708	19.51447	0.9276841	2.969635	2.969482	2.192588	3.454864	1.638205	-1000	22.02637
588848900971627012	146.22587877	0.66928484	23.14528	22.70473	21.75975	21.34056	21.6727	0.8246946	2.969635	2.969482	1.648612	2.280559	1.740832	-1000	22.94005
588848900971627032	146.24402212	0.75174716	25.11522	22.4394	21.70833	21.2074	20.62499	0.931814	0.2497279	1.13557	1.958856	2.535302	2.02187	0.15402	22.60605
588848900971627044	146.25661604	0.70927137	21.71563	21.56739	20.92325	20.57097	20.96795	1.951883	4.583613	2.969482	2.969968	43.76166	2.702024	-1000	22.52631
588848900971627050	146.26025598	0.77887778	22.90734	22.67333	22.06122	21.86081	22.55265	0.6157899	4.583613	2.969482	1.436375	2.334074	4.582804	-1000	22.59749
588848900971627088	146.2937183	0.71768051	22.10234	21.85569	20.93209	20.58504	20.24664	1.140037	2.969635	2.969482	2.458748	2.297806	2.621817	-1000	21.87807
588848900971627116	146.15289929	0.77629565	24.31692	25.1896	21.75942	21.09729	20.57617	1.150691	2.969635	7.357994	2.319415	2.969421	1.637034	-1000	26.36622
588848900971627117	146.15338776	0.63136772	22.91406	22.82049	22.09487	22.66415	21.67689	0.7883365	1.098622	2.969482	1.542805	4.583283	4.582804	-1000	22.95889
588848900971627163	146.18243186	0.70628365	22.97004	24.64382	23.9235	22.81174	20.45927	-9999	7.358374	2.969482	2.969968	2.969421	2.627369	-1000	22.67932
588848900971627178	146.18603093	0.78362974	25.72182	23.3372	21.92696	21.40804	19.99607	1.913461	2.969635	7.357994	7.359198	1.685234	2.32857	-1000	22.69794
588848900971627185	146.19019288	0.71196805	25.20865	23.41375	21.37758	20.46895	20.21713	0.8362654	2.969635	7.357994	2.004746	1.994422	3.567099	-1000	22.73755
588848900971627210	146.20278219	0.73601313	24.7946	23.82359	22.33941	21.90022	21.42675	0.6237464	2.969635	2.969482	1.181167	2.663803	1.359347	-1000	24.28712
588848900971627227	146.20915746	0.73545965	22.86937	23.10074	21.70559	20.95162	20.88848	0.3733625	2.969635	2.969482	2.969968	1.756166	4.582804	-1000	25.00906
588848900971627240	146.21691008	0.77317246	22.63335	21.96247	20.01882	19.27606	18.85379	1.789198	2.969635	2.969482	3.8698	3.429193	7.519355	-1000	22.35444
588848900971627247	146.22429939	0.64037652	23.23362	23.4828	22.17263	22.26199	21.62781	0.7396789	7.358374	2.969482	2.969968	2.142704	2.030527	-1000	23.31922
588848900971627267	146.24144239	0.66127608	24.07544	22.83999	21.54817	21.25308	20.77849	1.022403	2.969635	2.969482	1.808417	7.357843	7.357073	-1000	22.79713
588848900971627271	146.24324596	0.6315744	26.29093	22.77892	22.23095	21.41215	21.37284	0.9389622	2.969635	2.969482	2.969968	1.849216	4.078613	-1000	22.9122
588848900971627278	146.24926704	0.79671484	23.01747	23.22827	22.06977	21.55596	21.32682	1.369133	2.969635	2.969482	2.969968	27.91658	3.812558	-1000	22.96222
588848900971627279	146.24962159	0.81936149	23.47766	24.02272	22.02846	21.12474	20.64764	0.7048733	1.096488	2.969482	1.60618	1.573347	1.280425	-1000	23.76297
588848900971627294	146.25895773	0.83652148	23.42304	23.66158	21.65745	20.76538	20.53168	1.186554	2.969635	2.969482	2.969968	2.822207	2.196623	-1000	22.64272
588848900971627344	146.28452753	0.76978363	24.31887	22.48536	20.59486	20.08863	19.51363	1.449799	2.969635	2.969482	2.877207	2.189543	2.828498	-1000	22.51732
588848900971627360	146.29515554	0.63309104	23.17619	22.38764	20.85619	20.53997	19.92846	1.399672	2.969635	2.969482	2.836889	2.402862	3.491819	-1000	22.10358
588848900971627401	146.17956699	0.6434131	24.32247	24.07988	22.85856	21.58364	21.41213	0.5275418	4.583613	4.583377	1.038241	1.290678	11.30303	-1000	23.05809
588848900971627407	146.18647312	0.71207572	25.32375	24.6401	23.01805	21.80941	21.52468	0.7228552	2.969635	1.258993	2.969968	1.260925	1.997143	-1000	24.59875
588848900971627421	146.21460646	0.66916205	23.36152	23.89381	23.09809	21.46741	20.73495	-9999	2.969635	0.7260158	1.035013	2.143415	1.165536	0.2729015	25.60568
588848900971627427	146.22364621	0.82360522	22.98807	23.23294	22.43574	21.49263	21.92109	1.121197	4.583613	2.969482	2.969968	1.897483	1.206641	-1000	24.70444
588848900971627435	146.23104349	0.78788752	23.60381	24.40915	22.46529	21.41957	21.01562	2.907009	0.7227434	11.30445	11.3063	11.30422	1.201682	-1000	24.81032
588848900971627440	146.23664314	0.8279259	24.62259	23.10698	22.89719	21.66834	22.60053	0.9411993	2.969635	18.01641	2.969968	1.363726	11.30303	-1000	22.71574
588848900971627448	146.25161585	0.70911908	24.26046	25.25848	22.46782	20.9261	20.56633	0.5802308	2.969635	27.91715	2.969968	1.98747	1.775949	-1000	25.52359
588848900971627457	146.26798777	0.66125506	24.44522	23.711	22.85633	21.45967	20.76023	1.778666	2.969635	0.09541511	68.3067	2.246666	1.723363	0.04955583	25.19135
588848900971627459	146.26844739	0.64637361	25.87688	23.4973	22.65487	21.99603	22.97041	1.278985	2.969635	2.969482	11.3063	1.931639	2.969111	-1000	23.408
588848900971627480	146.3007894	0.67625821	26.00078	24.25121	23.11657	21.71487	21.21606	0.9686467	2.969635	0.7549315	2.969968	1.55866	1.648707	0.3483985	23.70227
588848900971627498	146.25456856	0.66979147	24.44635	24.85913	24.50751	24.84707	20.52218	-9999	4.583613	2.969482	2.969968	2.969421	1.334141	-1000	25.49391
588848900971627517	146.19596198	0.74151267	23.91177	22.83901	21.92949	22.4495	20.93503	1.457311	2.969635	7.357994	2.969968	2.969421	4.582804	-1000	22.699
588848900971627520	146.24119229	0.72035021	24.32968	24.02242	22.20377	22.61474	21.4796	1.027291	2.969635	4.583377	2.969968	1.205207	0.09677128	-1000	24.66086
588848900971692058	146.33555516	0.64887325	21.69061	20.5896	19.7795	19.29077	19.25444	1.159329	2.96928	2.08214	2.496301	3.285995	1.940597	0.2835656	20.69372
588848900971692062	146.33094998	0.65405783	23.22469	24.09592	23.33809	21.85052	24.01633	3.068585	2.96928	2.969244	2.969987	16.69249	2.969163	-1000	23.6443
588848900971692063	146.3330584	0.65635108	22.5849	21.71139	21.53456	20.6914	20.8798	1.82672	2.96928	2.969244	2.969987	43.76727	2.969163	-1000	22.22579
588848900971692074	146.36988001	0.79141544	23.15569	23.1087	21.86695	20.61993	20.7758	0.9201157	2.96928	0.7724872	2.321717	3.452171	3.353318	0.1832946	22.1643
588848900971692174	146.35403301	0.69574385	21.33465	19.87941	18.63852	18.03296	17.69882	1.299763	1.262194	2.810036	2.873165	2.599984	3.339332	0.2891141	19.98448
588848900971692221	146.41648711	0.671702	21.5444	20.56056	19.70451	19.21281	18.98722	1.569987	2.96928	4.148837	3.38552	3.625181	2.905583	0.5097359	20.4164
588848900971692277	146.37774594	0.66694779	21.89611	19.7566	18.56958	17.96868	17.55104	1.941629	2.040049	4.347276	4.349348	4.375401	3.857029	0.439086	19.62628
588848900971692284	146.40399368	0.83838074	22.9239	21.1572	19.67857	19.11501	18.75418	1.060352	2.96928	2.451909	2.143705	2.185297	2.408513	0.4063374	21.26665
588848900971692326	146.32332112	0.65408194	21.08611	22.85426	25.7374	23.4486	20.70474	-9999	1.21599	2.969244	2.969987	0.9097532	2.200577	-1000	23.28257
588848900971692391	146.32386731	0.81288383	22.86835	22.19867	20.76226	20.18925	19.80926	1.180189	2.96928	2.969244	2.548872	2.298173	2.048204	-1000	22.40131
588848900971692409	146.33366833	0.79458188	22.90027	22.6485	22.16812	22.78876	21.5922	0.9671152	0.9335277	2.969244	2.969987	2.969802	1.033449	-1000	22.95057
588848900971692419	146.34102762	0.79540367	22.6019	21.61306	20.30473	19.68612	19.26589	1.232467	2.96928	2.969244	2.660935	2.415051	2.46139	-1000	21.74357
588848900971692434	146.35308677	0.80615417	22.24575	21.3174	20.48891	20.29103	19.91141	1.610019	2.96928	2.298821	3.801836	2.986902	2.419135	0.1640722	21.42612
588848900971692449	146.37327155	0.71999218	23.91505	22.44172	21.48149	21.03492	20.39152	0.8026112	4.583065	2.969244	1.84283	1.773551	2.953803	-1000	22.45383
588848900971692453	146.37906407	0.82166231	24.00083	22.42636	21.22892	20.79616	20.30877	0.9035499	2.96928	7.357404	2.04847	1.629044	1.745018	-1000	21.84445
588848900971692462	146.38588704	0.768841	23.33913	20.65682	19.86456	19.57048	19.21265	1.452402	2.96928	2.969244	2.656006	5.406611	2.33758	-1000	21.44053
588848900971692485	146.39749775	0.65874512	25.28921	22.91313	21.49839	20.37343	19.70477	0.6313886	4.583065	1.408306	1.254905	1.329004	2.806035	0.2164262	22.84284
588848900971692512	146.41664587	0.7408836	24.2092	21.91215	20.8686	20.55495	20.06661	0.9881554	4.583065	1.836159	2.195005	1.989967	3.111991	0.2017679	22.01533
588848900971692521	146.43038282	0.80104447	25.11129	22.51461	21.63609	21.26358	20.81891	1.002821	2.96928	2.969244	2.047673	1.276009	7.357203	-1000	22.83719
588848900971692544	146.4503666	0.73769225	26.1224	22.15484	20.77614	20.24668	19.91564	1.09628	7.357492	2.969244	3.288811	1.5917	4.532986	-1000	22.14278