587729149846946416	151.61949493	-2.62816067	25.92635	23.12954	22.03936	21.12209	20.27324	0.6587375	2.96956	2.96992	1.692482	1.932482	2.214459	-1000	23.58661
587729149846946420	151.62927154	-2.51447158	26.21442	22.74992	21.67175	21.60344	20.99603	0.8847721	11.30474	2.96992	2.140822	1.105553	11.30503	-1000	24.08907
588848900971299281	145.45683475	0.65745008	22.08725	20.96209	20.23095	19.82823	19.63539	1.135214	2.968804	1.957836	2.498626	1.923241	7.357388	0.1748162	21.08744
588848900971299332	145.50048657	0.67256151	22.54987	21.22993	19.55695	18.82502	18.36146	1.688077	2.968804	2.969576	3.471385	3.126445	2.238987	-1000	21.38461
588848900971299349	145.51237728	0.75650715	24.37643	21.80083	21.03934	20.93127	20.95691	1.007723	0.6530089	2.969576	2.223655	2.226439	2.969238	-1000	21.93731
588848900971299381	145.539437	0.65544603	26.52483	22.68204	21.51409	20.94781	20.53667	1.171212	2.968804	2.969576	2.531837	2.833421	18.01493	-1000	23.25585
588848900971299417	145.41028077	0.76702728	24.03287	23.21998	21.54947	22.09391	22.55378	0.913731	7.356313	2.969576	1.660887	1.218365	7.357388	-1000	25.12463
588848900971299433	145.42555831	0.82537848	24.41076	23.19495	22.0992	21.30115	20.71523	0.7232249	4.58233	4.583522	2.969621	2.045086	2.91098	-1000	22.61142
588848900971299439	145.43448561	0.83551212	24.3733	23.12918	22.26264	22.19874	21.44239	0.7038131	2.968804	2.969576	2.969621	2.969343	1.860468	-1000	23.67183
588848900971299441	145.43577302	0.65196615	25.64953	23.3884	21.7685	21.10943	20.71989	0.8301253	2.968804	2.969576	1.689115	2.108549	1.903662	-1000	23.1044
588848900971299473	145.4635014	0.66926472	23.90391	23.13527	21.65048	21.32339	20.9575	1.051067	2.968804	0.09587904	2.506402	2.687082	1.20326	0.05190588	22.57183
588848900971299475	145.4659964	0.75587293	23.30211	23.11647	21.90431	21.19567	21.03764	0.9608723	2.968804	2.969576	1.952275	2.439044	4.583	-1000	23.44528
588848900971299507	145.50220634	0.68264481	23.77442	23.09036	21.65183	21.23097	21.11081	0.8441155	4.58233	1.106848	1.830003	1.482215	1.37577	0.1602822	23.88989
588848900971299533	145.52160759	0.78778518	24.19623	23.19629	21.80399	20.73878	20.11323	0.7972086	4.58233	2.969576	2.033435	2.46422	2.909252	-1000	24.41818
588848900971299566	145.54302418	0.63885935	24.61051	23.07082	22.10776	21.80989	23.80116	0.8741475	2.968804	2.969576	1.852828	1.796201	2.969238	-1000	23.67639
588848900971299573	145.5473148	0.82154951	24.56662	22.95788	21.49572	20.57346	20.01613	0.8328164	4.58233	2.969576	2.050998	1.756629	3.675588	-1000	23.02259
588848900971299579	145.55223284	0.82725616	23.7808	23.26238	21.40789	20.83074	20.52889	1.019594	2.968804	2.969576	2.114534	1.833114	1.729617	-1000	24.37377
588848900971299600	145.41271037	0.71851559	23.73249	23.35395	22.57482	21.676	21.99016	0.9765092	4.58233	2.969576	2.969621	1.477973	3.405187	-1000	22.82428
588848900971299611	145.4247312	0.72597261	22.90399	22.92264	23.073	21.55108	21.69815	2.019895	18.01229	2.969576	0.8245851	1.315127	2.969238	-1000	23.5797
588848900971299620	145.43461375	0.66359859	25.90094	25.79351	22.47568	21.25756	20.69911	1.471936	2.968804	4.583522	2.969621	1.717	2.65128	-1000	25.51811
588848900971299639	145.4632785	0.65026124	24.4106	24.87734	22.87567	21.6439	20.86263	0.8822293	0.3407403	2.969576	2.969621	1.120768	1.192836	-1000	24.81047
588848900971299650	145.4840518	0.66839022	25.54221	23.86045	22.21337	21.34925	20.82609	1.532491	2.968804	18.01698	2.969621	1.656105	3.007429	-1000	23.39233
588848900971299673	145.52230442	0.72213153	23.53226	23.02533	22.57455	21.42298	21.98179	0.9948876	2.968804	7.358226	2.969621	2.048523	2.130398	-1000	22.61805
588848900971299705	145.46700211	0.81549737	23.81672	25.39005	24.3743	25.41572	20.49094	1.091464	11.30187	2.969576	4.583591	2.969343	1.123992	-1000	23.8424
588848900971299709	145.49055033	0.80136181	26.53163	23.94172	25.50469	24.3976	20.15329	1.856273	4.58233	2.969576	2.969621	2.969343	1.310937	-1000	24.6795
588848900971299724	145.49500274	0.83435398	24.09638	24.24121	23.37892	21.91017	21.68969	0.1944294	2.968804	0.7485871	2.969621	1.913321	0.8673345	0.6745976	24.85213
588848900971299725	145.54304339	0.71302757	23.13484	23.25957	22.55863	21.84712	21.22829	0.766938	2.968804	2.969576	2.969621	1.98552	1.4069	-1000	25.08102
588848900971364385	145.57106988	0.81248211	22.28952	22.06236	18.43114	18.07762	17.66133	1.300433	2.969064	1.061974	2.562407	1.616049	1.275038	0.9819363	22.76072
588848900971364426	145.6093326	0.78335571	23.41533	24.40199	23.417	22.19416	22.15312	0.4601943	4.582732	4.583341	2.970076	0.07711656	1.806657	-1000	23.49366
588848900971364438	145.63524026	0.66146928	23.53991	21.24981	21.50802	20.61471	23.46983	2.683805	2.969064	2.969459	18.02001	2.96966	0.323141	-1000	22.03952
588848900971364452	145.67701057	0.66111244	24.97617	23.23387	21.71149	20.6847	19.97879	1.784534	0.3036712	2.969459	3.511609	2.627892	2.305961	-1000	22.31137
588848900971364647	145.6212695	0.67857325	22.29672	21.19639	19.42806	18.79394	18.38496	1.533676	2.969064	2.969459	3.86728	3.171886	2.281528	-1000	21.05589
588848900971364661	145.56437649	0.66579551	21.28307	23.27403	21.96283	24.8315	22.00793	2.866733	1.014675	2.969459	2.970076	2.96966	1.940969	-1000	22.96857
588848900971364710	145.55547379	0.63616664	24.22689	25.42321	23.45179	21.23908	20.19098	-9999	2.969064	2.969459	2.970076	2.592393	0.8586949	-1000	22.65809
588848900971364754	145.58172582	0.79039311	23.9703	22.24135	21.14746	20.72918	20.37772	1.095657	4.582732	1.689457	2.394936	1.904045	2.705018	1.527333	22.79359
588848900971364788	145.59751674	0.80515104	23.38312	23.12803	21.60736	21.33489	20.35908	0.880288	2.969064	2.969459	2.474042	2.309754	1.541128	-1000	25.08689
588848900971364796	145.60194151	0.77853819	25.31793	22.9394	21.54201	20.9696	20.66492	0.9103997	0.2572089	2.969459	2.343326	1.384519	18.01543	-1000	23.08687
588848900971364798	145.60204044	0.64133712	23.84413	23.09233	21.98107	21.20008	21.0349	0.6169546	7.356958	2.969459	1.176225	2.095881	1.294233	-1000	22.84605
588848900971364806	145.60510871	0.745301	22.27507	22.34853	21.75024	21.16318	21.72989	0.7308127	2.969064	2.969459	1.317201	1.124928	1.83342	-1000	22.45514
588848900971364816	145.60810581	0.80869921	21.64517	19.79079	18.90102	18.42981	18.04719	2.092935	0.1024253	4.35491	4.901467	4.550085	4.903417	0.5330594	19.88277
588848900971364823	145.61213046	0.80247525	23.32277	22.63684	21.09948	20.62383	20.05503	1.513236	2.969064	2.969459	2.970076	2.670116	2.354259	-1000	22.72093
588848900971364833	145.61395341	0.82589999	23.72239	21.33351	20.09908	19.57601	19.2382	1.709315	11.30286	2.969459	4.117478	2.494508	3.227559	-1000	21.63829
588848900971364840	145.61554482	0.64091468	22.9786	23.10471	22.28606	22.61606	21.21119	0.8501478	1.319867	2.969459	2.970076	2.96966	7.357596	-1000	22.69773
588848900971364844	145.61760519	0.67361359	22.39907	22.34797	21.21124	20.90006	20.66205	0.8438572	2.969064	2.969459	2.144398	1.3829	2.628964	-1000	22.51074
588848900971364851	145.6196697	0.67019518	23.21253	22.57599	21.52726	21.10124	22.06489	1.008334	0.1005937	2.969459	2.457073	2.173753	2.812175	-1000	23.15218
588848900971364871	145.63937572	0.78696859	22.98102	21.83108	20.76028	20.16974	19.92435	1.211101	2.969064	1.524123	2.830531	1.956553	1.788206	0.141516	21.50977
588848900971364884	145.64788856	0.66984614	23.42856	22.37333	21.46062	20.98076	20.63412	0.8198683	0.7512999	2.969459	2.251716	3.437073	2.275294	-1000	22.42559
588848900971364894	145.65246892	0.65481638	25.56963	22.22378	20.82354	20.19236	19.80673	1.174829	4.582732	2.969459	2.579673	2.031466	1.751398	-1000	22.07047
588848900971364898	145.65458084	0.73802465	23.00688	22.21117	21.38342	21.25064	20.74584	1.010962	1.219767	2.969459	2.177969	1.618157	4.583129	-1000	22.15187
588848900971364900	145.65510946	0.70784493	22.63189	22.04734	20.99066	20.31904	20.2511	1.145571	0.08308098	2.969459	2.273036	2.879516	3.863153	-1000	22.08461
588848900971364910	145.65887839	0.70690484	26.87999	21.8861	19.67332	18.67613	18.17027	2.404922	0.2706275	2.969459	11.30671	5.774354	3.535519	-1000	23.00527
588848900971364921	145.66279629	0.63226749	23.00893	22.73888	22.48354	22.565	22.48854	0.6475043	7.356958	2.969459	1.057119	1.915953	1.751834	-1000	22.53166
588848900971364934	145.66739912	0.66308711	23.35057	22.28788	21.33617	20.79053	20.68246	1.746783	2.969064	2.969459	2.970076	1.828408	2.969321	-1000	23.3049
588848900971364946	145.67150727	0.78961239	22.26131	21.57247	20.42581	19.85183	19.48916	1.429177	1.206302	2.969459	3.417509	3.645267	2.063288	-1000	21.96146
588848900971364967	145.68895093	0.64140352	22.42592	22.55214	22.2133	21.9595	21.6266	1.188877	2.969064	2.969459	2.970076	1.140393	2.969321	-1000	25.16047
588848900971364983	145.69876684	0.78926426	22.88851	22.1672	21.02593	20.71387	20.33491	0.9989359	1.655048	2.061285	2.067941	1.949564	5.056507	0.3242984	22.62395
588848900971365022	145.56718741	0.7709191	24.22326	21.8904	20.58551	20.11751	19.63905	1.603931	2.969064	11.30436	7.359465	2.523329	7.357596	-1000	21.9733
588848900971365042	145.57717646	0.75898217	25.86325	22.90203	20.63671	20.02719	19.53322	1.153236	11.30286	2.969459	2.539104	2.728417	1.865274	-1000	22.97796
588848900971365050	145.58481429	0.78653902	23.90268	23.25371	21.93779	21.1095	21.27305	0.7393597	3.261469	2.969459	2.223441	2.052445	1.779382	-1000	25.67257
588848900971365053	145.58532263	0.73277215	23.22311	24.31292	21.77772	21.13666	20.43889	0.901699	68.28592	2.969459	2.141537	1.853279	1.37161	-1000	23.60906
588848900971365064	145.59089654	0.70957917	24.80675	24.08587	22.40603	22.24825	21.39198	0.6834508	4.582732	0.09074883	1.201055	2.96966	1.355831	0.03360485	23.66242
588848900971365068	145.59700311	0.69470397	23.60714	23.77294	21.42447	20.65959	20.15226	1.017774	7.356958	2.969459	1.827026	2.03689	5.941558	-1000	25.07214
588848900971365070	145.59748226	0.75875769	26.11903	23.77335	21.95027	21.59368	21.08373	0.6580214	2.969064	11.30436	1.42283	1.736936	1.437131	-1000	23.74231
588848900971365081	145.60309101	0.76131402	25.68075	23.49343	22.33672	21.81133	20.92358	0.7479044	2.969064	2.969459	1.530344	1.789274	1.348506	-1000	23.66566
588848900971365094	145.6085092	0.75970659	26.3495	23.47932	21.84556	21.61633	21.25598	1.215249	2.969064	7.357935	2.970076	2.96966	18.01543	-1000	21.89881
588848900971365107	145.61276873	0.74123326	23.20248	24.91579	21.90211	20.74648	19.77183	3.406876	11.30286	2.969459	11.30671	2.266327	1.599728	-1000	22.09406
588848900971365133	145.63010226	0.64162132	23.32368	23.48377	22.31982	22.53072	21.79865	0.9665398	0.1083514	4.583341	2.970076	2.96966	0.9019136	-1000	22.76892
588848900971365176	145.66184118	0.67979632	24.55815	23.48427	22.29426	21.68568	21.91634	0.5717828	4.582732	2.969459	2.970076	1.838138	0.6912031	-1000	23.37848
588848900971365191	145.67196045	0.72197972	22.80979	23.07307	21.88048	21.72918	20.85053	0.9125168	7.356958	2.969459	1.686174	2.117162	1.157727	-1000	22.78872
588848900971365192	145.67257518	0.73540721	23.72386	24.37935	21.78151	23.90634	22.02087	1.977737	2.969064	4.583341	2.970076	0.6702498	4.583129	-1000	23.44437
588848900971365196	145.67434487	0.74263026	22.08545	21.75153	20.46173	20.69912	20.67628	9.458374	2.969064	2.969459	27.92274	1.290532	0.09900028	-1000	19.85461
588848900971365206	145.68179332	0.82756312	26.33704	23.4204	21.70871	21.40454	21.49421	0.9363835	2.969064	2.969459	2.002885	2.396591	1.820299	-1000	23.78061
588848900971365284	145.62630838	0.69738226	23.58031	24.11965	22.81785	21.73273	21.84709	0.7446996	4.582732	4.583341	2.970076	1.451177	1.063701	-1000	24.32986
588848900971365310	145.67600418	0.8049973	23.82724	23.57087	22.91512	21.8437	21.11496	2.35295	2.969064	2.969459	7.359465	1.868511	1.787741	-1000	24.0337
588848900971365312	145.68017847	0.81483985	25.40467	23.56728	23.48067	21.35703	20.67702	0.3806863	2.969064	2.969459	0.08539532	1.938031	7.357596	-1000	25.09864
588848900971365326	145.70291842	0.76612434	24.33775	25.11235	23.37174	21.79979	20.84975	0.2725469	2.969064	2.969459	2.970076	2.96966	2.171562	-1000	27.52118
588848900971365343	145.657704	0.76532847	23.59345	24.49804	24.04383	23.19196	19.78261	1.186145	0.9975299	2.969459	2.970076	2.96966	1.590899	-1000	23.06216
588848900971365348	145.67094922	0.64640102	24.6167	24.48203	24.62989	24.77981	20.4071	-9999	4.582732	2.969459	2.970076	2.96966	1.150639	-1000	23.99782
588848900971365355	145.56505293	0.73728294	25.60427	24.17422	22.32984	22.42391	21.31555	0.709214	2.969064	2.969459	1.898268	2.095587	2.992926	-1000	28.28028
588848900971365359	145.67056893	0.80414522	22.8995	23.11049	22.27224	22.21647	21.20342	1.126446	0.7633942	2.969459	2.970076	2.690693	1.791406	-1000	22.65454
588848900971429898	145.72961809	0.79776569	24.32884	24.00086	23.45163	22.25494	22.47111	3.711434	2.969262	2.968944	2.969935	1.256867	4.583971	-1000	23.56869
588848900971429937	145.75345505	0.83880614	22.10567	21.70164	21.70257	21.66976	22.41681	1.689858	2.969262	2.968944	2.969935	2.01438	1.025451	-1000	22.05887
588848900971429960	145.79425687	0.68135512	21.71156	19.54384	18.26028	17.7096	17.35116	1.286358	11.30361	2.94713	2.907762	2.846153	2.890074	0.1618746	19.70464
588848900971430021	145.7268895	0.69884983	21.66504	21.6963	20.62667	23.73488	20.56977	1.513563	2.969262	2.968944	7.359116	2.969401	2.279174	-1000	21.73418
588848900971430100	145.8521809	0.82562387	21.01602	20.63212	20.2596	19.86266	19.58063	0.8458847	1.423619	1.51996	1.75275	1.667958	2.201604	0.1121946	20.75177
588848900971430129	145.76343839	0.66330057	24.30629	22.89885	21.74133	21.36786	20.43628	0.8544015	7.357448	2.968944	1.688854	1.732321	2.658	-1000	23.32995
588848900971430132	145.76556784	0.81429227	20.85835	19.25872	18.66246	18.25609	18.10003	1.92842	2.969262	3.857454	4.0015	3.786938	4.665728	0.1476929	19.31996
588848900971430142	145.78540537	0.67407483	21.20666	19.48996	18.35586	17.78272	17.35508	2.63682	27.91508	5.900445	5.948046	5.917273	4.878468	0.5442101	19.42831
588848900971430169	145.82139566	0.7679945	22.77556	22.84139	20.9967	20.70545	20.45338	0.9864095	18.01507	18.01314	2.056923	2.900295	3.105621	-1000	22.36163
588848900971430236	145.76817594	0.72402895	21.99361	21.81092	20.93776	20.63165	20.52935	0.9384972	1.741626	2.005388	2.090458	2.19583	2.181875	0.3400648	21.92724
588848900971430238	145.7734359	0.6578512	21.53167	25.90718	25.14847	25.60168	22.88004	3.349499	2.119569	2.968944	0.2809037	7.357791	0.696791	-1000	27.29219
588848900971430256	145.81922421	0.69383628	20.47388	19.43481	18.9585	18.64668	18.51916	2.069536	2.969262	4.14212	4.622423	4.458177	7.303014	0.2287321	19.64541
588848900971430300	145.71378694	0.64364349	25.02775	22.59894	21.82042	21.38331	21.26712	1.296798	2.969262	2.968944	7.359116	2.631166	1.059223	-1000	22.57799
588848900971430314	145.72251842	0.75721061	23.259	22.51595	22.00179	21.41788	21.3258	0.6565776	2.969262	2.968944	1.420735	1.794302	1.497411	-1000	22.47337
588848900971430315	145.72321168	0.77037297	26.01089	22.40047	21.26353	20.71366	20.33056	0.9382907	2.969262	2.968944	1.956035	1.769852	2.795909	-1000	22.72075
588848900971430325	145.73833189	0.7218368	26.27921	23.54961	24.35654	21.89547	22.64239	0.9454532	2.969262	2.968944	0.1018034	1.40153	4.583971	-1000	23.55769
588848900971430330	145.73715191	0.63864828	23.7164	22.44052	21.38536	20.53578	19.98131	0.9117705	2.969262	2.968944	2.567138	1.720622	1.487385	-1000	22.08827
588848900971430336	145.74372817	0.69153055	22.94404	22.02983	20.71848	20.04847	19.77209	0.8398256	2.969262	2.208719	1.64642	1.68587	1.902202	0.3054116	21.89434
588848900971430344	145.74896355	0.75939801	23.82081	22.01322	20.72123	20.19028	19.82905	1.11525	11.30361	2.968944	2.056209	2.033798	2.233717	-1000	21.97302
588848900971430384	145.78681725	0.63459789	24.94552	22.94205	22.38062	22.28438	22.58734	0.6567707	4.583037	2.968944	1.515879	2.969401	0.7591628	-1000	23.23065
588848900971430417	145.80484013	0.83820555	24.33498	22.37734	21.97424	21.7789	20.5161	1.969026	7.357448	2.968944	7.359116	1.747911	2.752469	-1000	22.47839
588848900971430447	145.82311184	0.79487877	26.39234	22.28005	20.33908	19.70322	19.3335	1.070719	2.969262	2.968944	2.198003	1.556	1.696642	-1000	23.18542
588848900971430473	145.83868627	0.64617409	24.76961	22.49354	21.01049	20.25912	19.72171	0.9967741	4.583037	2.968944	2.173701	4.036306	3.621858	-1000	22.49711
588848900971430515	145.7166986	0.83535507	23.71417	23.63281	22.00283	21.44333	20.83865	0.8020462	11.30361	1.129807	1.467705	1.778629	1.637753	1.040536	24.08999
588848900971430517	145.71768044	0.67662432	23.20847	23.02774	22.00024	21.64521	21.60865	2.487075	2.969262	2.968944	2.969935	1.968037	2.19992	-1000	23.8519
588848900971430518	145.71837447	0.64124732	24.27119	23.76009	21.9939	21.6453	21.37852	0.7779837	2.969262	2.968944	1.578775	27.91639	2.969867	-1000	24.15268
588848900971430558	145.75109803	0.76033703	23.57437	23.42616	22.52553	22.41254	21.88054	0.4861001	4.583037	1.082549	1.609269	2.969401	2.969867	0.4690297	25.78054
588848900971430561	145.75378622	0.75899809	25.36222	25.05812	22.08041	22.25001	20.40013	1.138991	7.357448	2.968944	2.969935	2.969401	0.09464722	-1000	23.45964
588848900971430564	145.75412453	0.82166015	23.13679	23.24615	22.24546	21.65309	21.68216	0.7875798	2.969262	2.968944	2.969935	1.511284	1.191174	-1000	23.78388
588848900971430582	145.76451402	0.76438303	23.56076	22.54804	21.00209	20.46225	19.76194	1.395961	2.969262	2.968944	2.422981	2.070436	2.129043	-1000	22.31858
588848900971430635	145.80554871	0.67357172	25.03273	22.99913	21.0565	20.3178	20.13824	0.8874375	2.969262	2.968944	1.646416	1.954494	1.111777	-1000	22.76513
588848900971430641	145.80867308	0.75118629	22.65771	22.91673	21.79606	21.55575	21.34565	0.6732797	2.969262	2.968944	1.385088	2.237263	3.486439	-1000	22.78145
588848900971430664	145.81960773	0.81033211	23.99499	22.45968	20.97526	20.20842	19.56241	1.197612	2.969262	2.968944	2.837363	2.213809	7.358947	-1000	22.64536
588848900971430707	145.84521353	0.69183173	23.12328	22.55949	22.08588	21.97363	22.28937	0.9645263	0.9202985	2.968944	1.875575	7.357791	1.769626	-1000	22.45647
588848900971430731	145.85272427	0.80579474	25.15384	22.95582	22.40449	21.93301	22.07108	0.6467108	2.969262	2.968944	1.372104	1.810324	4.583971	-1000	22.88412
588848900971430752	145.70891739	0.83620396	24.61524	24.06416	23.81159	21.7656	20.71685	0.5323476	2.969262	2.968944	2.969935	1.045009	2.980554	-1000	23.19957
588848900971430753	145.71251741	0.69444929	26.12841	24.90018	23.04473	21.85861	21.43228	0.6320522	2.969262	2.968944	2.969935	1.951454	1.600739	-1000	25.7489
588848900971430794	145.76699497	0.69643434	22.85181	25.55782	22.71398	20.99165	20.20974	0.3967502	11.30361	11.3024	1.083174	2.484182	3.261612	-1000	23.85178
588848900971430801	145.77208904	0.70231139	25.27088	22.95205	21.78458	20.68151	20.46013	1.705104	2.969262	7.356659	2.969935	2.969401	1.887298	-1000	22.19461
588848900971430809	145.78622696	0.83906573	23.76572	23.85194	23.29696	21.43612	20.88333	2.370234	2.969262	2.968944	4.584076	1.781357	1.480903	-1000	24.43791
588848900971430815	145.79042713	0.73352838	23.86357	23.34955	24.05731	21.39278	23.51275	-9999	2.969262	2.968944	2.969935	2.969401	2.969867	-1000	25.12864
588848900971430823	145.79275332	0.78022113	24.82843	23.26365	22.76851	22.13951	21.68341	0.5358911	2.969262	2.968944	0.9304897	1.129025	0.7493471	-1000	23.47957
588848900971430895	145.71676534	0.81814145	23.2538	23.59579	22.48056	21.87918	21.16674	0.4912374	2.969262	2.968944	1.351361	2.207192	2.202863	-1000	25.58367
588848900971430897	145.74786045	0.70623611	24.522	25.65162	22.38471	21.38723	22.0574	2.388097	7.357448	4.582546	4.584076	2.00428	1.78879	-1000	24.41385
588848900971430905	145.77061002	0.72606109	21.87064	20.06518	27.82411	23.63657	25.20105	-9999	18.01507	18.01314	2.969935	2.969401	2.969867	-1000	20.56423
588848900971495495	145.93987526	0.69375908	22.97863	22.84426	21.97334	21.56084	21.54805	0.9588442	2.968739	2.968655	1.968218	2.738827	0.9994693	-1000	23.13182
588848900971495551	145.85777639	0.65063971	21.52413	19.45189	18.2714	17.73424	17.28074	1.601993	2.205575	3.16381	3.667913	3.151288	3.189092	0.3483893	19.61364
588848900971495557	145.86944667	0.8322468	21.98755	21.16951	20.26621	20.03783	19.56049	1.318695	1.086094	2.968655	2.481781	2.332293	3.273666	-1000	21.56391
588848900971495560	145.86938266	0.81418123	24.83651	22.93353	21.14169	20.59122	20.03438	0.709489	0.04617754	2.968655	1.437273	1.743401	2.369195	-1000	22.84767
588848900971495591	145.93168989	0.67520647	21.37466	19.48929	18.30745	17.79667	17.4163	1.122507	1.726424	2.421454	2.335091	2.264983	2.296035	0.1342585	19.51595
588848900971495627	145.97045884	0.82886943	23.07322	22.83383	24.64287	22.28228	19.78093	2.203713	2.968739	2.968655	2.969973	2.969034	3.681971	-1000	22.72167
588848900971495629	145.96890441	0.83396626	21.94495	22.8302	22.2288	21.07391	20.67297	1.736901	2.968739	2.968655	2.969973	3.110445	1.88185	-1000	22.64727
588848900971495641	145.9830573	0.76572521	26.00695	23.29889	22.42243	21.8995	21.90171	1.120482	2.968739	2.968655	2.969973	2.617935	2.348456	-1000	22.53569
588848900971495739	145.88259023	0.77269466	22.11683	25.25877	24.24718	23.10812	22.50497	-9999	1.032319	4.5821	2.969973	2.969034	2.969172	-1000	25.28399
588848900971495750	145.89137649	0.82730151	22.09191	21.21972	20.62195	20.57164	20.20685	0.8952134	2.968739	1.613541	1.840119	1.895427	2.400635	0.2976806	21.18865
588848900971495785	145.9814526	0.65425303	21.72213	26.20413	25.81126	23.6606	23.35931	3.344534	2.968739	2.968655	2.969973	0.7413939	4.582898	-1000	26.36095
588848900971495804	145.85366497	0.73989481	24.44418	21.9844	20.74906	19.97462	19.5873	1.377095	2.968739	2.968655	2.856688	2.264627	4.508079	-1000	22.40462
588848900971495805	145.85380801	0.76041595	21.98183	20.91135	20.22866	19.92537	19.57991	1.013027	2.968739	2.788657	2.126386	1.996461	2.653659	0.6092511	20.82344
588848900971495823	145.86318358	0.67763902	24.55562	22.79711	21.7226	21.64376	21.24463	0.8144656	4.58223	1.02461	1.904494	2.969034	1.530501	0.1207123	23.15647
588848900971495826	145.86523431	0.74924938	23.42599	22.66981	21.13749	20.56827	20.10058	0.8088648	0.1006491	2.968655	1.692239	1.816392	4.085234	-1000	22.12367
588848900971495829	145.86626235	0.8254877	23.41583	22.17503	20.84547	20.45398	19.86781	1.260836	11.30162	2.968655	2.595637	2.494856	3.825691	-1000	22.15122
588848900971495849	145.87685004	0.67822077	23.9869	22.50703	21.84532	21.34068	20.7589	0.7909179	2.968739	1.808303	1.571803	1.523585	2.36417	0.3068062	22.6219
588848900971495869	145.8899844	0.77730334	25.40833	23.7785	22.09288	21.59131	21.24554	0.8591256	0.5509031	2.968655	1.768753	1.618162	1.36533	-1000	24.32628
588848900971495874	145.89522242	0.69029734	22.70231	22.40116	21.9217	21.713	21.27626	0.9034333	7.356152	1.575987	2.343668	1.69089	1.044133	0.3513179	22.62728
588848900971495875	145.89524311	0.66041581	23.07611	22.51374	21.512	21.46136	21.08558	0.7301126	2.968739	2.968655	2.238413	2.353372	1.452968	-1000	23.42362
588848900971495894	145.90497133	0.64968236	23.151	22.24504	21.25883	21.16376	21.01225	0.7550756	4.58223	1.210435	1.71846	1.272053	1.122439	0.1730278	22.45126
588848900971495941	145.9323591	0.67089151	23.44891	22.84458	21.81607	21.42147	21.72753	0.8837512	4.58223	2.968655	1.965209	7.356884	1.128399	-1000	23.03322
588848900971495952	145.93642621	0.77462692	25.61037	22.43196	21.12845	19.95045	19.4611	1.317	2.968739	2.968655	2.902729	2.318723	2.465664	-1000	23.04885
588848900971495968	145.94510145	0.77754041	24.72984	22.75759	21.92674	21.20038	20.97258	0.981545	2.968739	2.968655	2.969973	2.117501	3.510679	-1000	22.63577
588848900971495983	145.95634861	0.8319163	25.27843	22.21392	21.77068	22.10179	21.65484	1.01652	2.968739	2.968655	2.969973	1.330089	0.7375953	-1000	23.35515
588848900971496004	145.96726086	0.76677487	22.42038	22.32377	21.43061	21.28692	20.73857	0.9163721	4.58223	2.968655	1.888711	1.314086	1.697648	-1000	22.43376
588848900971496023	145.97938916	0.67993629	22.61999	22.18992	21.78326	22.11242	23.33861	1.070678	0.8653983	2.968655	2.969973	2.969034	0.08509435	-1000	22.33556
588848900971496026	145.98191234	0.71580625	23.24596	22.68599	22.16153	22.66808	21.36303	0.6898175	4.58223	2.968655	1.514027	0.8587999	1.162236	-1000	23.24072
588848900971496037	145.98625761	0.73955489	23.4801	21.71597	19.72111	19.08298	18.66258	1.334715	2.968739	1.758107	3.305337	5.638306	2.540146	0.2954095	21.7317
588848900971496043	145.98748266	0.67137218	24.34273	22.57469	21.26865	21.31617	20.41901	0.980486	4.58223	7.355945	1.944721	7.356884	2.384173	-1000	22.44535
588848900971496048	145.99016324	0.69446779	24.36066	22.40635	21.39972	20.80433	20.36601	0.8599152	11.30162	1.5573	1.620563	1.440558	1.366835	0.2306688	22.3726
588848900971496055	145.99522563	0.71014741	25.23613	22.32554	20.83921	20.29689	19.89865	0.884392	2.968739	2.968655	1.913421	1.574833	4.166047	-1000	22.61793
588848900971496113	145.86955822	0.70587954	23.15509	23.01573	21.70901	20.7943	20.09491	1.147028	1.234834	68.27651	2.969973	2.593637	2.288445	-1000	21.87674
588848900971496121	145.87379567	0.81513082	25.01122	23.09007	21.68155	20.86206	20.45794	0.6741586	2.968739	7.355945	1.524877	2.953452	11.30327	-1000	22.64122
588848900971496126	145.87668609	0.81689544	24.7137	22.80042	22.05813	22.45503	22.66931	0.6243938	4.58223	2.968655	2.969973	0.08866538	4.582898	-1000	22.60569
588848900971496135	145.88428568	0.78450423	23.9815	22.71815	20.99109	20.48131	19.62914	1.098505	2.968739	2.968655	2.360847	1.97849	5.176142	-1000	23.22553
588848900971496174	145.90416701	0.63213151	23.66837	23.30785	22.31405	21.7665	20.9568	0.614033	2.968739	2.968655	1.148535	1.475005	2.402508	-1000	22.8783
588848900971496175	145.90530746	0.68285302	24.76217	23.9895	22.3348	20.82226	19.87453	1.214256	2.968739	1.044554	4.584135	1.344449	1.417052	1.007211	26.23575
588848900971496186	145.91150736	0.66939988	24.1666	22.84665	22.03867	21.64815	21.95412	0.7930514	2.968739	2.968655	1.661705	1.553369	2.020048	-1000	22.30743
588848900971496192	145.91388113	0.81977068	24.8502	23.19072	22.06886	21.06796	20.90896	2.015587	7.356152	2.968655	7.35921	2.539854	0.8651943	-1000	23.78746
588848900971496202	145.91663628	0.80077305	23.76682	25.22253	22.73311	21.57934	20.68469	-9999	2.968739	2.968655	2.969973	2.369132	1.835295	-1000	23.72455
588848900971496224	145.92455533	0.81420419	23.43531	23.47748	22.67116	22.07995	22.17792	0.7606331	0.9734575	7.355945	1.312246	1.724952	0.7059568	-1000	23.0441
588848900971496226	145.92774618	0.81259137	24.83795	23.49818	21.59878	20.68082	20.40133	1.738066	0.2443369	7.355945	4.584135	1.765982	2.408869	-1000	23.53629
588848900971496230	145.9301746	0.77725827	24.01666	24.82089	22.30754	20.91292	20.28286	1.542595	2.968739	2.968655	2.969973	2.781061	2.39249	-1000	26.3993
588848900971496233	145.93323547	0.79752627	24.33122	23.50307	22.56538	22.42514	21.00827	0.5248991	0.2707641	2.968655	2.969973	1.9956	1.042039	-1000	24.52199
588848900971496252	145.94414148	0.7073319	24.01248	23.76892	22.12016	21.22678	20.53006	0.8443319	2.968739	27.90938	1.891499	1.961244	3.129365	-1000	22.57426
588848900971496293	145.97014102	0.76132175	23.64273	23.49565	22.20451	21.94264	21.05671	1.818003	7.356152	7.355945	7.35921	2.969034	7.357225	-1000	23.23565
588848900971496313	145.97648	0.75865363	22.10367	22.9098	21.38614	21.034	19.90107	0.9267348	2.968739	2.968655	1.710928	2.62023	2.969172	-1000	22.86158
588848900971496336	145.98938102	0.70387662	22.6899	23.89984	21.99621	22.44819	21.47045	0.6822404	1.925712	2.968655	1.768738	2.969034	0.06581809	-1000	24.34247
588848900971496337	145.98943196	0.75296497	26.10553	26.94241	21.91279	22.82434	23.34316	1.444134	2.968739	2.968655	2.969973	4.582686	2.969172	-1000	26.53501
588848900971496339	145.99029672	0.70558525	24.92418	23.7673	22.34002	21.87376	20.97253	1.315483	0.6051238	2.968655	2.969973	1.667591	0.9291542	-1000	24.09661
588848900971496391	145.85873471	0.78587842	25.63144	23.67974	23.29362	21.14682	21.60793	3.601247	2.968739	2.968655	2.969973	2.152236	4.582898	-1000	23.5458
588848900971496410	145.89069167	0.72876726	22.89465	22.7632	22.33671	21.3065	20.98356	0.8185074	43.7516	43.75037	2.969973	2.463804	3.568057	-1000	22.21715
588848900971496465	145.98372345	0.7485272	23.86777	23.79144	23.80039	21.78029	21.2374	1.839013	0.6627653	2.968655	2.969973	2.319341	18.01452	-1000	24.28563
588848900971496467	145.98552111	0.67415459	24.67426	23.93841	22.74658	21.19753	20.29079	1.799124	2.968739	2.968655	2.969973	2.969034	2.251325	-1000	22.83633
588848900971496470	145.98887025	0.66552049	25.24541	24.56952	23.30552	21.50551	20.80368	3.906263	2.968739	27.90938	2.969973	2.969034	3.129415	-1000	22.67807
588848900971496502	145.99067679	0.70299318	24.18234	24.49739	24.17424	24.44611	20.52929	2.131537	2.968739	7.355945	7.35921	7.356884	3.533025	-1000	23.45831
588848900971496516	145.92434185	0.69701193	23.16218	23.05576	22.28926	22.10552	20.89628	0.6776626	11.30162	7.355945	2.969973	1.842192	7.357225	-1000	22.46939
588848900971560972	146.01469106	0.81703525	24.13121	22.95611	21.12505	20.65333	20.09752	1.121727	4.58365	2.968987	2.371434	2.701215	3.159434	-1000	22.5506
588848900971560980	146.02515543	0.73074749	18.6355	18.58882	17.98486	17.84135	17.38085	2.62008	2.969659	2.968987	2.969686	2.969397	4.001861	-1000	20.73707
588848900971560988	146.02886024	0.7289931	24.39649	24.05859	24.92604	21.92669	23.26465	2.126309	2.969659	2.968987	2.969686	1.355663	2.968729	-1000	23.28049
588848900971560989	146.013599	0.73888714	23.22238	21.06886	19.97663	19.78273	19.6221	1.848835	0.1025505	2.968987	2.969686	3.670758	0.6065753	-1000	22.37995
588848900971561007	146.01861621	0.65664449	21.01093	20.80375	20.37346	19.97603	20.02666	0.7863532	1.923486	1.757588	1.600591	2.069173	1.744049	0.1567735	20.75969
588848900971561054	146.10092605	0.81325511	24.00955	23.31855	21.92663	21.04932	21.48997	1.065935	0.1016634	2.968987	2.200884	2.819394	3.288285	-1000	23.19926
588848900971561131	146.14190302	0.70720306	24.56021	22.69593	21.94345	24.13239	22.61295	1.220842	2.969659	2.968987	2.969686	2.969397	2.968729	-1000	22.59931
588848900971561142	146.1471751	0.83231951	21.54133	19.45297	18.28791	17.79039	17.3726	1.995414	2.969659	5.519875	7.934282	3.077872	2.636978	5.456739	19.18991
588848900971561171	146.01161511	0.76832958	22.39183	20.82435	20.11807	19.84234	19.40581	7.055932	2.969659	2.968987	18.01764	3.303973	2.328906	-1000	20.53031
588848900971561199	146.07955304	0.71491709	22.9023	22.03226	21.16343	20.76977	20.57225	0.9949949	2.969659	2.968987	2.092062	2.003251	3.20601	-1000	22.14458
588848900971561317	146.14470955	0.82385803	23.40709	24.39501	23.14695	21.85479	20.96869	-9999	1.003852	2.968987	2.969686	1.518648	1.170367	-1000	23.52568
588848900971561347	146.1050958	0.80236783	24.17044	23.02369	21.54385	20.9499	20.43353	0.8486271	2.969659	2.968987	1.646498	2.181067	1.542175	-1000	22.57788
588848900971561360	146.14126852	0.62958953	24.93821	24.08548	23.35267	22.00178	21.16149	0.7636858	2.969659	2.968987	2.969686	1.509506	0.9768781	-1000	25.89526
588848900971561398	146.07507188	0.76526627	21.55009	20.56545	19.76023	19.37516	19.05352	2.08422	2.969659	3.980812	3.938129	3.82481	4.098373	0.3323888	20.65574
588848900971561403	146.08537962	0.65421771	22.15962	24.00537	24.26816	24.40326	23.42424	2.168836	2.16175	4.582613	2.969686	2.969397	2.968729	-1000	22.37962
588848900971561439	146.00697967	0.66742466	23.27216	22.06256	20.89877	20.5485	20.51513	0.9569988	2.969659	2.968987	1.837279	1.746568	2.154853	-1000	21.82736
588848900971561462	146.02348995	0.82197815	24.27254	22.26113	20.40018	19.70723	19.14889	1.209646	2.969659	2.968987	2.536567	2.509938	3.074183	-1000	22.59744
588848900971561466	146.0254293	0.68328846	22.80918	22.40575	21.51314	21.75702	20.94928	1.451817	2.969659	1.133056	2.969686	2.969397	2.862504	0.1674429	22.32161
588848900971561496	146.04424327	0.70481523	24.34723	22.64034	21.21477	20.3146	19.97557	0.8806013	2.969659	2.968987	1.689422	1.836069	2.317822	-1000	22.77554
588848900971561498	146.04635724	0.64762903	23.42172	21.89567	20.58794	19.95679	19.51059	0.7754955	1.066407	1.658976	1.581928	1.358759	1.72323	0.173758	21.86447
588848900971561513	146.05232628	0.80344591	22.95165	22.46003	22.55798	21.79024	21.35004	0.5299938	7.358431	2.968987	1.324063	1.319971	11.30158	-1000	22.75712
588848900971561523	146.05909513	0.64735816	23.69998	22.5836	21.70162	21.35186	21.99343	0.8810804	2.969659	2.968987	1.853375	3.169941	0.6642187	-1000	22.3331
588848900971561524	146.05948618	0.65555494	23.62394	22.42952	21.32878	20.94932	20.59915	1.276366	7.358431	7.356766	2.723463	2.268697	3.962034	-1000	22.29522
588848900971561537	146.06605234	0.81638473	23.51118	22.95234	22.27912	22.18407	22.01435	0.5759293	0.09339909	2.968987	1.339385	2.383841	2.968729	-1000	23.02097
588848900971561544	146.06733606	0.82217712	22.52702	22.67165	22.23558	21.90273	21.77814	0.6339588	2.969659	2.968987	1.851253	1.818041	2.035329	-1000	22.72454
588848900971561552	146.06889898	0.77163403	22.58935	21.28453	20.09837	19.7568	19.4508	0.9375933	2.969659	1.904517	1.92353	1.967049	1.488524	0.2486742	21.42716
588848900971561554	146.06915168	0.6931322	22.85911	22.12411	21.05877	20.67373	20.08529	0.921801	2.969659	1.877077	1.813644	1.433485	1.879157	0.4053388	22.20592
588848900971561579	146.08347655	0.74926134	25.38888	21.63945	19.78728	19.07607	18.65776	1.261421	2.969659	2.968987	2.606879	2.994678	3.279528	-1000	21.67343
588848900971561611	146.10329372	0.73670427	24.50378	22.39033	21.34105	21.25311	20.91773	1.225804	2.969659	2.968987	2.969686	1.533148	2.472414	-1000	22.81817
588848900971561619	146.10981857	0.81082946	26.13043	21.62409	19.7422	19.04566	18.56258	1.577664	2.969659	2.968987	3.552534	3.225891	3.097671	-1000	21.47032
588848900971561625	146.11086486	0.75178642	25.37696	22.7426	21.24739	20.44336	20.13308	0.8015313	2.969659	2.968987	1.61482	1.501302	3.342991	-1000	22.44809
588848900971561662	146.13105101	0.70042175	25.6971	23.49421	21.64226	20.65093	20.08169	1.142239	2.969659	2.968987	2.382879	1.680879	1.414048	-1000	23.59822
588848900971561676	146.12817551	0.81528774	24.78967	22.74503	20.99972	20.33018	19.75993	0.7962664	2.969659	2.968987	1.666442	1.450502	1.575699	-1000	22.73471
588848900971561700	146.15029309	0.78750019	24.42512	21.69744	19.86324	19.00153	18.48551	1.460593	0.2504015	2.968987	3.236704	2.965986	4.055093	-1000	21.77681
588848900971561701	146.14836082	0.78755247	22.6774	22.7562	21.36581	21.32471	20.89996	0.9358012	2.969659	2.968987	1.739118	1.696478	1.66874	-1000	22.79329
588848900971561712	146.15105518	0.7455125	25.58387	22.27695	20.62447	20.10321	19.63973	0.7998273	2.969659	1.603262	1.499921	1.526611	6.128488	0.2583103	22.30878
588848900971561839	146.06583478	0.73862159	24.6881	23.56108	22.28365	22.05352	21.41743	0.8918748	2.969659	2.968987	1.728074	1.565907	7.356129	-1000	23.86491
588848900971561874	146.08220812	0.65616495	23.53478	23.46915	22.20087	22.49793	22.72223	0.6125124	4.58365	2.968987	1.382317	2.969397	0.2945863	-1000	23.58512
588848900971561880	146.08618285	0.77736553	23.58505	24.14807	21.69621	21.28764	20.84301	2.150768	2.969659	2.968987	7.3585	0.7257009	0.7857341	-1000	23.72771
588848900971561920	146.10128241	0.67390484	24.91699	22.99112	22.09747	21.26165	22.12234	0.6792455	2.969659	11.30256	2.014182	2.110892	0.07682368	-1000	22.14637
588848900971561945	146.11055404	0.73535133	24.96754	24.88175	22.146	23.82952	24.0662	0.6493347	2.969659	2.968987	1.166965	2.969397	0.050511	-1000	26.41268
588848900971561956	146.11621835	0.64947766	23.31264	23.33438	22.39777	21.54403	21.46583	0.9893196	4.58365	2.968987	2.969686	7.357783	2.365798	-1000	22.57648
588848900971562007	146.14645332	0.78886648	24.32709	24.35159	21.5479	20.73524	20.22784	0.790475	4.58365	2.968987	1.776221	1.242563	1.567411	-1000	27.93277
588848900971562062	146.04145611	0.75578084	23.97258	25.11448	22.69901	21.97735	21.09561	-9999	0.7879831	2.968987	1.79715	2.969397	11.30158	-1000	27.60024
588848900971562086	146.06015144	0.74550066	26.15678	23.53387	22.74887	21.9914	20.97377	0.7960398	2.969659	2.968987	2.969686	1.312948	0.8970412	-1000	24.15972
588848900971562094	146.06875655	0.78328142	26.66346	24.9904	22.61692	21.21087	21.14067	1.11202	4.58365	4.582613	2.969686	1.642359	1.029227	-1000	25.30462
588848900971562120	146.10513517	0.65499534	23.96487	23.89002	22.77898	21.61913	21.98155	1.560775	0.1107	2.968987	27.91907	1.686998	0.4217148	-1000	23.93459
588848900971562138	146.12236047	0.74165521	25.53141	24.02856	21.47072	20.63383	20.44239	4.031782	2.969659	0.2918336	2.969686	1.593256	11.30158	0.1017623	27.5789
588848900971562144	146.1336	0.72285964	23.26319	23.66788	23.23593	21.58511	21.27554	0.5523091	2.969659	2.968987	2.969686	1.189563	2.4445	-1000	23.36498
588848900971562147	146.13833903	0.64006746	23.02026	23.36382	22.51907	21.30165	21.00797	2.553905	0.7249534	18.0134	0.9016151	2.061	4.877271	-1000	22.28894
588848900971562190	146.07739875	0.71986773	25.52023	23.45621	22.07242	22.07849	21.99068	1.107944	2.969659	2.968987	2.969686	1.276927	1.032036	-1000	22.6631
588848900971562194	146.09933823	0.66042646	23.36601	22.67826	22.12207	23.11212	22.00046	1.19154	2.969659	2.968987	2.969686	2.969397	0.08479167	-1000	22.64624
588848900971562207	146.03437222	0.75617709	25.60021	24.93323	28.08589	26.81388	18.71497	-9999	1.945675	18.0134	18.01764	2.969397	2.968729	-1000	25.08442
588848900971626511	146.15931148	0.67926106	26.84489	23.51714	21.58403	21.20421	21.54764	1.436913	2.969635	2.969482	2.969968	0.06580672	0.3384532	-1000	25.0437
588848900971626530	146.1645526	0.78972662	19.31923	18.27281	17.12224	16.56623	18.67553	8.942285	27.91859	27.91715	27.92172	2.969421	2.550035	-1000	18.70594
588848900971626531	146.16203763	0.79575719	25.48456	22.40344	21.82301	21.3325	20.80376	0.8309196	2.969635	2.969482	1.605098	1.340998	3.052042	-1000	21.78936
588848900971626537	146.1770047	0.79406674	23.14897	24.96353	23.51866	20.79808	23.30673	1.306553	2.969635	2.969482	2.969968	2.922306	2.969111	-1000	24.32909
588848900971626553	146.18463969	0.68675491	24.63892	25.10955	16.72777	16.2966	16.37757	1.102285	2.969635	2.969482	2.444099	2.710346	1.393928	-1000	25.10945
588848900971626557	146.1887423	0.68166179	23.69351	22.9092	21.30627	20.77569	20.37681	1.356347	2.969635	2.969482	2.969968	2.604541	1.766769	-1000	22.56166
588848900971626571	146.2096823	0.83859587	25.41399	22.50672	21.46717	20.65194	20.06682	0.8056699	2.969635	2.969482	2.785058	3.378634	1.786287	-1000	22.49545
588848900971626582	146.23412365	0.78761367	23.36302	24.7519	21.66231	20.57828	20.2749	0.7946234	2.969635	2.969482	1.513259	1.870036	2.499609	-1000	24.01157
588848900971626638	146.29331765	0.74794012	25.75815	22.49578	23.3949	24.53418	24.22405	1.230233	2.969635	2.969482	2.969968	2.969421	2.969111	-1000	22.56565
588848900971626644	146.28323415	0.74147452	26.20018	24.08504	22.09918	21.93883	21.07717	1.402028	0.2905645	2.969482	2.969968	2.969421	2.969111	-1000	23.51087
588848900971626776	146.2898804	0.73345197	21.36195	19.58115	18.71875	18.25198	17.91326	1.979855	11.30503	4.895392	4.595181	4.302928	4.724565	0.4726488	19.54565
588848900971626803	146.16000146	0.65402338	21.8805	23.93914	24.63912	25.73635	23.62628	-9999	1.851585	2.969482	0.7166303	2.969421	2.969111	-1000	25.15447
588848900971626874	146.15941779	0.8339077	23.49252	21.77266	21.1402	20.97972	20.86504	0.8395315	2.969635	2.315398	1.578722	1.835461	2.561545	0.2998413	21.73368
588848900971626885	146.16951986	0.72063702	24.50131	22.5994	22.15384	21.34789	21.40872	0.6317881	2.969635	2.969482	1.48853	2.379752	1.341968	-1000	22.57641
588848900971626938	146.19233736	0.81954659	23.15065	21.62031	20.81231	20.43345	20.11968	1.120644	2.969635	1.68004	2.372931	1.549266	1.873294	0.2330982	22.18866
588848900971626944	146.19308298	0.77411112	23.32809	22.67993	21.94611	21.48578	21.80663	0.5820354	0.4070575	2.969482	1.816995	2.153313	1.512405	-1000	22.33
588848900971626945	146.19409403	0.79748926	22.56398	21.9077	20.13792	19.50001	19.18221	1.060004	2.969635	2.969482	2.186299	2.473254	3.415015	-1000	21.80958
588848900971626963	146.19968267	0.7266058	23.21322	22.64184	21.0039	20.55506	20.22826	0.8745469	2.969635	2.969482	1.927531	1.514011	1.838211	-1000	22.43617
588848900971626989	146.21885899	0.75416632	24.79869	21.70498	20.01609	19.46101	19.05913	0.9769681	4.583613	2.030325	2.210539	1.757937	2.007493	0.4591989	21.84794
588848900971627013	146.22613479	0.73386779	22.52731	21.94504	20.73865	19.92463	19.52513	1.231003	0.4408716	2.969482	2.705549	2.59542	2.626085	-1000	21.77963
588848900971627016	146.22727321	0.7126214	24.14848	22.8715	21.96261	21.85183	22.32261	0.8548552	4.583613	4.583377	2.969968	1.477124	2.969111	-1000	22.36983
588848900971627017	146.23219983	0.79321147	22.12055	21.93877	21.77	22.07261	21.00835	1.067863	1.980012	1.499866	1.987766	1.250837	1.260326	0.3877481	22.27194
588848900971627018	146.23618413	0.64081792	23.13187	22.19761	21.05956	20.5666	20.31538	0.8003099	2.969635	2.969482	1.52006	1.797616	1.847437	-1000	21.94121
588848900971627067	146.27687105	0.75229569	24.22595	21.60228	20.82718	20.89793	20.11994	1.642991	2.969635	11.30445	2.969968	2.969421	4.053658	-1000	21.52368
588848900971627071	146.27928812	0.65104817	24.31792	23.94715	22.41786	21.79156	21.33422	0.6080453	2.969635	2.969482	1.79874	1.294297	1.465313	-1000	23.11432
588848900971627081	146.29055707	0.78338917	21.54758	21.12669	19.98279	19.34509	18.96816	1.650905	18.01734	2.969482	7.359198	3.749093	3.361137	-1000	21.12221
588848900971627083	146.29011088	0.64147451	24.34326	22.36369	21.94172	21.38358	21.83605	1.00571	2.969635	2.969482	2.969968	1.937873	0.3876006	-1000	22.16737
588848900971627134	146.16419403	0.73537628	24.40474	25.36947	22.33156	22.42817	21.09182	0.5284691	4.583613	4.583377	0.9608786	0.9103191	2.106298	-1000	25.29063
588848900971627136	146.16593243	0.6303052	23.34531	22.98059	22.2215	21.5405	21.89975	0.5921885	4.583613	2.969482	2.969968	1.304537	2.969111	-1000	22.57321
588848900971627142	146.1717679	0.74383158	24.29457	24.02187	22.32428	21.25913	20.7322	0.4905683	4.583613	2.969482	1.043851	1.441391	43.75708	-1000	24.13126
588848900971627149	146.17484364	0.69158306	24.39182	23.30853	21.89492	21.29897	20.49339	0.7236295	7.358374	0.6518539	1.418951	1.568099	1.914709	0.214247	23.61934
588848900971627151	146.17618321	0.68325803	24.21486	23.53693	22.44304	21.62633	21.07045	-9999	2.969635	2.969482	2.969968	1.544801	2.156963	-1000	25.29714
588848900971627166	146.18412302	0.73046695	23.77876	23.00058	22.27374	21.71154	21.88674	0.5840412	4.583613	7.357994	2.969968	1.637824	1.69153	-1000	22.63012
588848900971627182	146.18910105	0.69666288	24.19306	23.84122	22.39146	22.84169	21.57125	0.3043378	4.583613	2.969482	2.969968	1.052239	2.465975	-1000	24.38066
588848900971627242	146.21876368	0.80361409	22.48415	22.08091	21.27243	22.15526	21.04333	2.0722	2.969635	2.969482	7.359198	1.754769	7.357073	-1000	21.91806
588848900971627277	146.24787625	0.69563677	23.98412	23.34908	21.63267	20.97101	20.82988	0.8914897	2.969635	2.969482	1.651708	1.419649	1.951676	-1000	23.0631
588848900971627315	146.2717738	0.6454921	25.98302	24.36156	22.06691	21.78211	20.93364	0.7102301	2.969635	2.969482	1.42913	1.325591	0.9843323	-1000	25.29811
588848900971627321	146.27309192	0.65671737	23.02543	22.77634	21.12256	20.45757	19.65669	27.94026	0.7832879	2.969482	68.3067	3.074232	2.767926	-1000	19.50419
588848900971627412	146.19427843	0.6602644	26.62451	24.03112	22.7809	21.3484	20.87021	0.5795642	2.969635	2.969482	1.06411	1.51208	1.342822	-1000	25.35501
588848900971627422	146.21440105	0.7163416	23.5029	24.23045	22.70468	21.44344	20.98518	0.7017131	2.969635	4.583377	2.969968	2.283577	2.929684	-1000	24.11639
588848900971627423	146.21548551	0.69463291	23.71107	24.00343	23.68744	21.90845	21.80206	0.6497421	2.969635	11.30445	2.969968	1.374478	1.960641	-1000	23.5335
588848900971627448	146.25161585	0.70911908	24.26046	25.25848	22.46782	20.9261	20.56633	0.5802308	2.969635	27.91715	2.969968	1.98747	1.775949	-1000	25.52359
588848900971627476	146.29728571	0.81774285	22.87363	24.01362	22.74813	21.46709	21.49032	0.8502731	0.8447474	2.969482	2.969968	1.493729	2.969111	-1000	24.38489
588848900971627480	146.3007894	0.67625821	26.00078	24.25121	23.11657	21.71487	21.21606	0.9686467	2.969635	0.7549315	2.969968	1.55866	1.648707	0.3483985	23.70227
588848900971627535	146.25732964	0.7911741	23.7582	25.68168	23.45227	21.81572	23.82746	1.529809	4.583613	4.583377	2.969968	1.506649	2.969111	-1000	25.58021
588848900971692043	146.30589212	0.74414103	24.02468	23.924	23.99929	22.10067	23.24919	1.524761	2.96928	2.969244	2.969987	1.517757	2.969163	-1000	23.07037
588848900971692052	146.31097068	0.63224545	24.93439	23.91797	22.2087	21.70983	20.42179	0.8487524	2.96928	2.969244	1.838905	1.807319	3.256423	-1000	24.43895
588848900971692123	146.44468385	0.8176898	24.98642	22.90368	22.77534	24.35872	20.5307	0.6403609	2.96928	2.969244	1.142751	2.969802	2.531676	-1000	22.65766
588848900971692127	146.44267406	0.8135926	23.60435	24.28383	21.84667	21.81483	21.09874	1.064162	2.96928	2.969244	2.969987	2.969802	1.194811	-1000	25.36739
588848900971692136	146.44739523	0.81243898	26.10644	23.9986	24.64313	21.11048	23.27081	2.926997	2.96928	0.07487383	2.969987	2.969802	0.3013474	0.4276539	24.16349
588848900971692187	146.36886637	0.66594237	22.83618	20.1085	18.85119	18.28979	17.82684	0.9031253	18.01518	2.226967	1.918711	1.98972	2.084968	0.1541346	20.09069
588848900971692209	146.40830975	0.68026169	24.52884	21.86833	20.2663	19.5877	19.3284	1.190675	0.7016723	2.09778	2.430856	2.88639	3.429161	0.2065457	22.28669
588848900971692221	146.41648711	0.671702	21.5444	20.56056	19.70451	19.21281	18.98722	1.569987	2.96928	4.148837	3.38552	3.625181	2.905583	0.5097359	20.4164
588848900971692279	146.38099182	0.63527809	22.06974	20.7774	19.69213	19.20304	18.83985	1.031446	43.75957	2.352257	2.112888	2.196674	3.262167	0.3231396	20.82177
588848900971692375	146.31506103	0.80590598	23.10982	22.85999	22.1342	21.55862	21.17961	0.7626498	2.96928	2.969244	1.743853	1.802465	1.637589	-1000	22.84017
588848900971692400	146.32887357	0.73533802	25.92664	25.02625	22.31828	23.97163	22.4084	0.5747468	2.96928	4.58301	2.969987	2.969802	2.969163	-1000	26.1182
588848900971692419	146.34102762	0.79540367	22.6019	21.61306	20.30473	19.68612	19.26589	1.232467	2.96928	2.969244	2.660935	2.415051	2.46139	-1000	21.74357
588848900971692436	146.35445637	0.70176111	26.28689	22.14697	20.88102	20.53213	20.34337	1.145322	2.96928	2.969244	2.282041	1.896528	3.005722	-1000	22.69781
588848900971692447	146.36938812	0.68312369	21.96421	20.54078	19.26216	18.68682	18.22542	1.757307	258.3274	2.969244	3.929358	3.516119	2.792576	-1000	20.46894
588848900971692467	146.39004718	0.81821562	24.74527	21.35446	20.57554	20.22732	20.54752	1.674813	2.96928	2.969244	2.969987	2.948017	0.08437881	-1000	21.85663
588848900971692501	146.41122092	0.75975367	25.08197	22.11702	21.18748	20.86453	20.38329	2.201563	18.01518	2.969244	2.969987	1.513432	3.869095	-1000	23.42993
588848900971692560	146.30438674	0.68163223	24.94173	22.69697	21.61265	21.15135	20.90765	1.261083	2.96928	2.969244	2.147366	1.260733	2.97018	-1000	22.66279
588848900971692588	146.32443858	0.6460883	22.67435	22.83129	21.73152	21.61306	21.30858	2.244811	7.357492	2.969244	7.359245	1.661409	1.452584	-1000	22.4963
588848900971692593	146.3291321	0.66994055	23.3482	22.57302	21.33353	20.47224	20.38369	1.194649	2.96928	1.806581	2.500597	2.906768	2.969163	0.8364403	21.82756