587722951693303810	587722981764694108	3	0.302788145082855
587722951693303810	587729971795263528	3	0.429907656020943
587722951693303810	587729971795263529	3	0.208011350264376
587722951693303820	587729971795263538	6	0.383997411680538
587722951693303823	587722951961673965	3	0.468404969918326
587722951693303824	587729971795263543	3	0.458889412452257
587722951693303824	587729971795263546	3	0.161516524011555
587722951693303824	587729971795263547	3	0.469393235145843
587722951693303824	587729971795263556	3	0.218886846869108
587722951693303824	587729971795264576	3	0.39932761301785
587722951693303825	587722951693304430	6	0.446735124396425
587722951693303825	587729971795263549	3	0.0370318894709641
587722951693303833	587729778527567903	6	0.287855246278899
587722951693303834	587722951961674747	3	0.320116720007612
587722951693303834	587729778527567907	3	0.395996809826881
587722951693303834	587729778527568630	3	0.288701681207823
587722951693303835	587729778527567909	3	0.299051923289302
587722951693303836	587729778527567904	3	0.231670025294257
587722951693303836	587729778527567906	3	0.190827750236594
587722951693303837	587722951693303834	6	0.414803285040326
587722951693303837	587729778527568379	6	0.389478308007444
587722951693303842	587722951693305106	6	0.27406079492778
587722951693303842	587729778527567917	3	0.122183314166702
587722951693303843	587722951693304962	3	0.479622481854505
587722951693303843	587729778527569281	3	0.375185921236244
587722951693303844	587722951693303842	6	0.136387671714236
587722951693303844	587722951693303843	6	0.134560566739433
587722951693303844	587722951693304040	6	0.47354595443351
587722951693303844	587729778527568173	6	0.472662491056586
587722951693303844	587729778527568374	6	0.23559370228017
587722951693303846	587722951693304439	6	0.455594857680065
587722951693303848	587722951693304235	6	0.369362116850685
587722951693303848	587722951693304728	3	0.483997612730389
587722951693303848	587729971795264297	6	0.486594881921951
587722951693303850	587722951693304460	3	0.361269558315796
587722951693303850	587729971795263583	6	0.00204191740499447
587722951693303850	587729971795264272	3	0.359589978672528
587722951693303853	587722951693304059	6	0.42810167394666
587722951693303853	587729971795264605	6	0.205831208767366
587722951693303854	587722951693304459	3	0.471413597267922
587722951693303854	587729971795263588	3	0.205704893950843
587722951693303855	587722951693304103	6	0.388660609393873
587722951693303855	587722951693304990	6	0.437832547854934
587722951693303855	587729971795263896	3	0.469330199283494
587722951693303855	587729971795264036	6	0.380624914797094
587722951693303855	587729971795264038	6	0.257873989872294
587722951693303855	587729971795264303	3	0.356020426770641
587722951693303857	587722951693304105	6	0.422028503764823
587722951693303857	587729971795264342	6	0.463048368159131
587722951693303858	587722951693304733	3	0.396074302466274
587722951693303858	587722951693304752	3	0.13311398525999
587722951693303858	587729778527569030	6	0.310217712433925
587722951693303860	587729778527567969	6	0.00152040156517622
587722951693303860	587729778527568224	6	0.414600906394366
587722951693303863	587722951693305020	6	0.407735371532518
587722951693303863	587729778527568702	3	0.445855564233808
587722951693303866	587722951693303867	3	0.151262522099575
587722951693303866	587729778527567978	3	0.259610050786702
587722951693303866	587729778527569064	3	0.174467277747892
587722951693303867	587722951693303864	6	0.353763033268325
587722951693303867	587722951693305015	3	0.404808843427178
587722951693303869	587729778527568233	6	0.491927828956691
587722951693303871	587722951693304130	6	0.350625866408182
587722951693303871	587722951693305109	6	0.251689121512352
587722951693303871	587729971795264362	3	0.401762993948691
587722951693303873	587729778527567976	3	0.485577661224552
587722951693303873	587729778527569064	3	0.30366376154193
587722951693303873	587729778527569443	3	0.449555545395838
587722951693303879	587729971795263616	6	0.35960098022893
587722951693303881	587722951693304532	6	0.426691059110889
587722951693303881	587722951693304796	6	0.252706118224752
587722951693303882	587722951693304142	6	0.364546391570665
587722951693303884	587722951693304271	6	0.38496659219864
587722951693303886	587729971795264384	3	0.391542685939034
587722951693303889	587722951693303890	6	0.367343493733322
587722951693303889	587722951693303908	3	0.396493882835232
587722951693303890	587722951693303893	6	0.411348347486204
587722951693303890	587729971795263651	6	0.000958262277414091
587722951693303890	587729971795263661	3	0.148206817338104
587722951693303890	587729971795263662	6	0.342776467055994
587722951693303891	587722951693303889	6	0.18938928861337
587722951693303891	587722951693303904	3	0.239578550594293
587722951693303891	587729971795264134	3	0.359898248130746
587722951693303892	587722951693303900	3	0.497289702315126
587722951693303892	587722951693303907	3	0.392690616238109
587722951693303892	587729971795263656	3	0.290081735403651
587722951693303892	587729971795263670	3	0.264261472634332
587722951693303892	587729971795265002	6	0.282028885833981
587722951693303893	587729971795264134	3	0.492960485897031
587722951693303894	587722951693303891	6	0.333749597581593
587722951693303894	587722951693303897	3	0.339263950347887
587722951693303894	587722951693303900	3	0.290318005937389
587722951693303894	587722951693303902	6	0.475691080523719
587722951693303894	587722951693303907	3	0.240502302269317
587722951693303895	587722981764694914	3	0.240808696711166
587722951693303896	587729971795263659	3	0.442039495011207
587722951693303896	587729971795263666	3	0.0709971366626042
587722951693303897	587722951693303894	3	0.339263950347887
587722951693303897	587722951693303905	6	0.498380546874907
587722951693303897	587722951693305153	3	0.444087224678168
587722951693303897	587729971795263657	3	0.337657038479844
587722951693303897	587729971795263664	3	0.311007115696329
587722951693303898	587722951693303890	6	0.34344485799841
587722951693303898	587729971795263670	3	0.408678314106444
587722951693303898	587729971795264923	3	0.141473270879325
587722951693303899	587729971795263661	3	0.117312910856964
587722951693303899	587729971795263663	6	0.381962468464113
587722951693303900	587722951693303891	6	0.492320888104477
587722951693303900	587722951693303901	6	0.271222336035777
587722951693303900	587722951693303907	3	0.104617553563039
587722951693303900	587729971795263665	3	0.296320293624764
587722951693303901	587722951693303907	3	0.298261701398972
587722951693303901	587729971795264063	6	0.363397310384085
587722951693303902	587722951693303903	3	0.462448604179219
587722951693303902	587722951693303909	3	0.152647984403788
587722951693303902	587729971795264133	3	0.238894059254868
587722951693303903	587722951693303889	6	0.29503649286421
587722951693303903	587722951693303894	3	0.128897456770048
587722951693303903	587722951693303908	3	0.214371763915588
587722951693303903	587729971795263653	6	0.350151816885278
587722951693303903	587729971795263668	6	0.340256123386936
587722951693303904	587729971795264132	6	0.250089747842496
587722951693303905	587729971795263671	6	0.446313402496747
587722951693303906	587722951693303893	6	0.195509473601557
587722951693303906	587722951693303897	3	0.399542039330811
587722951693303906	587722951693303903	3	0.0749033350836893
587722951693303907	587722951693303889	6	0.327143690214996
587722951693303907	587729971795263649	6	0.449229982187155
587722951693303908	587722981764694936	3	0.497693461864287
587722951693303909	587722951693303893	6	0.321639954958721
587722951693303909	587729971795263669	6	0.398721824678085
587722951693303910	587722951693304144	6	0.270711478675802
587722951693303910	587729971795264403	3	0.448845232512356
587722951693303910	587729971795264909	6	0.435545091010524
587722951693303913	587722951693305032	3	0.444538621584125
587722951693303914	587722951693304543	3	0.485490689273612
587722951693303914	587722951693304825	6	0.31327865681218
587722951693303914	587729971795264408	6	0.482646970769074
587722951693303916	587722951693304839	6	0.417245347575473
587722951693303916	587729778527568421	6	0.48710620940673
587722951693303923	587722951693304853	6	0.360604600471158
587722951693303923	587729778527568050	3	0.365818712231498
587722951693303924	587722951693303928	6	0.265953302153974
587722951693303924	587729778527568262	3	0.34904944950278
587722951693303924	587729778527568284	6	0.461994500303491
587722951693303925	587722951693303929	3	0.371613512383244
587722951693303926	587722951693303927	6	0.475546712080377
587722951693303926	587722951693303930	3	0.117696978009028
587722951693303926	587729778527568047	6	0.285185765027365
587722951693303926	587729778527568048	6	0.367395038998535
587722951693303926	587729778527568049	6	0.000775591023405145
587722951693303926	587729778527568284	6	0.476079789799523
587722951693303927	587722951693303925	6	0.251930261605836
587722951693303928	587729778527568023	6	0.266446703504031
587722951693303928	587729778527568050	3	0.00141783613164365
587722951693303929	587722951693303924	6	0.150977090932403
587722951693303929	587722951693305040	6	0.478174766259445
587722951693303933	587722951693303934	3	0.290288701207667
587722951693303933	587722951693304278	6	0.362981360820517
587722951693303934	587729971795263671	6	0.118130453484388
587722951693303936	587729971795264063	6	0.483582316761788
587722951693303939	587722951693303943	6	0.248480819395569
587722951693303939	587722951693303944	3	0.469284952267629
587722951693303939	587722951693303945	3	0.240965060838371
587722951693303939	587729971795263687	6	0.210185336054866
587722951693303939	587729971795264425	3	0.493228381897997
587722951693303939	587729971795264946	3	0.235220313557594
587722951693303941	587722951693304562	3	0.43695232714127
587722951693303941	587729971795263685	6	0.20946755282502
587722951693303942	587722951693304562	3	0.367843898986969
587722951693303942	587729971795263689	6	0.196060005913306
587722951693303942	587729971795263692	6	0.222055996493815
587722951693303942	587729971795264427	6	0.418335387620524
587722951693303943	587722951693303940	6	0.130939424227455
587722951693303943	587729971795263690	6	0.427189551062741
587722951693303943	587729971795263694	3	0.115510148486021
587722951693303943	587729971795263696	3	0.418511321784137
587722951693303943	587729971795264946	3	0.462388547422188
587722951693303944	587722951693303946	3	0.180473179673267
587722951693303944	587729971795264740	6	0.326982747565248
587722951693303945	587722951693303946	3	0.201589555673309
587722951693303945	587729971795263685	6	0.241172688721642
587722951693303945	587729971795263693	3	0.273453040331511
587722951693303945	587729971795264439	3	0.447192831196355
587722951693303945	587729971795264946	3	0.420977348989878
587722951693303946	587729971795263692	6	0.201970039460977
587722951693303950	587729778527568066	6	0.000935799883490743
587722951693303955	587729778527568095	3	0.284173981703
587722951693303956	587729778527569364	6	0.258378092593701
587722951693303956	587729778527569445	3	0.487445281907982
587722951693303959	587729778527568461	6	0.196669265409056
587722951693303964	587722951693304882	3	0.45614286728105
587722951693303964	587722951693305154	3	0.268789879702138
587722951693303966	587722951693304616	6	0.281220356555694
587722951693303966	587729971795264490	3	0.278196738534505
587722951693303966	587729971795264497	3	0.335555873807624
587722951693303966	587729971795264767	6	0.257136376107326
587722951693303966	587729971795264780	3	0.430941583403728
587722951693303968	587722951693305071	6	0.271892272362504
587722951693303968	587722981764760755	3	0.29897010866844
587722951693303971	587722951693303972	6	0.0995716869974775
587722951693303971	587729778527568117	6	0.0995420695897385
587722951693303971	587729778527568330	6	0.453486439267659
587722951693303974	587722951693305074	3	0.172965612555258
587722951693303974	587729971795264970	3	0.170711575024498
587722951693303977	587722951693303978	6	0.481587649847946
587722951693303977	587729971795263746	3	0.269716149629449
587722951693303977	587729971795329031	3	0.114960431432541
587722951693303977	587729971795329032	6	0.429836832174758
587722951693303978	587729971795263743	3	0.273195391329459
587722951693303978	587729971795263748	3	0.281075648396066
587722951693303978	587729971795329042	3	0.349289130674323
587722951693303979	587722951693303982	3	0.393264853703039
587722951693303979	587729778527568123	6	0.000301661054902047
587722951693303980	587729778527569185	6	0.347417241381891
587722951693303980	587729971795263738	6	0.111427984699721
587722951693303981	587729971795263743	3	0.418737490034864
587722951693303981	587729971795329029	6	0.215092310218792
587722951693303981	587729971795329046	3	0.145555676006161
587722951693303982	587722951693303978	6	0.302318861874227
587722951693303982	587722951693303981	3	0.360403437622189
587722951693303982	587722951693303988	6	0.170200940098313
587722951693303982	587729971795329042	3	0.144287523244826
587722951693303982	587729971795329044	3	0.395590736050786
587722951693303983	587722951693303988	6	0.363414520175324
587722951693303983	587722951693303989	3	0.162942589670204
587722951693303983	587722951693305079	6	0.308470764873917
587722951693303983	587729778527568139	0	0.325565801782879
587722951693303984	587722951693303990	3	0.155479359768499
587722951693303984	587722951693304647	3	0.357528107098053
587722951693303984	587729971795329029	6	0.197208392297263
587722951693303984	587729971795329031	3	0.260820329638549
587722951693303984	587729971795329034	6	0.349310525409966
587722951693303985	587722951693303980	6	0.204301461222326
587722951693303985	587722951693304894	3	0.365387807871787
587722951693303986	587722951693305082	3	0.302901329237245
587722951693303986	587729971795263737	6	0.271844055463984
587722951693303987	587722951693303986	3	0.473686075064702
587722951693303987	587722951693303989	3	0.302253439051154
587722951693303987	587722951693305087	6	0.414263106994359
587722951693303987	587729971795263743	3	0.473055382753712
587722951693303987	587729971795329034	6	0.182957961896599
587722951693303987	587729971795330419	6	0.256915650542666
587722951693303988	587722951693304404	6	0.459583423888466
587722951693303988	587729971795263742	3	0.372224130070313
587722951693303988	587729971795263743	3	0.221109097753506
587722951693303989	587722951693303982	3	0.40839937120131
587722951693303989	587722951693303984	3	0.443496587037993
587722951693303989	587722951693304317	6	0.318988547057172
587722951693303990	587722951693303988	6	0.366215136359353
587722951693303990	587729971795263743	3	0.16906664215769
587722951693303990	587729971795263746	3	0.211018997553802
587722951693303990	587729971795329031	3	0.365221340670179
587722951693303990	587729971795329040	3	0.176889289339832
587722951693303990	587729971795329042	3	0.093155427424607
587722951693303991	587722951693305082	3	0.131209071468894
587722951693303991	587729971795329030	6	0.360215719116632
587722951693303998	587722951693303996	6	0.12005801389445
587722951693303998	587722951693303997	6	0.0936678188696538
587722951693303998	587722951693304612	3	0.434706695259713
587722951693303998	587729778527568132	6	0.0936699448162592
587722951693303999	587722951693304626	3	0.220764820028071
587722951693304002	587722951693304003	6	0.103248379060418
587722951693304002	587729778527568137	6	0.102463430918427
587722951693304028	587729971795264562	6	0.356941341732903
587722951693304032	587729971795263576	6	0.437199358341488
587722951693304034	587722981764694313	6	0.177264618001268
587722951693304034	587722981764694608	6	0.283117774188097
587722951693304034	587729971795263514	6	0.391047232850727
587722951693304034	587729971795263828	3	0.0607796254053308
587722951693304036	587729778527568535	6	0.476142126933876
587722951693304037	587729971795263828	3	0.225798938556464
587722951693304037	587729971795263836	6	0.00441653470172643
587722951693304038	587722951693304711	3	0.392722759606713
587722951693304038	587729971795264270	3	0.390855575923323
587722951693304040	587722951693304036	6	0.280613007770289
587722951693304041	587722951693303842	6	0.436006696443788
587722951693304041	587722951693304967	6	0.390795335646372
587722951693304041	587729778527567916	6	0.398864946707849
587722951693304041	587729778527568175	6	0.150320842437296
587722951693304041	587729778527568178	6	0.212200081587323
587722951693304041	587729778527568374	6	0.39920129487337
587722951693304043	587722951693304720	3	0.30109837697838
587722951693304043	587729778527568174	6	0.21468803176923
587722951693304044	587722981764695120	6	0.240853318045573
587722951693304046	587722951693304074	3	0.486644262896473
587722951693304046	587722951693304470	6	0.406484895837878
587722951693304046	587722951693304472	6	0.349170377658644
587722951693304046	587729778527568689	3	0.287105092353039
587722951693304049	587722951693304968	6	0.166065142835795
587722951693304049	587729971795264036	6	0.475148784340733
587722951693304050	587722951693304721	6	0.475531554839979
587722951693304050	587729971795263847	6	0.0466670040608666
587722951693304051	587722951693304054	3	0.435488138339757
587722951693304051	587722951693304725	3	0.164207233925743
587722951693304051	587729778527568189	6	0.359795181575289
587722951693304051	587729971795263852	6	0.00133939837774998
587722951693304053	587722951693304734	3	0.335448808883448
587722951693304053	587722951693304986	3	0.310922692234455
587722951693304054	587722951693304733	3	0.319645756317939