587722951693303810	587722981764694097	6	0.464876604564313
587722951693303810	587722981764694108	3	0.302788145082855
587722951693303810	587722981764694114	3	0.257069014546492
587722951693303810	587722981764694117	3	0.485091133478362
587722951693303810	587729971795263522	3	0.371737766400921
587722951693303810	587729971795263525	3	0.11926237717236
587722951693303820	587722951693304430	6	0.13168508322934
587722951693303820	587729971795263554	3	0.318487616878245
587722951693303822	587722951693303823	3	0.242050004691906
587722951693303822	587729971795263541	6	0.486637612433577
587722951693303822	587729971795264585	6	0.36464672970173
587722951693303823	587722951961673959	6	0.378235388665728
587722951693303823	587729971795263548	3	0.244697093419176
587722951693303823	587729971795263549	3	0.394328342098353
587722951693303824	587729971795263555	3	0.176384622762427
587722951693303825	587722951693304035	6	0.369106471690158
587722951693303825	587722951961673957	6	0.252724403144509
587722951693303825	587729971795263545	3	0.302637088928997
587722951693303825	587729971795263555	3	0.3005019127418
587722951693303833	587722951693304231	6	0.456823206250405
587722951693303834	587722951693303835	3	0.397191796318326
587722951693303834	587729778527567902	6	0.279698366765679
587722951693303834	587729778527567904	3	0.399443544981398
587722951693303834	587729778527568629	3	0.320600843150936
587722951693303835	587729778527567907	3	0.110752004929448
587722951693303835	587729778527568657	6	0.467322453567927
587722951693303837	587722951693303835	3	0.18237420289721
587722951693303837	587722951693304959	3	0.409447083763074
587722951693303837	587729778527567909	3	0.332203809345682
587722951693303839	587722951693304032	6	0.437058177669105
587722951693303839	587722951693304708	6	0.428931930001396
587722951693303842	587729778527567915	6	0.111903071986206
587722951693303842	587729778527567916	6	0.137868553044831
587722951693303842	587729778527568990	3	0.211609449066463
587722951693303843	587729778527569281	3	0.375185921236244
587722951693303844	587722951693304041	6	0.40136322814297
587722951693303844	587722951693304710	3	0.288261290360518
587722951693303844	587729778527567915	6	0.134093987237397
587722951693303846	587722951693304716	6	0.326810756126458
587722951693303846	587729971795263579	6	0.000491008450367363
587722951693303848	587729971795264849	3	0.143729828564262
587722951693303853	587729971795263588	3	0.181704429982003
587722951693303854	587722951693305107	6	0.49181650689193
587722951693303854	587729971795263587	6	0.000524749270253923
587722951693303855	587722951693304103	6	0.388660609393873
587722951693303855	587729778527568396	0	0.38321630480823
587722951693303858	587722951693304745	3	0.477777415831308
587722951693303858	587722951693304747	6	0.304775252383593
587722951693303858	587722951693304753	6	0.211430789198118
587722951693303858	587722951693304998	6	0.260344587229975
587722951693303858	587729778527567961	3	0.134272531552349
587722951693303858	587729778527567963	3	0.135597222669487
587722951693303858	587729778527568543	3	0.300975625144165
587722951693303858	587729778527569023	3	0.239451364663309
587722951693303858	587729778527569026	3	0.479083469009794
587722951693303860	587722951693303869	6	0.48248384060397
587722951693303860	587722951693304503	6	0.374415117444575
587722951693303860	587729778527568707	3	0.218773121315799
587722951693303860	587729778527568722	3	0.499043009715072
587722951693303863	587722951693304127	6	0.483609803361296
587722951693303863	587729778527567976	3	0.302258263949742
587722951693303863	587729778527569060	6	0.481131756721803
587722951693303864	587722951693303863	6	0.199536965595094
587722951693303864	587729778527567975	6	0.000716174325219889
587722951693303864	587729778527567976	3	0.490338510956142
587722951693303864	587729778527567979	3	0.442713670120691
587722951693303864	587729778527568545	3	0.236960483593187
587722951693303865	587722951693304789	6	0.438021594777816
587722951693303867	587729778527567978	3	0.405612121149671
587722951693303867	587729778527567980	3	0.264680987194007
587722951693303869	587729778527569310	3	0.289281639649757
587722951693303871	587722951693304135	6	0.349469171307796
587722951693303871	587722951693305109	6	0.251689121512352
587722951693303871	587729971795263918	6	0.351227405629788
587722951693303873	587729778527567978	3	0.351083997139521
587722951693303878	587729971795264904	6	0.468830987860227
587722951693303881	587729778527568498	6	0.424242720109933
587722951693303882	587729778527568754	3	0.488144944593728
587722951693303884	587729971795263943	6	0.476953316913169
587722951693303886	587729971795265013	3	0.482220249147084
587722951693303889	587722951693304537	3	0.367802624993321
587722951693303889	587729971795263650	6	0.00217802352790776
587722951693303889	587729971795263668	6	0.444246987089537
587722951693303890	587722951693304815	3	0.321728238751738
587722951693303890	587729971795263665	3	0.185657964325997
587722951693303891	587722951693303897	3	0.410965903460702
587722951693303891	587722951693303902	6	0.157008729732404
587722951693303891	587722951693303903	3	0.349212376618789
587722951693303891	587722951693303908	3	0.335082020388648
587722951693303891	587722951693304815	3	0.492266469639061
587722951693303891	587729971795263650	6	0.187298555770529
587722951693303892	587722951693303903	3	0.379321298228981
587722951693303892	587729971795263655	6	0.20008967348677
587722951693303893	587722951693303899	6	0.225939600439976
587722951693303893	587722951693303902	6	0.31196473261009
587722951693303893	587729971795263651	6	0.41047555751298
587722951693303893	587729971795263668	6	0.456606405303609
587722951693303893	587729971795263669	6	0.288235821350169
587722951693303893	587729971795263670	3	0.379423869891204
587722951693303894	587722951693303890	6	0.419974983553235
587722951693303894	587722951693303902	6	0.475691080523719
587722951693303895	587722981764695434	6	0.482587769738765
587722951693303895	587729971795263658	3	0.00153047312515668
587722951693303895	587729971795264133	3	0.224140810046075
587722951693303896	587722951693303889	6	0.423756669618927
587722951693303896	587722951693303891	6	0.318135321641178
587722951693303896	587722951693303909	3	0.137672006821866
587722951693303896	587722951693304806	3	0.454234434937764
587722951693303896	587722981764694914	3	0.452803349657396
587722951693303896	587729971795263650	6	0.421843151202649
587722951693303897	587722951693303889	6	0.236304094039747
587722951693303897	587722951693303903	3	0.463167648294012
587722951693303897	587729971795263663	6	0.378251515617454
587722951693303897	587729971795263665	3	0.15906469169328
587722951693303898	587722951693303901	6	0.0952102013252377
587722951693303898	587729971795263651	6	0.344270575488462
587722951693303898	587729971795264064	3	0.36043233381053
587722951693303899	587722951693303890	6	0.208363601438665
587722951693303899	587722951693303906	3	0.287747990823055
587722951693303899	587722951693304537	3	0.296509128685012
587722951693303900	587722951693303891	6	0.492320888104477
587722951693303900	587729971795263652	6	0.496526191111034
587722951693303901	587722951693303899	6	0.384825502742998
587722951693303901	587729971795263649	6	0.49343918511995
587722951693303902	587722951693303908	3	0.373480552765625
587722951693303903	587722951693303902	6	0.462448604179219
587722951693303904	587729971795264676	3	0.207717165924036
587722951693303905	587722951693303893	6	0.424640493661337
587722951693303905	587722951693303897	3	0.498380546874907
587722951693303905	587722951693303900	3	0.382621175632599
587722951693303905	587722951693303935	6	0.365502032256364
587722951693303905	587729971795263657	3	0.221472897043081
587722951693303906	587729971795263652	6	0.427761244259933
587722951693303906	587729971795263669	6	0.231360661648833
587722951693303907	587722951693303897	3	0.255544646705588
587722951693303907	587722951693304537	3	0.405717866901644
587722951693303907	587729971795263661	3	0.248466926313824
587722951693303908	587722951693303889	6	0.396493882835232
587722951693303908	587722951693303894	3	0.324479885363728
587722951693303908	587722981764695199	6	0.242339510563147
587722951693303908	587729971795263658	3	0.38154036485426
587722951693303908	587729971795263667	3	0.418695424096658
587722951693303909	587722951693303906	3	0.479382491811436
587722951693303909	587722981764694914	3	0.37613310097606
587722951693303913	587722951693303914	6	0.12496447835441
587722951693303914	587729971795263677	6	0.123725619084416
587722951693303916	587729778527568789	6	0.396696090866971
587722951693303918	587722951693304147	6	0.308001744511879
587722951693303918	587722951693304148	6	0.249970153514883
587722951693303918	587729778527568017	6	0.0010990041457208
587722951693303918	587729778527568261	6	0.249447991717996
587722951693303923	587729778527568050	3	0.365818712231498
587722951693303923	587729778527568051	3	0.281000346561409
587722951693303924	587729778527568051	3	0.151416421917111
587722951693303925	587722951693303923	6	0.0886885500140267
587722951693303925	587729778527569147	6	0.31320245463196
587722951693303926	587729778527568050	3	0.0847588928186244
587722951693303927	587729778527568023	6	0.461343903232205
587722951693303927	587729778527568049	6	0.474868735298879
587722951693303928	587729778527568048	6	0.447004561739417
587722951693303928	587729778527568049	6	0.0858285307620212
587722951693303930	587722951693303925	6	0.254457896461227
587722951693303933	587722951693303901	6	0.493878919891059
587722951693303933	587729971795263655	6	0.168816746422435
587722951693303934	587722951693304166	6	0.438184276712281
587722951693303934	587722981764759719	6	0.437711982340326
587722951693303934	587729971795264934	6	0.361078648893573
587722951693303935	587722951693303905	6	0.365502032256364
587722951693303935	587729971795263655	6	0.000486170810603878
587722951693303936	587722951693303892	6	0.290916086424326
587722951693303936	587729971795263670	3	0.487820648534948
587722951693303936	587729971795263682	6	0.442902858990141
587722951693303936	587729971795265002	6	0.356374993702285
587722951693303939	587722951693303941	6	0.209682021370425
587722951693303939	587722951693303945	3	0.240965060838371
587722951693303939	587729971795263685	6	0.000594441986703295
587722951693303939	587729971795264425	3	0.493228381897997
587722951693303940	587722951693303939	6	0.37269367623663
587722951693303940	587722951693304857	6	0.355305453406501
587722951693303941	587729971795263688	6	0.257430042745698
587722951693303941	587729971795263690	6	0.208815377699098
587722951693303942	587722951693304562	3	0.367843898986969
587722951693303942	587729971795264941	3	0.42067435880579
587722951693303943	587722951693303945	3	0.0919065381143416
587722951693303943	587729971795263686	6	0.130073771583078
587722951693303943	587729971795263695	3	0.279428556680018
587722951693303943	587729971795263697	3	0.38355825665351
587722951693303944	587722951693303939	6	0.469284952267629
587722951693303944	587722951693303943	6	0.220872795534042
587722951693303944	587729971795263685	6	0.469282624073865
587722951693303944	587729971795263689	6	0.221425853976709
587722951693303945	587722951693303941	6	0.450634820708778
587722951693303945	587729971795263690	6	0.469772368285631
587722951693303945	587729971795263695	3	0.255341984880086
587722951693303946	587722951693303945	3	0.201589555673309
587722951693303946	587722951693304557	6	0.468140704030524
587722951693303946	587729971795263694	3	0.00261810994026057
587722951693303947	587729971795263687	6	0.209119630889055
587722951693303951	587722951693304853	6	0.417946011826305
587722951693303955	587729778527568094	3	0.390325610804418
587722951693303956	587722951693305072	6	0.394039257382554
587722951693303956	587729778527568449	6	0.405410287810036
587722951693303959	587729778527568459	6	0.473629592877642
587722951693303960	587722951693304289	6	0.243958536403265
587722951693303960	587729778527569177	3	0.193194841607982
587722951693303963	587722951693304286	6	0.316692438686963
587722951693303964	587722951693304286	6	0.229701469809682
587722951693303964	587729971795265007	6	0.402356170386469
587722951693303966	587722951693305154	3	0.445579659423325
587722951693303966	587729971795264497	3	0.335555873807624
587722951693303966	587729971795264780	3	0.430941583403728
587722951693303966	587729971795265007	6	0.418171933315548
587722951693303968	587722951693305069	3	0.414429140985085
587722951693303968	587729971795264773	3	0.113644571863125
587722951693303971	587729778527568117	6	0.0995420695897385
587722951693303972	587729778527568118	6	0.125244786572648
587722951693303972	587729778527568854	6	0.377968426226251
587722951693303974	587729971795264775	3	0.371060438549412
587722951693303974	587729971795264970	3	0.170711575024498
587722951693303977	587722951693303988	6	0.32418466807049
587722951693303977	587722951693303990	3	0.263724766812062
587722951693303977	587722951693303991	3	0.328318983185554
587722951693303977	587729778527568139	0	0.0395021188401576
587722951693303977	587729971795263737	6	0.481989900297379
587722951693303977	587729971795264975	6	0.419731545474777
587722951693303977	587729971795329030	6	0.387880145706334
587722951693303978	587729778527568122	6	0.000553252983773092
587722951693303979	587722951693303980	6	0.11183688764026
587722951693303979	587729971795263746	3	0.335182603870611
587722951693303979	587729971795264492	6	0.302272699086827
587722951693303979	587729971795329042	3	0.440859007889514
587722951693303980	587729971795263738	6	0.111427984699721
587722951693303980	587729971795263743	3	0.476346372273321
587722951693303981	587722951693303984	3	0.139042595244117
587722951693303981	587722951693304894	3	0.496364584283338
587722951693303981	587729778527568910	6	0.345876008026287
587722951693303981	587729971795329032	6	0.24742120771403
587722951693303982	587722951693303978	6	0.302318861874227
587722951693303982	587722951693303983	3	0.366487259909381
587722951693303983	587729778527568139	0	0.325565801782879
587722951693303983	587729971795264151	6	0.367507435227122
587722951693303984	587722951693303987	3	0.226807945312536
587722951693303984	587722951693304647	3	0.357528107098053
587722951693303984	587729971795329037	3	0.301051856280161
587722951693303985	587722951693303983	3	0.461208323639061
587722951693303985	587729778527568139	0	0.452522998683831
587722951693303985	587729971795263745	3	0.411611344029833
587722951693303985	587729971795329029	6	0.473090589271306
587722951693303986	587722951693304895	3	0.409138872284683
587722951693303986	587729971795329044	3	0.390341127740042
587722951693303987	587722951693303981	3	0.103493079630921
587722951693303987	587722951693303982	3	0.389433418403006
587722951693303987	587722951693303990	3	0.373956453724052
587722951693303987	587722951693304655	6	0.427829729479936
587722951693303987	587722951693304895	3	0.492540838878026
587722951693303987	587729971795329042	3	0.417723695593565
587722951693303987	587729971795330419	6	0.256915650542666
587722951693303988	587722951693303989	3	0.466363066183184
587722951693303988	587729971795263745	3	0.301847402389839
587722951693303989	587722951693303981	3	0.3848121005394
587722951693303989	587722951693303987	3	0.302253439051154
587722951693303989	587729971795264151	6	0.31962305439621
587722951693303989	587729971795329032	6	0.474128057792069
587722951693303989	587729971795329046	3	0.268665338403162
587722951693303990	587722951693303978	6	0.442241063381956
587722951693303990	587722951693303981	3	0.294029912656819
587722951693303990	587729971795263741	3	0.209149462290125
587722951693303990	587729971795329031	3	0.365221340670179
587722951693303991	587722951693303981	3	0.161029243918251
587722951693303991	587722951693303984	3	0.146081538788535
587722951693303991	587722951693305082	3	0.131209071468894
587722951693303991	587729971795263743	3	0.421544698468154
587722951693303991	587729971795329030	6	0.360215719116632
587722951693303993	587722951693304407	6	0.405703137621426
587722951693303996	587729778527568132	6	0.21318684848488
587722951693303996	587729778527569382	6	0.409317439850327
587722951693303997	587729778527568132	6	0.000301661054902047
587722951693303997	587729778527568514	3	0.474093418149193
587722951693303998	587729778527568133	6	0.000837851603894133
587722951693303999	587729971795264976	6	0.297218410873623
587722951693304002	587722951693304197	6	0.171610779672996
587722951693304002	587729778527568341	6	0.171041127176599
587722951693304005	587722951693304664	6	0.380894601183595
587722951693304005	587729971795264976	6	0.487306357750097
587722951693304005	587729971795330413	3	0.319325772936218
587722951693304011	587722951693369349	6	0.129811088827727
587722951693304028	587722951961674995	6	0.35662777083749
587722951693304028	587729971795264562	6	0.356941341732903
587722951693304030	587722951693304693	6	0.262656303639681
587722951693304030	587729778527568165	6	0.000842773980310687
587722951693304030	587729778527568531	6	0.386000259261426
587722951693304032	587729971795263831	6	0.0012071338296272
587722951693304033	587722951693304707	6	0.419908163989843
587722951693304033	587729971795264263	3	0.419567036584985
587722951693304034	587722951693303810	6	0.431711426721886
587722951693304034	587729971795263510	6	0.431846707861982
587722951693304034	587729971795263836	6	0.177897712240008
587722951693304034	587729971795264257	6	0.367925283156444
587722951693304035	587729971795263549	3	0.35969021268097
587722951693304036	587722951693304703	3	0.443502758570453