587722951693303810	587722981764694608	6	0.458085211469526
587722951693303810	587729971795263514	6	0.123778104996334
587722951693303810	587729971795263525	3	0.11926237717236
587722951693303810	587729971795264577	6	0.415535301577436
587722951693303820	587729971795263832	6	0.471251034900033
587722951693303822	587722951693304033	6	0.456253920794407
587722951693303822	587729971795263558	3	0.417703019526071
587722951693303822	587729971795264585	6	0.36464672970173
587722951693303823	587729971795263548	3	0.244697093419176
587722951693303823	587729971795263554	3	0.143357857271774
587722951693303823	587729971795264243	6	0.222829606543581
587722951693303824	587729971795263556	3	0.218886846869108
587722951693303824	587729971795263558	3	0.303813537032498
587722951693303825	587722951693303822	3	0.331431640151958
587722951693303825	587722951693304430	6	0.446735124396425
587722951693303825	587722951961673957	6	0.252724403144509
587722951693303825	587722951961673958	6	0.441563236031513
587722951693303825	587729971795263554	3	0.430084617211355
587722951693303833	587722951693304231	6	0.456823206250405
587722951693303833	587722951693304429	3	0.478832315945989
587722951693303833	587729778527567909	3	0.203054641763303
587722951693303834	587722951693304429	3	0.494585631920703
587722951693303834	587722951961674747	3	0.320116720007612
587722951693303834	587722951961674748	6	0.286234015560509
587722951693303834	587729778527567904	3	0.399443544981398
587722951693303834	587729778527568642	3	0.460759789331376
587722951693303835	587722951693304335	6	0.433640339028586
587722951693303835	587722951693304445	6	0.466442305802732
587722951693303835	587729778527569276	6	0.271110239684348
587722951693303836	587722951693303834	6	0.208905162006682
587722951693303839	587722951693304032	6	0.437058177669105
587722951693303839	587722951693304708	6	0.428931930001396
587722951693303839	587729971795264591	3	0.415665196839054
587722951693303842	587722951693304041	6	0.436006696443788
587722951693303843	587729778527567914	6	0.117964160323688
587722951693303843	587729778527567917	3	0.179616330769449
587722951693303843	587729778527569281	3	0.375185921236244
587722951693303844	587722951693304710	3	0.288261290360518
587722951693303844	587729778527569277	3	0.378273065575265
587722951693303848	587729971795263843	6	0.369145536557067
587722951693303850	587722981764694156	6	0.0012981762083406
587722951693303850	587722981764695437	3	0.373077769778192
587722951693303853	587729971795263587	6	0.0736233020457472
587722951693303853	587729971795263589	3	0.099794899257714
587722951693303854	587722951693304983	3	0.20888255759419
587722951693303854	587729971795264118	6	0.167431093516827
587722951693303855	587722951693304102	6	0.463190876039441
587722951693303855	587722951693304354	6	0.383243024543782
587722951693303855	587722951693304993	3	0.438990439530202
587722951693303855	587729971795263896	3	0.469330199283494
587722951693303855	587729971795263897	6	0.389016241997804
587722951693303855	587729971795264635	3	0.370920167380673
587722951693303858	587722951693304998	6	0.260344587229975
587722951693303860	587722951693304492	3	0.148375245450853
587722951693303860	587729778527569308	3	0.254592342553542
587722951693303863	587729778527567975	6	0.199494056481505
587722951693303863	587729778527567980	3	0.214666289541601
587722951693303864	587722951693303863	6	0.199536965595094
587722951693303864	587729778527567981	3	0.406901278188551
587722951693303864	587729778527568700	3	0.413221642297737
587722951693303865	587722951693303873	6	0.48599263212399
587722951693303865	587729778527567975	6	0.49070577234412
587722951693303867	587722951693303866	6	0.151262522099575
587722951693303867	587722951693304789	6	0.472665586450149
587722951693303867	587722951693305015	3	0.404808843427178
587722951693303869	587729778527569315	3	0.477229707153088
587722951693303873	587729778527567978	3	0.351083997139521
587722951693303873	587729778527567979	3	0.420578512035721
587722951693303875	587722951693304258	3	0.290300930699176
587722951693303878	587722951693304271	6	0.45113543570424
587722951693303878	587722951693305027	3	0.467952001758063
587722951693303878	587729971795264347	3	0.471421781135057
587722951693303879	587729971795264897	3	0.455886422684614
587722951693303879	587729971795264904	6	0.460966140655429
587722951693303881	587722951693304512	3	0.476097604256275
587722951693303881	587722951693305018	3	0.362864607051924
587722951693303882	587722951693304532	6	0.346474878762326
587722951693303882	587722951693304808	3	0.485720656501937
587722951693303882	587729778527568498	6	0.344062186392531
587722951693303882	587729778527568754	3	0.488144944593728
587722951693303884	587722951693304272	6	0.476320117720565
587722951693303886	587722951693304526	3	0.435706147955741
587722951693303889	587722951693303897	3	0.236304094039747
587722951693303889	587722951693303900	3	0.302992323146113
587722951693303889	587722951693303909	3	0.33841159843415
587722951693303889	587729971795263650	6	0.00217802352790776
587722951693303889	587729971795263661	3	0.224580411092835
587722951693303889	587729971795263664	3	0.461724304079184
587722951693303889	587729971795263666	3	0.428138763535836
587722951693303890	587722951693303889	6	0.367343493733322
587722951693303890	587722951693303898	3	0.34344485799841
587722951693303890	587722951693305153	3	0.407091980973412
587722951693303891	587722951693303903	3	0.349212376618789
587722951693303891	587722981764694914	3	0.444241690490277
587722951693303891	587729971795264133	3	0.364089892636117
587722951693303892	587722951693303906	3	0.428439622279494
587722951693303892	587729971795263652	6	0.000793665472625655
587722951693303892	587729971795263656	3	0.290081735403651
587722951693303893	587722951693303889	6	0.045491171882777
587722951693303893	587722951693303899	6	0.225939600439976
587722951693303893	587722951693303904	3	0.394278598903245
587722951693303893	587722951693303907	3	0.35400390139805
587722951693303893	587722951693303909	3	0.321639954958721
587722951693303894	587722951693303890	6	0.419974983553235
587722951693303894	587722951693303905	6	0.218821561002599
587722951693303894	587722951693303907	3	0.240502302269317
587722951693303894	587729971795263670	3	0.19935414088911
587722951693303895	587729971795263658	3	0.00153047312515668
587722951693303895	587729971795264132	6	0.276443522605532
587722951693303895	587729971795264676	3	0.24142034595562
587722951693303895	587729971795264677	6	0.276881569248831
587722951693303896	587722951693303889	6	0.423756669618927
587722951693303896	587722951693304803	6	0.215549483160621
587722951693303896	587729971795263660	3	0.00396370860946692
587722951693303897	587729971795263651	6	0.13882773288618
587722951693303897	587729971795263657	3	0.337657038479844
587722951693303898	587729971795263668	6	0.378998974830744
587722951693303898	587729971795264063	6	0.269360764869049
587722951693303899	587722951693303890	6	0.208363601438665
587722951693303899	587722951693303891	6	0.378098796759837
587722951693303899	587722951693303894	3	0.216791251112292
587722951693303899	587729971795263657	3	0.215524011403486
587722951693303900	587722951693303906	3	0.373951692719238
587722951693303901	587722951693303890	6	0.254407731740036
587722951693303901	587722951693303907	3	0.298261701398972
587722951693303901	587722951693304547	6	0.410886617369504
587722951693303901	587722951693304841	3	0.214483238865186
587722951693303901	587729971795263663	6	0.00331024847562387
587722951693303902	587722951693303896	3	0.286113843578067
587722951693303902	587722951693303908	3	0.373480552765625
587722951693303902	587729971795263658	3	0.049878909879576
587722951693303903	587722951693303905	6	0.220508603767627
587722951693303903	587729971795263667	3	0.222163839183078
587722951693303904	587722951693303908	3	0.412015980095067
587722951693303904	587729971795263653	6	0.238493223284952
587722951693303905	587729971795263667	3	0.00166082666377843
587722951693303906	587722951693303890	6	0.495613386583975
587722951693303906	587722951693303897	3	0.399542039330811
587722951693303906	587729971795263658	3	0.446670766824142
587722951693303907	587722951693303900	3	0.104617553563039
587722951693303907	587729971795263657	3	0.241035466741255
587722951693303907	587729971795264923	3	0.473437056211823
587722951693303908	587722951693303894	3	0.324479885363728
587722951693303908	587722951693304832	3	0.49730737723942
587722951693303908	587729971795263657	3	0.324208597972597
587722951693303908	587729971795264402	3	0.498224213307153
587722951693303909	587722981764694914	3	0.37613310097606
587722951693303910	587722951693304144	6	0.270711478675802
587722951693303910	587722951693304271	6	0.234436900998648
587722951693303910	587722951693305030	6	0.437449972845933
587722951693303910	587729971795264911	6	0.436080915346855
587722951693303913	587722951693304833	6	0.479423773550749
587722951693303913	587722951693305031	6	0.251898768809707
587722951693303914	587729971795263678	6	0.00290769165939347
587722951693303916	587722951693305035	3	0.470495019501885
587722951693303920	587729778527568019	0	0.00114482645285304
587722951693303920	587729971795265022	3	0.300670004210326
587722951693303923	587722951693303925	6	0.0886885500140267
587722951693303923	587722951693303929	3	0.283102222514895
587722951693303924	587722951693303918	6	0.386859720975664
587722951693303924	587729778527568017	6	0.387547761713611
587722951693303924	587729778527568284	6	0.461994500303491
587722951693303925	587722951693303926	6	0.367530304895813
587722951693303925	587722951693303930	3	0.254457896461227
587722951693303926	587729778527568284	6	0.476079789799523
587722951693303927	587729778527568023	6	0.461343903232205
587722951693303927	587729778527568051	3	0.423306305016669
587722951693303929	587722951693303923	6	0.283102222514895
587722951693303929	587722951693303926	6	0.095336726219256
587722951693303929	587729778527568023	6	0.151245910802665
587722951693303930	587729778527568050	3	0.201583367754083
587722951693303933	587729971795263652	6	0.268293470988346
587722951693303933	587729971795263662	6	0.43010194071601
587722951693303933	587729971795263668	6	0.302786177917522
587722951693303933	587729971795263671	6	0.172650245083883
587722951693303933	587729971795265002	6	0.44734532776311
587722951693303934	587729971795264934	6	0.361078648893573
587722951693303936	587722951693303933	6	0.155000049675004
587722951693303939	587722951693304562	3	0.300195789850975
587722951693303939	587729971795263687	6	0.210185336054866
587722951693303939	587729971795264947	3	0.362463672402555
587722951693303940	587722951693303946	3	0.149915426559586
587722951693303940	587729971795264439	3	0.325626970944118
587722951693303941	587722951693304557	6	0.482864667270341
587722951693303941	587729971795263687	6	0.000827205026515283
587722951693303941	587729971795263689	6	0.448875080544169
587722951693303941	587729971795263690	6	0.208815377699098
587722951693303941	587729971795264420	3	0.469608588502889
587722951693303942	587729971795263687	6	0.257737229709196
587722951693303943	587729971795263692	6	0.0919873717308038
587722951693303943	587729971795263696	3	0.418511321784137
587722951693303944	587722951693303942	6	0.412607948688376
587722951693303944	587729971795263686	6	0.10892974089834
587722951693303944	587729971795263695	3	0.171903288962279
587722951693303945	587729971795263687	6	0.451132385128467
587722951693303946	587722951693303945	3	0.201589555673309
587722951693303946	587729971795263690	6	0.441575392180712
587722951693303946	587729971795263692	6	0.201970039460977
587722951693303947	587729971795263692	6	0.428670768112487
587722951693303947	587729971795263693	3	0.27464231681435
587722951693303950	587722951693304387	6	0.343148221659064
587722951693303950	587729778527568067	6	0.155372847425568
587722951693303950	587729778527569166	6	0.480860848586062
587722951693303951	587729778527568816	6	0.380207720108109
587722951693303954	587729778527569359	3	0.284633483375026
587722951693303955	587729778527569359	3	0.45173734332569
587722951693303956	587729778527568448	6	0.41266675747392
587722951693303959	587729778527568462	6	0.210219260723351
587722951693303960	587722951693304290	6	0.284774453901384
587722951693303960	587729778527568108	6	0.130690965732622
587722951693303960	587729778527568463	6	0.322616517592413
587722951693303963	587729971795264075	6	0.317597602571177
587722951693303964	587729971795265007	6	0.402356170386469
587722951693303966	587722951693305073	3	0.367125553583041
587722951693303968	587722981764760779	3	0.180509405052104
587722951693303968	587729971795264759	3	0.418558840129308
587722951693303971	587722951693304889	3	0.396304426078167
587722951693303971	587729778527569199	3	0.325972496570796
587722951693303972	587722951693305076	3	0.411140666519193
587722951693303974	587722951693303993	6	0.392064734680562
587722951693303974	587729971795264483	3	0.43142342224185
587722951693303977	587722951693304644	6	0.389466712098147
587722951693303977	587722951693304645	3	0.427576685264249
587722951693303977	587722951693304894	3	0.292540838032671
587722951693303977	587729971795263743	3	0.294168666199536
587722951693303977	587729971795329029	6	0.000761753798998028
587722951693303977	587729971795329040	3	0.22935827454741
587722951693303978	587722951693303990	3	0.442241063381956
587722951693303978	587729971795263739	6	0.205736311904977
587722951693303978	587729971795264492	6	0.376952238091774
587722951693303979	587722951693303986	3	0.362179342072572
587722951693303979	587722951693304894	3	0.492837617191782
587722951693303979	587729971795263743	3	0.364513705619513
587722951693303979	587729971795263744	3	0.48344646272946
587722951693303979	587729971795263746	3	0.335182603870611
587722951693303979	587729971795264498	3	0.456491106329776
587722951693303980	587722951693303979	6	0.11183688764026
587722951693303980	587722951693304879	6	0.349798346028375
587722951693303980	587722951693304883	3	0.43572950518054
587722951693303980	587729778527568122	6	0.203605990597842
587722951693303980	587729971795263738	6	0.111427984699721
587722951693303980	587729971795264492	6	0.217053957215624
587722951693303981	587722951693304646	3	0.160054320145695
587722951693303981	587722951693305087	6	0.355305373577749
587722951693303981	587729971795263745	3	0.439765866935024
587722951693303981	587729971795329031	3	0.208699878717562
587722951693303981	587729971795329751	6	0.345161477426075
587722951693303982	587722951693303988	6	0.170200940098313
587722951693303982	587729971795263743	3	0.130491252440381
587722951693303982	587729971795329031	3	0.29731582857433
587722951693303983	587722951693303986	3	0.493521516392063
587722951693303983	587729971795263743	3	0.495285532563744
587722951693303984	587722951693303987	3	0.226807945312536
587722951693303984	587722951693304894	3	0.485240884593928
587722951693303984	587729971795263741	3	0.275035282060911
587722951693303984	587729971795329751	6	0.358383407695676
587722951693303985	587722951693303978	6	0.107563564171644
587722951693303985	587722951693303983	3	0.461208323639061
587722951693303985	587729971795263739	6	0.205460320154607
587722951693303985	587729971795329029	6	0.473090589271306
587722951693303986	587729971795263745	3	0.423494586401278
587722951693303986	587729971795263748	3	0.228705771700371
587722951693303986	587729971795329040	3	0.328272341920574
587722951693303987	587722951693303991	3	0.262149678063248
587722951693303987	587729778527568910	6	0.428201991448601
587722951693303987	587729971795329042	3	0.417723695593565
587722951693303987	587729971795330419	6	0.256915650542666
587722951693303988	587729778527568139	0	0.30225523178
587722951693303988	587729971795263748	3	0.108121857962212
587722951693303989	587722951693304647	3	0.444595891501465
587722951693303989	587729971795263748	3	0.362793575460188
587722951693303989	587729971795329032	6	0.474128057792069
587722951693303989	587729971795329037	3	0.370565505875071
587722951693303989	587729971795330417	3	0.44385302948595
587722951693303990	587722951693303977	6	0.263724766812062
587722951693303990	587722951693303978	6	0.442241063381956
587722951693303990	587722951693303987	3	0.373956453724052
587722951693303990	587722951693303988	6	0.366215136359353
587722951693303990	587729971795329044	3	0.220352437688765
587722951693303991	587729971795329035	3	0.157183368973797
587722951693303998	587729778527568132	6	0.0936699448162592
587722951693303998	587729778527568886	3	0.407015108084377
587722951693303999	587722951693304626	3	0.220764820028071
587722951693304002	587729778527568137	6	0.102463430918427
587722951693304002	587729778527568341	6	0.171041127176599
587722951693304002	587729778527569223	3	0.295964478372068
587722951693304005	587722951693304915	6	0.192294596332678
587722951693304007	587722951693304409	6	0.467595171155205
587722951693304007	587722981764760051	6	0.467934125965165
587722951693304011	587722951693369910	6	0.188819645763393
587722951693304028	587722951961674995	6	0.35662777083749
587722951693304030	587729778527568531	6	0.386000259261426
587722951693304032	587722951961675122	6	0.255621894807872
587722951693304033	587722951693303822	3	0.456253920794407
587722951693304033	587729971795264243	6	0.341978219429064
587722951693304034	587722951693304037	0	0.177075973592085
587722951693304034	587729971795264253	3	0.216126994712804
587722951693304034	587729971795264575	3	0.479548918377428
587722951693304035	587722951693304433	3	0.273087599433735
587722951693304035	587729971795264114	6	0.356186033031065