564.3448	562.7115	-0.8788142	0.47488975
1852.485	1850.673	-0.87894608	0.47488125
731.1678	729.9003	-0.8788385	0.47487606
512.8141	511.2067	-0.87889288	0.47473402
676.3752	676.2983	-0.82374666	0.56682769
1960.492	1959.871	-0.82394874	0.56647564
1718.552	1719.962	-0.82395933	0.56647196
476.3435	476.0659	-0.82434865	0.56595997
1157.324	1156.548	-0.82443978	0.56579852
1752.353	1751.612	-0.82328068	0.56745629
1864.049	1863.291	-0.82332491	0.5673867
430.8495	430.862	-0.82335948	0.56739986
1214.695	1214.304	-0.82357789	0.5670498
1306.901	1306.502	-0.82369031	0.56688233
1215.358	1215.08	-0.82371821	0.5668459
1029.781	1029.562	-0.82403764	0.56638963
1050.321	1049.874	-0.82426299	0.56606074
1713.409	1712.664	-0.82428868	0.56599295
1088.656	1088.222	-0.82433969	0.56594735
585.4363	585.343	-0.82439319	0.56589068
162.0871	162.2015	-0.8244993	0.5657527
1704.268	1703.432	-0.8244741	0.56572326
797.0395	796.842	-0.82422276	0.56613015
1768.924	1768.112	-0.8243588	0.56588814
417.3038	417.263	-0.82459336	0.56560571
1629.229	1628.592	-0.82395216	0.56648674
1657.397	1656.837	-0.82334917	0.56736146
676.4638	676.4442	-0.82352341	0.56715204
553.2131	552.7484	-0.82468369	0.56546858
437.4459	437.1319	-0.82463579	0.56554306
571.7976	571.4018	-0.82463497	0.56553888
743.869	743.9527	-0.82472203	0.5654048
183.6434	183.686	-0.8249558	0.56508613
158.8834	158.818	-0.82495885	0.56508252
1547.632	1547.129	-0.82511819	0.56479087
360.3362	360.1025	-0.82540763	0.56441903
1099.006	1098.472	-0.82589857	0.56366954
293.2006	293.1617	-0.82511104	0.56485513
1419.163	1418.566	-0.82533388	0.56448162
1605.72	1604.984	-0.82557327	0.56412272
323.9058	323.9005	-0.82511753	0.56484446
1225.193	1225.513	-0.82465051	0.56548827
895.2988	895.5642	-0.82466905	0.56547568
1422.428	1422.04	-0.82466334	0.56546062
852.2936	852.4417	-0.82498187	0.56502104
966.2155	965.8181	-0.82507162	0.56488511
1294.642	1293.925	-0.82510249	0.56482549
1640.308	1638.814	-0.82515215	0.56473691
1852.239	1851.65	-0.82516533	0.56470737
1560.096	1557.456	-0.82528463	0.56454714
1363.457	1363.489	-0.82532002	0.56450442
510.7974	509.8753	-0.82542232	0.56439159
296.943	296.6842	-0.8255766	0.56417432
300.5111	300.1313	-0.82560131	0.56413802
1634.315	1632.824	-0.8256931	0.563946
1432.98	1432.364	-0.82574553	0.56387865
1886.545	1885.742	-0.82590061	0.56362978
496.9767	496.2783	-0.82595188	0.56361686
409.196	408.864	-0.82602616	0.5635115
1087.645	1087.294	-0.82482282	0.56524304
160.7079	160.7809	-0.82488984	0.56518319
1237.698	1237.157	-0.82500442	0.56497129
1825.807	1823.413	-0.82507308	0.56484352
1105.128	1104.715	-0.82512675	0.56479851
1222.723	1222.224	-0.82513812	0.56477669
940.7321	940.4031	-0.82516107	0.56475554
1133.651	1133.225	-0.82527496	0.56458067
278.0291	277.9569	-0.82545092	0.56435892
763.6456	763.3629	-0.82544255	0.56435157
1273.876	1273.337	-0.82543712	0.56433729
876.9453	876.5851	-0.82547682	0.56429667
1247.899	1247.351	-0.82548234	0.56427231
1492.006	1491.402	-0.82548986	0.56425011
167.8758	167.7549	-0.82562746	0.56410486
516.6708	516.4211	-0.8257052	0.56397739
1805.67	1804.85	-0.82576327	0.56383494
1053.712	1053.213	-0.82580487	0.56380884
484.0843	483.8582	-0.82585013	0.56376645
145.4898	145.3477	-0.82602316	0.56352612
1504.173	1503.606	-0.82473692	0.56534952
668.667	668.411	-0.82543558	0.56436572
1442.606	1442.012	-0.82543049	0.56433927
1752.045	1751.229	-0.82581977	0.56375479
1250.807	1250.266	-0.82590086	0.56365944
1489.132	1488.469	-0.82593566	0.5635975
1377.05	1376.435	-0.82604736	0.56343897
765.0714	764.8338	-0.82475283	0.565359
765.1472	764.8076	-0.82591891	0.56365415
917.4327	918.8184	-0.8255371	0.56420673
1703.588	1704.693	-0.82621522	0.56317728
1713.712	1712.97	-0.82632832	0.56301105
529.6957	529.0803	-0.82694518	0.56215716
563.5659	563.5831	-0.82742234	0.5614532
828.6567	829.3661	-0.82676861	0.56240434
1850.167	1849.452	-0.82750622	0.56127162
1903.031	1902.263	-0.8269277	0.56212099
704.5131	704.4612	-0.82721673	0.56175028
1115.847	1115.35	-0.82743273	0.56141437
290.4295	290.3087	-0.82618226	0.56328721
292.3704	292.282	-0.82636426	0.56302018
926.3134	926.0454	-0.82670224	0.56249777
96.95129	97.64815	-0.82615303	0.56333752
404.5739	403.5411	-0.82630488	0.56310293
920.7012	920.6501	-0.82635741	0.56300446
340.4612	340.4544	-0.82637058	0.563009
995.5952	994.9052	-0.82641062	0.56292314
1147.564	1147.374	-0.82725364	0.5616768
1667.149	1666.901	-0.82727564	0.5616203
1250.478	1250.18	-0.82735834	0.56151794
725.1461	725.1555	-0.82739944	0.56148026
216.9173	218.3765	-0.82740728	0.56148909
223.9448	224.0287	-0.82743704	0.56144503
956.0504	955.9163	-0.82748909	0.56133829
402.4929	402.2711	-0.8262571	0.56317308
1175.757	1175.298	-0.82625804	0.56313911
448.5549	448.1626	-0.82645574	0.56287972
1814.17	1813.411	-0.82654526	0.56268756
1097.966	1097.593	-0.82662891	0.56259802
1217.706	1217.315	-0.82670631	0.56247894
1271.797	1271.334	-0.82689105	0.56220488
170.3804	170.488	-0.82698247	0.56211642
437.0188	436.8355	-0.82698365	0.56210428
1880.739	1880.001	-0.82700407	0.56200974
842.2435	842.058	-0.8270648	0.56196814
467.4167	467.364	-0.82707785	0.56196444
780.8176	780.6789	-0.82710582	0.56191036
457.5294	457.5769	-0.8271402	0.56187306
1358.051	1357.581	-0.82719706	0.56175058
657.4341	657.1351	-0.8261607	0.56330418
1291.025	1290.609	-0.82688027	0.56221986
1460.626	1460.136	-0.8269102	0.56216798
367.725	367.7665	-0.82728069	0.56166976
815.5023	815.3702	-0.82740092	0.56147427
1781.234	1780.418	-0.82617892	0.56322687
765.0062	764.7278	-0.82650594	0.56279304
881.7527	881.4786	-0.82677061	0.56239918
1020.683	1020.399	-0.82700545	0.56204778
720.7849	721.1063	-0.82806177	0.56050318
326.8083	327.1676	-0.82828207	0.56019361
664.5384	664.96	-0.82837779	0.56003838
945.2569	945.3315	-0.82865613	0.55961452
453.9249	454.3911	-0.82835732	0.56007728
1879.038	1879.247	-0.82866243	0.55956172
1865.281	1864.882	-0.82788963	0.56070516
306.6306	306.4641	-0.82846362	0.5599259
121.1175	122.2446	-0.82890086	0.55928554
540.4954	541.207	-0.82756178	0.56124857
843.7681	843.7272	-0.82768878	0.56104864
509.4559	509.7966	-0.82777575	0.56093422
1718.355	1718.904	-0.8281754	0.56029015
1500.015	1499.916	-0.82818611	0.56028479
1112.908	1112.982	-0.82826926	0.56017959
71.08028	71.88647	-0.82834425	0.5601115
1189.75	1190.668	-0.82840667	0.55997288
1472.809	1471.608	-0.82861883	0.55964596
612.4542	612.7496	-0.82864993	0.5596378
1086.505	1086.614	-0.82875978	0.55945481
1675.844	1676.252	-0.82877866	0.5593995
1039.703	1039.978	-0.82883441	0.5593463
800.4732	800.1392	-0.8289273	0.55921903
330.4304	330.7453	-0.82766407	0.56110614
689.157	689.2509	-0.82766546	0.56108957
1770.864	1770.34	-0.827748	0.56091887
1238.724	1238.657	-0.82780268	0.5608632
1024.715	1024.786	-0.82791152	0.56071207
1334.386	1334.265	-0.82795949	0.56062732
519.5069	519.6859	-0.82800366	0.56059735
1430.408	1431.732	-0.82800395	0.56055714
1796.919	1796.468	-0.82811137	0.560381
1036.225	1036.295	-0.82813661	0.56037906
1769.684	1769.333	-0.82813872	0.5603419
1627.376	1623.849	-0.8281422	0.56034381
401.1007	401.6038	-0.82836025	0.56007504
1902.693	1902.379	-0.82842977	0.55990496
1265.26	1265.346	-0.82867288	0.55957547
1965.647	1965.156	-0.8287573	0.55941691
1563.363	1563.358	-0.82884462	0.55930718
214.5922	215.4198	-0.82887839	0.55931527
1575.424	1575.42	-0.82887552	0.55926081
160.409	161.161	-0.8289364	0.55923139
1488.767	1488.449	-0.82757849	0.56118244
460.4323	460.8518	-0.82820814	0.56029759
1248.21	1248.308	-0.8285402	0.55977269
1176.392	1176.576	-0.82870359	0.55953401
123.4181	124.6205	-0.82867335	0.55962251
680.9354	680.6656	-0.82823716	0.56024569
1017.277	1017.447	-0.82928026	0.55868607
971.4401	971.6896	-0.82925201	0.55873001
330.7214	331.1187	-0.82915672	0.55889805
376.2906	377.1339	-0.82923228	0.55878411
1918.54	1918.791	-0.82993917	0.55766434
630.8133	631.3374	-0.83016041	0.55739395
1472.979	1472.787	-0.83027554	0.5571851
679.5292	679.7289	-0.83032296	0.55714976
1326.53	1329.07	-0.82907637	0.55897457
341.5422	340.4942	-0.82988698	0.55781277
1234.263	1234.227	-0.83019602	0.55731465
860.4542	860.4396	-0.83040374	0.55702166
1775.159	1774.696	-0.83038885	0.55700167
396.7355	397.2043	-0.82980136	0.55793787
1624.308	1624.142	-0.82999744	0.55759207
1448.499	1449.439	-0.82922397	0.55874998
581.7446	582.1236	-0.82959101	0.55824309
958.4998	958.6669	-0.82999364	0.55762829
170.4777	171.1082	-0.82959149	0.55825875
1818.79	1818.444	-0.82960876	0.55816073
1147.258	1147.332	-0.82976901	0.55795414
290.7032	291.9709	-0.82985632	0.5578603
436.5799	436.8515	-0.82988708	0.55780877
358.6748	359.2541	-0.8299214	0.55776082
1309.296	1308.582	-0.82994569	0.55768396
1593.06	1592.817	-0.83005083	0.5575141
1201.74	1202.075	-0.83009261	0.55747011
1779.471	1779.189	-0.83012582	0.55739338
1331.539	1332.664	-0.8301859	0.55732519
744.7465	744.9769	-0.83023722	0.55727476
155.8175	156.1768	-0.83030241	0.55720141
545.9453	546.3798	-0.83036616	0.5570909
1771.868	1771.701	-0.82906123	0.55897598
1516.897	1516.972	-0.82912319	0.55889634
1147.333	1149.325	-0.8291504	0.55887291
1269.31	1269.378	-0.82927783	0.55867838
1848.236	1848.051	-0.82927373	0.55865692
475.391	475.981	-0.82934917	0.55860664
734.5564	734.8613	-0.82943243	0.55847232
907.7745	907.9321	-0.82955745	0.55827919
1767.986	1767.688	-0.82954889	0.55825221
1190.549	1190.621	-0.82957761	0.55823672
353.9374	354.5905	-0.82959587	0.55824506
1721.7	1721.448	-0.82967465	0.55806755
524.3212	524.6843	-0.82995405	0.55770556
470.6873	470.704	-0.82996736	0.55768795
858.162	858.29	-0.82996288	0.55767842
587.3645	587.6741	-0.83000847	0.55762198
1475.622	1475.583	-0.82940993	0.55847268
605.4868	606.1193	-0.82955902	0.55828963
66.12102	66.7943	-0.82979903	0.55795419
738.7385	738.9583	-0.83004375	0.55756314
1625.133	1624.886	-0.83003816	0.55753143
1909.612	1909.139	-0.83005197	0.55749691
1569.297	1569.036	-0.83033056	0.55709854
1266.768	1266.764	-0.82986867	0.55780049
1056.227	1055.927	-0.8290452	0.55903309
829.687	829.4826	-0.82940404	0.55851046
1166.684	1167.561	-0.83040321	0.5570089
486.55	486.4112	-0.83052352	0.55685871
1569.593	1569.225	-0.83065998	0.55660722
1212.487	1211.841	-0.83127125	0.5557106
1197.91	1196.534	-0.83129564	0.55567481
864.7028	864.2984	-0.83147177	0.55542598
1174.518	1174.367	-0.83183419	0.55486931
1169.975	1169.455	-0.83172364	0.55503522
1187.239	1186.582	-0.83176771	0.5549684
1602.847	1602.216	-0.8316897	0.55506584
711.5322	711.6608	-0.83070107	0.55658449
721.9082	721.9586	-0.83069722	0.5565898
1776.632	1776.025	-0.8307425	0.55647401
1436.782	1436.982	-0.83078087	0.55643305
717.7578	717.7676	-0.8305083	0.55687184
702.3608	702.5524	-0.83064632	0.55666658
1752.669	1752.266	-0.83064614	0.55661901
1469.178	1468.802	-0.83067728	0.55658618
1746.057	1745.354	-0.83070885	0.55652575
895.8975	895.9465	-0.83077377	0.55646809
1080.964	1081.054	-0.83079954	0.55642146
831.8766	831.6044	-0.83084233	0.5563685
402.9257	402.9907	-0.83085888	0.55636159
508.2123	508.1207	-0.8309829	0.55617209
1010.395	1010.192	-0.83106021	0.5560352
1016.834	1015.764	-0.83116995	0.55587091
169.653	169.9704	-0.83128363	0.55573595
1326.058	1325.738	-0.83132522	0.55562463
83.65736	84.03435	-0.8304812	0.55693765
596.8395	596.9062	-0.83055288	0.5568104
1177.711	1177.497	-0.83056013	0.55677444
599.3163	599.3775	-0.83064816	0.55666815
631.2885	631.3106	-0.83067962	0.55661986
982.6671	982.0499	-0.83077355	0.55646465
721.4874	721.4489	-0.83083955	0.55637734
1868.601	1868.032	-0.83082674	0.55634368
426.811	426.9206	-0.83085482	0.5563667
999.9632	999.788	-0.83090861	0.55626219
557.368	557.1976	-0.83122562	0.55580725
1047.337	1047.087	-0.83124279	0.5557606
402.6148	402.575	-0.83148436	0.5554264
1265.175	1264.803	-0.83154135	0.55530393
212.4695	212.4791	-0.8316279	0.55521898
973.9165	973.613	-0.83167948	0.55511014
453.7297	453.6161	-0.8318898	0.55481691
1871.189	1870.327	-0.83186296	0.55479297
346.5309	346.6799	-0.83087374	0.55634165
990.3423	990.1279	-0.8311484	0.55590426
389.2786	389.3335	-0.83122043	0.55582184
1871.413	1870.672	-0.83125328	0.55570603
1027.575	1027.281	-0.83146196	0.55543353
220.4557	220.5375	-0.83159552	0.55526716
1786.856	1786.058	-0.83186723	0.55479077
1575.785	1575.129	-0.83188402	0.55477588
1838.446	1837.67	-0.83156035	0.55524808
1687.001	1685.323	-0.83104377	0.55602844
1868.212	1867.398	-0.8316256	0.55514886
308.5782	308.6617	-0.83224227	0.55429387
258.294	259.063	-0.83227853	0.55424138
249.6564	250.3425	-0.83227354	0.55424923
1831.541	1830.876	-0.833301	0.55263266
1839.254	1838.502	-0.83326254	0.55269027
107.4587	106.4	-0.83327646	0.55274585
296.4834	296.5638	-0.83262444	0.55372012
788.7096	788.4196	-0.83203391	0.5545868
459.0879	458.5305	-0.83205951	0.55456216
379.9351	380.3239	-0.83226474	0.55425728
595.4641	595.3386	-0.8327777	0.55347745
1050.326	1050.6	-0.83333831	0.55261334
466.7978	466.7969	-0.83200639	0.55464152
298.4376	298.5653	-0.83205637	0.55457328
475.0374	475.0216	-0.83218995	0.55436573
112.6485	112.8361	-0.83245357	0.55398412
1905.223	1904.29	-0.83259108	0.55369797
626.6202	626.587	-0.83272091	0.55356158
970.3624	970.0793	-0.83272835	0.55353563
1034.369	1034.129	-0.83277052	0.55346934
916.9973	916.8042	-0.83280644	0.55342047
948.6733	948.4686	-0.8328296	0.55338422
425.8347	425.909	-0.83299329	0.55315988
382.2682	382.3861	-0.83303783	0.55309457
1560.99	1560.454	-0.83308563	0.55297054
1321.498	1321.146	-0.83332606	0.55261946
1185.1	1184.739	-0.83239761	0.55402325
901.419	901.2076	-0.8327002	0.55358099
656.8697	656.7874	-0.83292612	0.55325149
1799.275	1798.551	-0.83302521	0.55304991
334.9077	335.016	-0.83313717	0.55294682
437.8915	437.9387	-0.83317655	0.55288334
141.0801	141.3251	-0.8332015	0.55285749
291.3563	291.4954	-0.83320168	0.55285134
259.4723	259.6334	-0.83321977	0.55282533
1555.468	1554.931	-0.83326483	0.55270072
1617.302	1616.704	-0.83278583	0.55341922
1769.747	1769.247	-0.83203765	0.55453598
869.353	870.3978	-0.83234525	0.55411588
121.2867	121.5076	-0.83224789	0.55429276
1867.679	1866.689	-0.83337674	0.55251686
1548.316	1548.016	-0.83358449	0.55221884
1491.215	1490.713	-0.83390897	0.55173147
595.1424	594.683	-0.83429896	0.55118169
632.1305	632.0771	-0.83428279	0.55120459
231.6992	229.764	-0.83447141	0.55093539
682.7521	683.383	-0.83460243	0.55071834
415.0449	415.2205	-0.8345256	0.55084588
291.6545	291.8047	-0.83408929	0.55151127
1030.245	1029.991	-0.83338353	0.55254606
332.2795	332.7022	-0.83358434	0.55227256
1536.039	1535.803	-0.8336197	0.55216627
932.5728	932.0157	-0.83414797	0.5513957
1668.128	1667.205	-0.83419275	0.55129377
80.46349	82.06097	-0.83425637	0.5512667
765.9106	765.6033	-0.83429526	0.55118006
1922.688	1922.401	-0.83426665	0.5511692
795.6741	795.798	-0.83433469	0.55111907
1709.049	1708.38	-0.83442111	0.55094605
1177.321	1176.993	-0.83476479	0.55045045
180.5503	179.9046	-0.83480057	0.55043847
1643.447	1642.831	-0.83335218	0.55256476
1489.267	1486.738	-0.83343358	0.5524495
1606.128	1605.557	-0.83359319	0.55220292
322.7845	322.8592	-0.83365921	0.55215993
829.5651	829.3724	-0.83371942	0.55204794
246.9485	247.0698	-0.83375312	0.55202113
855.5688	855.4418	-0.83375837	0.55198798
122.0601	122.3136	-0.83379004	0.55197022
383.8437	383.9753	-0.83380159	0.55194244
557.6181	557.6664	-0.83387655	0.55182209
1811.553	1810.887	-0.83392995	0.55168411
1519.877	1519.342	-0.83394374	0.55167754
1746.173	1745.487	-0.83397671	0.55161667
1956.966	1956.102	-0.83402034	0.55154014
951.7036	951.6067	-0.83417056	0.55136066
1139.76	1139.456	-0.83420521	0.55129979
143.8995	144.174	-0.83437468	0.55108522
1374.9	1374.476	-0.83444981	0.55091866
975.0745	974.8985	-0.83452381	0.55082482
952.1848	953.8612	-0.83462178	0.55067729
1651.532	1650.879	-0.83462457	0.5506406
1869.675	1868.966	-0.83464153	0.55060406
1000.393	1000.139	-0.83356831	0.5522686
1799.536	1798.785	-0.83387479	0.55176809
354.9739	355.0808	-0.83401969	0.55161399
526.3342	526.3362	-0.83402505	0.55159891
516.4631	516.4708	-0.83402106	0.55160537
664.1241	664.0509	-0.83411194	0.55146177
1005.182	1004.934	-0.83416348	0.55136901
1169.983	1169.645	-0.83382125	0.55187901
1627.93	1627.307	-0.83341338	0.55247329
580.6805	581.1683	-0.83530231	0.54966053
1512.643	1512.645	-0.83561907	0.54913695
1009.398	1009.205	-0.83619054	0.54828977
1024.882	1024.728	-0.83618245	0.54830141
1540.498	1540.072	-0.83618694	0.54827053
797.5635	797.4562	-0.83597314	0.54863052
186.8693	187.3358	-0.83619519	0.54831723
1449.203	1448.321	-0.83486347	0.55028809
582.7375	583.28	-0.83488026	0.55030128
1635.298	1634.694	-0.83517861	0.54980069
1504.14	1502.655	-0.8353606	0.54953054
212.4791	212.446	-0.83542346	0.54949135
1488.97	1487.869	-0.8354055	0.54946299
255.0279	255.9897	-0.83545411	0.54944303
1367.682	1366.896	-0.83544294	0.54941182
720.5917	720.5002	-0.83548764	0.54937289
92.45219	92.28595	-0.83557809	0.54926086
878.5277	880.9428	-0.83561739	0.54916856
89.03522	89.23313	-0.83567947	0.54910673
1335.643	1335.154	-0.8356568	0.54908797
1877.171	1875.567	-0.83587704	0.54872628
819.2424	819.174	-0.83587268	0.54878262
430.4179	430.5879	-0.83589177	0.54876993
650.84	650.4718	-0.83589944	0.5487491
490.2155	490.1346	-0.83598566	0.54862444
1398.223	1399.124	-0.83600497	0.5485547
1379.326	1379.089	-0.83603956	0.54850294
162.8339	162.9376	-0.83606351	0.54851896
956.1258	956.1388	-0.83612229	0.54839622
1829.607	1829.43	-0.8361474	0.54831654
1327.167	1327.204	-0.83617361	0.548301
1625.649	1625.217	-0.83507817	0.54995371
390.3224	390.4746	-0.83514938	0.54990071
910.0399	909.9106	-0.83559521	0.54920103
189.606	189.8244	-0.83572422	0.54903469
1856.254	1853.698	-0.83564602	0.54907911
1720.092	1719.56	-0.83581496	0.54882864
180.1622	180.418	-0.83586981	0.5488134
702.1151	702.0789	-0.83585906	0.54880841
228.3136	228.5342	-0.8359825	0.54863982
454.2368	454.3236	-0.83612958	0.54840654
521.812	521.8184	-0.83621311	0.54827639
250.549	250.7153	-0.83623997	0.54824644
1632.627	1632.149	-0.83490829	0.55021123
208.496	208.7625	-0.8350521	0.55005568
977.8403	977.6926	-0.83523196	0.54975032
1287.039	1286.716	-0.83574164	0.54896109
600.3969	600.3885	-0.83588955	0.54876628
291.1982	291.1998	-0.83598511	0.54863336
732.3702	732.9288	-0.8366927	0.54753531
731.6292	730.9298	-0.83666232	0.54758182
927.7505	927.8436	-0.8368588	0.54727291
945.0831	944.2298	-0.83693151	0.54716098
1461.687	1460.561	-0.83740671	0.54640955
533.8019	534.2805	-0.83756126	0.5462142
480.1897	481.4517	-0.83745021	0.54638664
415.7924	416.5193	-0.83743778	0.54640837
290.1138	290.2785	-0.83641356	0.54798001
1132.929	1132.538	-0.83706233	0.54695233
1517.641	1517.94	-0.83710439	0.54686982
1540.141	1539.686	-0.83713179	0.54682684
1513.605	1511.841	-0.83720365	0.54671816
1530.99	1530.267	-0.83752721	0.54622146
817.1038	816.5157	-0.83713462	0.54685581
1225.671	1225.505	-0.8371427	0.54682503
1753.174	1752.912	-0.83638825	0.54795293
1526.54	1526.005	-0.83655618	0.54770767
1173.187	1172.982	-0.83668296	0.54753063
153.2058	152.7042	-0.83672713	0.54750653
1083.131	1082.994	-0.83697482	0.54708848
1044.813	1044.692	-0.83713689	0.5468422
1202.031	1201.771	-0.83718081	0.54676779
1971.703	1970.963	-0.83725063	0.5466233
531.0706	528.5441	-0.83733968	0.54655406
1847.365	1846.851	-0.83736776	0.54645019
1853.476	1852.73	-0.83622243	0.54820095
965.6452	966.2131	-0.83642228	0.54793812
1122.252	1121.99	-0.83675827	0.54741786
1519.921	1519.547	-0.83686858	0.54723053
323.2351	323.53	-0.83713666	0.54687336
841.8343	841.8152	-0.83718786	0.54677319
1501.692	1501.338	-0.83723098	0.5466768
879.7899	879.7791	-0.83731943	0.54657001
1294.69	1294.484	-0.83734093	0.54651822
596.9203	597.0383	-0.8374118	0.54644068
1574.619	1574.063	-0.83633926	0.54803652
1451.205	1450.734	-0.83638554	0.54797183
1608.309	1607.743	-0.83644368	0.54787549
1116.182	1115.921	-0.83657916	0.54769182
573.1783	573.1942	-0.8365969	0.54768845
1355.835	1355.481	-0.83686828	0.54723883
1014.76	1014.619	-0.83714692	0.5468282
1226.564	1226.323	-0.83721106	0.54672033
248.537	248.8782	-0.8376039	0.54616046
269.43	269.2552	-0.83648551	0.547871
737.4788	736.743	-0.83661836	0.54764874
576.9676	576.7756	-0.83767926	0.54603143
720.4696	720.5684	-0.83769013	0.54600864
647.5676	647.8614	-0.83790732	0.5456784
517.3893	516.9264	-0.83814514	0.54531856
648.8244	648.6105	-0.83838507	0.54494406
134.8424	135.4104	-0.8383949	0.54494989
91.69716	92.30151	-0.83837302	0.54498533
1176.434	1178.082	-0.83900489	0.54396572
91.84267	92.39451	-0.83770403	0.54601302
1067.822	1067.787	-0.83842046	0.54487114
567.952	568.2704	-0.83882196	0.54427473
1299.03	1298.972	-0.8388334	0.54422449
1233.308	1233.039	-0.83769691	0.5459753
992.7808	992.7712	-0.8384271	0.54486432
658.0344	658.2496	-0.83811103	0.54536503
946.8589	946.9916	-0.83833352	0.54501034
289.9982	290.4466	-0.83838047	0.54496598
539.9308	539.6455	-0.83874417	0.5443958
1689.625	1689.228	-0.83780629	0.54578552
1632.433	1632.657	-0.83788884	0.54566158
1615.913	1615.112	-0.83794037	0.54558329
1583.014	1582.557	-0.83797981	0.54552432
546.2734	545.4987	-0.8381804	0.54526316
1727.331	1725.452	-0.83822642	0.54513824
1589.303	1588.782	-0.83832415	0.54499471
466.0269	466.731	-0.83835389	0.54499967
815.7128	816.5562	-0.83834979	0.54499108
534.7985	535.182	-0.83837245	0.54496826
1876.16	1876	-0.83840376	0.54485787
1107.435	1107.032	-0.8384582	0.54481128
1856.236	1854.133	-0.83845563	0.54477916
1788.268	1788.234	-0.83849607	0.54472025
700.2875	700.6619	-0.83854077	0.54470221
793.4166	793.9829	-0.83855656	0.54467386
1385.374	1385.15	-0.83858527	0.54460268
930.7729	931.2309	-0.83861444	0.54457868
605.6666	605.847	-0.83863218	0.54456552
851.146	850.7253	-0.83872397	0.54441355
1126.697	1126.923	-0.83893666	0.54407331
632.0911	632.6488	-0.8389552	0.5440666
810.3842	810.4747	-0.8389926	0.54400124
1856.056	1855.569	-0.83905473	0.54385591
1850.614	1850.185	-0.83767606	0.5459773
1638.108	1637.811	-0.83775242	0.54587074
373.3195	373.7955	-0.83782257	0.54581992
1382.028	1381.978	-0.83785562	0.54572471
689.0539	689.8206	-0.83793238	0.54563812
1889.594	1889.062	-0.83801635	0.54545286
1478.838	1478.678	-0.83816371	0.54524678
416.6375	416.9879	-0.83819585	0.54524475
618.4535	618.7497	-0.8382164	0.54520474
1055.327	1055.362	-0.838295	0.5450647
1232.689	1232.636	-0.83830062	0.54504791
1796.395	1795.963	-0.8383225	0.54498695
1761.64	1761.282	-0.83837132	0.54491358
1895.454	1894.925	-0.83853657	0.54465249
556.5707	557.0334	-0.83857657	0.5446532
1323.338	1323.129	-0.83878683	0.54429514
1042.016	1042.225	-0.83884314	0.54422135
251.758	252.2582	-0.83907089	0.54390388
941.5917	941.676	-0.83907082	0.54387478
1723.437	1722.999	-0.83781352	0.54577273
797.9993	798.1367	-0.83803031	0.54548301
1213.032	1212.94	-0.83810186	0.54535441
1908.355	1907.748	-0.83828632	0.54503691
263.0122	263.4808	-0.83833197	0.54504167
1089.542	1089.514	-0.8386712	0.54448413
337.5646	337.9762	-0.83872966	0.54442648
1018.139	1018.148	-0.83901249	0.54396132
548.623	548.8983	-0.83864666	0.54454562
1620.699	1620.335	-0.8386683	0.54446344
1704.17	1703.738	-0.83894256	0.54403672
1273.574	1273.097	-0.83983064	0.54268561
1053.513	1053.728	-0.83992974	0.54254231
707.6817	707.4905	-0.84020414	0.54213265
972.1097	971.6912	-0.84038577	0.54183938
1509.453	1508.872	-0.83935528	0.5434092
1784.368	1783.537	-0.83959777	0.54302086
1002.954	1002.605	-0.84012064	0.54224898
325.3194	325.2804	-0.8403692	0.54189278
1245.712	1245.361	-0.83908699	0.54383594
1852.128	1850.266	-0.83916152	0.54369139
1267.516	1266.573	-0.83923749	0.54360267
1506.524	1506.54	-0.83923011	0.54360261
1795.739	1796.367	-0.83923696	0.54357767
1472.432	1471.936	-0.8393798	0.54337312
1000.536	1000.349	-0.83941459	0.54334142
779.8304	780.0555	-0.83949539	0.54322634
1568.435	1567.682	-0.83960413	0.54302177
182.75	182.8236	-0.83966427	0.54299015
978.4266	978.5687	-0.83971041	0.5428851
1885.301	1884.97	-0.83973657	0.54280102
1375.589	1375.522	-0.83980259	0.54272409
1806.647	1806.853	-0.83981979	0.54267624
181.179	181.2366	-0.83989757	0.54262928
1143.046	1142.16	-0.84035509	0.54187918
1347.473	1346.694	-0.84047044	0.54169064
918.797	918.647	-0.83928488	0.54354542
1461.356	1460.811	-0.83969204	0.54289102
330.4663	330.4896	-0.84011325	0.5422893
1485.978	1485.311	-0.84031146	0.54193056
1463.944	1463.237	-0.8404331	0.54174298
1468.601	1467.643	-0.84042385	0.54175711
1808.763	1808.013	-0.83929262	0.54349114
1073.103	1072.822	-0.83940725	0.54334948
1407.803	1407.328	-0.83941185	0.54332672
827.6199	827.4026	-0.83975187	0.54282771
129.0343	129.2415	-0.83986658	0.5426793
1199.722	1199.252	-0.84001421	0.5424048
415.396	415.9204	-0.84068861	0.54139341
359.1375	359.1316	-0.84067585	0.54141555
1437.734	1437.19	-0.84079955	0.54117532
1734.563	1732.79	-0.84175321	0.53967617
1318.986	1318.703	-0.84107654	0.54075041
163.4856	164.0523	-0.84125589	0.54052172
155.9872	156.3236	-0.84126641	0.54050566
1838.763	1838.009	-0.84171094	0.53973675
292.8994	292.9182	-0.84130657	0.54043766
1173.84	1173.072	-0.8405799	0.54152894
1938.418	1937.575	-0.84056728	0.541511
1197.913	1197.607	-0.84058729	0.54151632
688.7102	686.9542	-0.84074356	0.54129661
1164.643	1163.69	-0.84090313	0.54102731
1152.925	1152.898	-0.84090532	0.54102442
971.2121	969.6021	-0.84110984	0.54071479
352.7658	352.6211	-0.84113718	0.54069882
1397.408	1396.952	-0.84120441	0.54054774
1389.397	1388.694	-0.84123882	0.54049458
1901.882	1903.458	-0.84131468	0.54035085
1178.383	1179.207	-0.84133271	0.54035833
1629.752	1628.774	-0.841456	0.54014466
1634.259	1631.334	-0.84146927	0.54012387
898.0499	897.4919	-0.84165211	0.53987357
889.6838	889.7515	-0.84169497	0.5398071
1450.84	1450.275	-0.84057608	0.54152172
1838.32	1837.559	-0.84062179	0.54143152
1363.638	1363.106	-0.8409031	0.54101796
1353.358	1352.815	-0.84091816	0.54099505
835.4679	835.2438	-0.84096007	0.54095369
379.9727	379.9451	-0.84103735	0.54085298
1910.932	1910.056	-0.84107514	0.54072328
402.6031	402.5969	-0.84114487	0.54068481
933.6996	933.4925	-0.84114157	0.54066705
86.54322	86.74265	-0.84122001	0.5405806
1052.074	1051.662	-0.84123851	0.54051087
1029.547	1029.18	-0.84125243	0.54049023
984.377	984.0804	-0.84137194	0.54030622
1155.326	1154.894	-0.84154447	0.54002962
95.33363	95.47643	-0.84164851	0.53991287
1855.914	1854.957	-0.84162881	0.53986394
782.5163	782.3248	-0.84166371	0.53986061
1875.006	1874.054	-0.84169654	0.53975736
1578.72	1578	-0.841741	0.53970295
1656.674	1655.909	-0.84157537	0.53995732
1138.606	1138.145	-0.84165073	0.53986477
466.7505	469.3005	-0.84172381	0.53978043
1522.874	1524.765	-0.84200203	0.53929825
329.72	329.6898	-0.84223338	0.53899066
1961.403	1960.779	-0.84284059	0.53796465
1355.724	1355.34	-0.8421146	0.53913067
839.3019	839.0402	-0.84227303	0.53890696
537.3344	537.6783	-0.84270356	0.53824657
862.9754	862.7513	-0.84271693	0.53821149
1825.795	1825.175	-0.84272251	0.53815661
306.2518	306.6184	-0.84317549	0.53751661
428.6314	428.16	-0.84207048	0.53924107
525.8472	525.7248	-0.84215918	0.53909844
290.6718	290.8336	-0.84297994	0.53782387
593.6005	592.7624	-0.8432409	0.53740201
1084.628	1083.651	-0.84197519	0.53936113
788.586	787.5004	-0.84201762	0.53930822
115.6437	115.9664	-0.84204721	0.53929005
1698.107	1697.846	-0.84211444	0.53911409
1730.607	1730.056	-0.84212082	0.53910251
312.2529	312.1342	-0.84215172	0.53911896
1788.129	1787.525	-0.84213195	0.53908221
1384.108	1384.023	-0.84214276	0.53908531
1051.849	1053.232	-0.84252571	0.53850216
1280.665	1280.433	-0.84252448	0.53849349
518.3688	516.8054	-0.84296622	0.537836
707.5573	706.8713	-0.84297711	0.53781077
1675.576	1675.17	-0.84299399	0.53773887
1083.159	1082.815	-0.84319258	0.53745601
619.0397	618.5971	-0.84329088	0.53732248
814.7764	814.7807	-0.84330971	0.53728435
71.51945	71.64423	-0.84204373	0.53929723
1029.718	1029.328	-0.84202211	0.53929037
529.136	528.8089	-0.84208032	0.53922147
130.3567	130.4461	-0.84221301	0.5390305
137.9305	138.0618	-0.84225488	0.53896478
928.8178	928.656	-0.84242028	0.53867275
381.9824	382.043	-0.84244951	0.53865063
897.2689	897.07	-0.84267933	0.53826882
676.8665	676.7468	-0.84274238	0.53817983
1841.711	1841.135	-0.84279153	0.53804771
1469.55	1469.162	-0.84300666	0.53772922
402.0529	402.1783	-0.8430943	0.53764001
1082.661	1082.516	-0.84312154	0.53756745
1051.926	1051.686	-0.84315948	0.53750937
1055.813	1055.427	-0.84193202	0.5394298
1971.774	1970.913	-0.84219519	0.53897394
1670.428	1669.822	-0.84234182	0.53876017
593.995	593.8984	-0.84244524	0.5386484
398.0135	398.014	-0.84246188	0.53863062
334.2774	334.3851	-0.84282967	0.53805756
1283.139	1282.867	-0.84298675	0.53776942
266.311	266.4954	-0.84302076	0.53776089
1073.336	1073.182	-0.84313648	0.53754446
528.6953	528.8013	-0.84331547	0.53728771
225.1382	224.0519	-0.8423956	0.53874133
1918.51	1917.778	-0.84261292	0.53832351
893.593	893.5479	-0.84341228	0.53711982
1067.258	1066.989	-0.84412051	0.53599821
1472.903	1472.869	-0.84411129	0.53599337
290.1157	289.9357	-0.84432699	0.53570671
300.7974	300.067	-0.84431473	0.53572563
186.8883	187.1704	-0.8442746	0.53579345
236.7153	236.825	-0.84437669	0.53563055
788.9799	790.1296	-0.84456062	0.53531698
807.1774	806.951	-0.84455575	0.53532391
1281.97	1281.638	-0.84343639	0.53706399
1031.378	1031.122	-0.84346143	0.53703637
455.4803	455.6252	-0.84356838	0.53689364
1303.83	1303.103	-0.84459531	0.53523857
1437.805	1437.305	-0.84464791	0.53514907
1596.52	1596.568	-0.84359309	0.53680247
500.043	500.3595	-0.84378788	0.53654672
469.4802	469.2029	-0.84386854	0.53642117
416.6643	416.9969	-0.84390574	0.53636483
1081.829	1081.511	-0.84417912	0.53590518
1385.097	1384.459	-0.84428975	0.53571652
1411.124	1411.354	-0.84331363	0.5372505
292.7941	293.9003	-0.84388733	0.53639888
798.8835	798.6058	-0.84465498	0.5351677
987.548	985.9898	-0.84467595	0.53512615
82.92722	83.48248	-0.84334662	0.53725703
283.2909	283.6027	-0.84336243	0.5372242
1244.528	1244.927	-0.84335072	0.53720025
1769.352	1769.203	-0.84336254	0.53715592
1530.977	1530.779	-0.84338513	0.53713241
1256.1	1255.837	-0.84351266	0.53694542
847.6902	847.6857	-0.84358741	0.53684676
342.1826	342.4294	-0.8439182	0.53634831
606.0671	606.2568	-0.84406798	0.53610146
601.1742	599.1542	-0.844072	0.53609535
531.0887	531.0547	-0.84411502	0.53603061
1537.882	1537.58	-0.8442362	0.53579341
1031.139	1031.203	-0.84432091	0.53568409
1868.734	1867.679	-0.84431766	0.53564832
1880.07	1880.61	-0.84430473	0.53566803
1531	1530.211	-0.84433285	0.53564146
1229.898	1229.372	-0.84441698	0.53552339
504.1654	503.7346	-0.84462433	0.53522889
1133.694	1133.594	-0.8433402	0.53722199
466.6941	466.8444	-0.8435137	0.53697907
495.153	495.3053	-0.84356963	0.53689001
1225.759	1225.492	-0.84372149	0.53661866
1958.242	1957.504	-0.84371185	0.53659736
1050.317	1050.077	-0.8437957	0.53651014
1299.563	1299.198	-0.84396804	0.5362273
118.3401	118.561	-0.8443547	0.53566995
645.8507	645.6888	-0.84454723	0.53534444
587.764	587.718	-0.8445922	0.53527599
1615.87	1615.216	-0.8445872	0.53523608
736.5735	736.5167	-0.8438752	0.53639918
579.8342	579.787	-0.84424696	0.53582069
1368.219	1367.704	-0.84455875	0.53529315
1830.731	1829.87	-0.84467527	0.53508618
323.3512	323.581	-0.84361253	0.53682974
437.5369	437.6001	-0.84409728	0.53606244
1417.162	1416.801	-0.8436262	0.53675924
1603.081	1602.56	-0.84382688	0.53643464
1473.439	1472.989	-0.84390237	0.53632225
1142.723	1142.913	-0.84504121	0.5345419
403.7492	403.6929	-0.84491815	0.53476914
1974.149	1973.047	-0.84598676	0.53300277
1829.201	1828.21	-0.84534855	0.53402196
1822.745	1821.98	-0.84534471	0.53402835
263.3083	263.1583	-0.845401	0.53401131
341.5142	341.2239	-0.84521338	0.53430501
301.6851	301.3025	-0.8454997	0.53385345
327.9519	327.8117	-0.84579987	0.53337667
1228	1227.671	-0.84483981	0.53485616
987.7537	987.4341	-0.84499511	0.53462197
954.5041	953.9752	-0.84513837	0.53439702
1809.781	1808.564	-0.84513214	0.53436539
448.869	448.6452	-0.84522237	0.5342863
1184.587	1183.901	-0.84521847	0.53425964
588.9647	589.4652	-0.84533388	0.53410386
1824.282	1823.099	-0.84539014	0.53395637
987.8113	987.5838	-0.84567258	0.53354969
701.3511	701.1514	-0.8456937	0.53352907
1300.174	1299.337	-0.84572491	0.53345209
857.8851	857.4112	-0.84581541	0.53332917
243.4401	243.4953	-0.84588667	0.53324247
1399.604	1398.759	-0.84593661	0.53311151
700.7802	700.6191	-0.84597457	0.53308364
1812.97	1812.708	-0.84603152	0.53294009
1000.2	999.5829	-0.84605275	0.5329461
490.0879	489.6946	-0.84609458	0.53290225
684.4659	683.3464	-0.84611408	0.53286294
399.1163	399.9088	-0.84480474	0.53494845
655.3615	655.0962	-0.8447951	0.5349528
831.4377	831.0546	-0.84495777	0.53468807
1150.615	1150.114	-0.84496079	0.53466868
936.7562	936.3553	-0.84502432	0.53457813
1891.04	1890.188	-0.8450626	0.53447112
719.8164	719.5094	-0.8453073	0.53414026
1029.804	1029.317	-0.84556731	0.53371459
947.9381	947.4481	-0.84557645	0.53370387
999.7231	999.2266	-0.84560349	0.53365865
129.252	129.2764	-0.84563652	0.53364367
494.9311	494.7077	-0.84563769	0.53362677
626.6759	626.3449	-0.84564823	0.5336044
1331.202	1329.756	-0.84564393	0.533579
481.9494	481.7256	-0.84570237	0.53352479
1245.839	1245.143	-0.84580738	0.53332392
1866.505	1865.327	-0.84591615	0.53312047
144.0314	144.0392	-0.84585472	0.53329716
1859.756	1858.565	-0.84601472	0.53296439
913.7775	913.3792	-0.8451101	0.5344436
1914.779	1913.156	-0.84620088	0.53266591
1946.959	1944.721	-0.84623003	0.53261794
807.9032	807.4771	-0.84627037	0.53260922
448.7268	448.6693	-0.84751729	0.53063845
1002.158	1001.793	-0.84662353	0.53203881
490.3185	490.1333	-0.84703896	0.5313999
809.686	809.3763	-0.84706045	0.53135168
1521.245	1520.686	-0.84692101	0.53154027
919.826	919.3379	-0.84738298	0.53083219
1644.354	1643.783	-0.84611228	0.5328205
1825.147	1824.282	-0.8463499	0.53243374
1399.14	1399.252	-0.84645009	0.53229585
1574.359	1573.677	-0.84647146	0.53225323
293.2341	293.003	-0.84664701	0.53203239
289.5448	289.3481	-0.84672345	0.53191088
1719.563	1718.863	-0.84688525	0.53158724
1198.488	1198.348	-0.84716025	0.53117457
1572.908	1572.396	-0.84718034	0.53112427
621.2761	621.2907	-0.84725805	0.53104486
1870.909	1870.238	-0.84736551	0.53081352
1866.248	1865.392	-0.84741203	0.53073951
339.6153	338.5542	-0.84747851	0.53070501
820.5262	820.4979	-0.84749867	0.53065194
1809.072	1808.186	-0.84624096	0.53260771
1374.911	1374.256	-0.8463115	0.53251737
1537.955	1537.271	-0.84641385	0.53234666
548.4518	548.1711	-0.8465811	0.53212652
1025.277	1024.781	-0.8466753	0.53195536
735.5743	735.2556	-0.8467069	0.53191818
1442.977	1442.391	-0.84685749	0.53164534
1786.769	1785.97	-0.84704067	0.53133611
1727.773	1727.083	-0.8473536	0.53083995
636.6409	636.4838	-0.84749306	0.53066906
1563.553	1562.866	-0.84669504	0.53189802
666.5298	666.288	-0.84697446	0.53149507
201.6573	201.6639	-0.84702987	0.53142639
1695.335	1694.901	-0.84745294	0.53068298
179.1979	179.8505	-0.84733096	0.53094707
1677.214	1676.542	-0.84772347	0.53025168
637.2072	637.4313	-0.84818876	0.52955636
776.1404	775.7826	-0.84762989	0.53044432
233.7061	233.6175	-0.84827689	0.52943229
219.1702	219.6251	-0.84859851	0.52891721
650.2604	650.1356	-0.8477762	0.53021602
129.93	130.402	-0.84783082	0.53015052
604.3771	605.487	-0.84783651	0.53012152
1890.768	1887.909	-0.84783591	0.53006093
1645.079	1645.123	-0.84799416	0.52982027
1173.875	1172.153	-0.8480286	0.5297884
892.8423	892.5514	-0.84837065	0.52925351
1471.399	1470.946	-0.84858741	0.52887834
1509.172	1508.551	-0.84861289	0.52883559
728.0149	727.5043	-0.8486823	0.52876106
957.2064	956.723	-0.84880705	0.5285504
221.0655	222.0002	-0.84884081	0.52852817
414.8754	414.951	-0.84884406	0.5285149
261.5797	261.7805	-0.84769735	0.53035857
316.4988	316.5961	-0.84795211	0.52994888
391.5851	391.6181	-0.84816979	0.52959728
1569.11	1568.504	-0.84837452	0.5292149
151.7245	151.8967	-0.84844576	0.52916496
349.1291	349.1532	-0.84852212	0.52903439
401.5968	401.6069	-0.84865942	0.52881191
1192.57	1191.597	-0.848698	0.52871446
247.043	247.2257	-0.8487348	0.52869735
960.4268	960.0778	-0.84875834	0.52862845
1598.323	1597.683	-0.84886533	0.52842581
959.8606	959.585	-0.84822702	0.5294806
1072.56	1072.224	-0.84838215	0.52922677
1779.856	1779.097	-0.84842179	0.52912835
549.2872	549.1937	-0.84858732	0.52892129
167.0261	166.3729	-0.84820567	0.52954913
88.00932	88.2441	-0.84792023	0.53000915
1087.098	1086.692	-0.85040407	0.52597096
665.476	665.1753	-0.85097221	0.52507072
1918.501	1917.679	-0.85112118	0.52476798
1530.238	1530.607	-0.85133185	0.52444622
1058.357	1058.054	-0.85079112	0.52534601
1136.104	1135.72	-0.85109448	0.52485073
1479.099	1478.076	-0.85151721	0.52414786
559.6256	559.6149	-0.85046983	0.52588855
290.9081	290.9796	-0.85047657	0.52588908
850.2079	848.6465	-0.85061374	0.52564287
596.2868	596.2125	-0.85142518	0.5243388
250.3049	250.1316	-0.85151438	0.52420872
176.2647	176.3841	-0.85028684	0.52620054
252.0384	251.5482	-0.8504237	0.52597623
1314.626	1314.104	-0.85050932	0.52578983
1826.349	1824.977	-0.8505446	0.52570687
367.4372	367.0834	-0.85059931	0.52568736
723.635	723.6429	-0.85063433	0.52561518
1847.453	1847.879	-0.85080499	0.52528415
987.8599	987.6312	-0.85108838	0.52486759
755.4859	755.4952	-0.85125387	0.52460981
91.63077	91.92098	-0.85127196	0.52460878
1793.337	1792.6	-0.85133655	0.52442512
629.9703	630.4103	-0.85141468	0.52435436
1850.32	1849.673	-0.85141881	0.52428855
914.7812	914.4189	-0.85145753	0.52427194
709.4783	709.0349	-0.85149365	0.52422262
375.112	375.1874	-0.85151745	0.5241985
494.7462	494.5348	-0.85155067	0.52413942
496.5876	496.0058	-0.85159421	0.52406861
239.8647	239.9506	-0.85161086	0.5240524
1347.856	1347.257	-0.85032065	0.52609327
683.8786	683.6663	-0.85036902	0.5260461
239.7209	239.8341	-0.85045198	0.52593098
1175.722	1175.279	-0.85047674	0.52584923
117.6454	117.9053	-0.8505414	0.52579134
1129.911	1129.503	-0.85059966	0.52565256
653.5489	653.4336	-0.85071262	0.52549158
347.8875	347.9626	-0.85072642	0.52548243
69.9966	70.2947	-0.85093903	0.52514951
1240.162	1239.735	-0.85102336	0.52496104
1409.828	1409.32	-0.85104668	0.52491493
568.9066	568.837	-0.85106556	0.52492351
1599.872	1599.202	-0.85112177	0.52478362
657.0887	656.9165	-0.85125813	0.52460729
1372.794	1372.359	-0.85131217	0.52448608
1304.238	1303.896	-0.85145389	0.52425934
343.9619	344.4978	-0.85156086	0.52412927
964.1545	963.9563	-0.85156826	0.52408977
904.7343	904.4218	-0.8503661	0.52604083
895.2661	895.0218	-0.85085704	0.52524683
1120.201	1119.889	-0.85128296	0.52454572
1936.193	1935.306	-0.85138359	0.5243412
1833.787	1833.023	-0.85158516	0.52401919
110.1385	110.4274	-0.85108892	0.52490495
1437.956	1436.235	-0.85029032	0.52613789
1287.838	1287.448	-0.85141821	0.52431809
764.5783	764.5873	-0.85203796	0.52333497
234.8883	234.6886	-0.852837	0.52205484
280.1178	280.3187	-0.8528379	0.52205146
883.1473	882.6022	-0.85294183	0.52185512
1184.279	1183.792	-0.85167653	0.52390339
1232.744	1230.531	-0.85193826	0.52347542
1200.601	1200.201	-0.85208927	0.52323104
1181.359	1181.735	-0.85208264	0.52324273
1333.128	1332.476	-0.85293242	0.52184901
1249.482	1248.913	-0.85208809	0.52323061
476.2459	475.7701	-0.85215728	0.5231534
1511.4	1510.858	-0.85262829	0.52233687
879.311	879.0832	-0.85175923	0.52378327
1839.721	1838.926	-0.85206714	0.52323481
631.1227	630.8183	-0.85232204	0.52287816
1342.662	1341.88	-0.85250834	0.52254105
324.6381	324.3517	-0.85296899	0.5218354
1696.102	1695.061	-0.85183908	0.52361353
1560.793	1560.295	-0.85184634	0.52360862
1159.833	1159.567	-0.85194187	0.52347298
982.1973	982.0569	-0.8522034	0.5230555
980.6137	980.0504	-0.85237803	0.52277098
988.6039	988.1709	-0.8523403	0.52283211
364.6948	365.532	-0.85240202	0.52275928
1446.978	1446.972	-0.85239892	0.52271431
1045.859	1045.321	-0.85242043	0.52269876
347.2534	348.2703	-0.85267557	0.52231369
645.8544	645.4418	-0.85277298	0.52214173
1012.464	1011.125	-0.85277972	0.522114
834.0646	833.118	-0.85285492	0.52199942
629.3329	628.7775	-0.85294642	0.5218591
310.9359	310.9685	-0.85174565	0.52383034
956.7117	956.4057	-0.85180907	0.52369863
69.52238	69.58601	-0.85194816	0.52351085
1814.324	1813.54	-0.85195574	0.5234175
1188.069	1187.62	-0.85204693	0.5233006
697.5452	697.2919	-0.85205511	0.52331006
545.4017	545.1478	-0.85213855	0.52318091
1150.072	1149.573	-0.85240056	0.52272621
876.563	876.1048	-0.85259088	0.52242859
1099.759	1099.246	-0.85263291	0.52234953
750.6035	750.1494	-0.85271602	0.52223007
746.7704	746.289	-0.8528871	0.52195079
514.9846	514.6189	-0.85291504	0.5219154
1942.882	1941.879	-0.85291471	0.52184656
1021.412	1020.947	-0.85241468	0.52270929
1908.073	1907.067	-0.85280413	0.52202914
221.9554	221.7282	-0.85295991	0.52185453
1425.998	1425.361	-0.85244232	0.52264461
344.5854	344.0306	-0.85167569	0.52394267
698.7781	698.1041	-0.85264188	0.52235344
822.7195	822.2287	-0.8529133	0.52190451
764.7703	764.3192	-0.85282385	0.52205329
733.743	733.0403	-0.8532397	0.52137479
1840.542	1839.618	-0.85357995	0.52076319
1031.59	1031.477	-0.85373016	0.52055748
1667.768	1667.122	-0.85302661	0.52167812
160.0313	159.1573	-0.85313748	0.52156677
870.3441	869.5104	-0.85315427	0.52150834
180.614	180.7423	-0.85305367	0.52170296