662.2869	660.8098	-0.87895691	0.47464332
265.2024	265.5848	-0.82377353	0.566805
117.2784	117.7708	-0.82386716	0.56667453
1115.662	1115.653	-0.82442596	0.56582048
258.3895	258.9954	-0.82450921	0.56573455
741.7214	741.3775	-0.82455344	0.56565074
252.9564	253.3553	-0.82315993	0.56769623
427.2227	427.3683	-0.82324571	0.56756504
1837.167	1836.364	-0.82397972	0.56643666
549.4	549.3642	-0.8240895	0.5663343
681.4559	681.2894	-0.82414352	0.5662503
853.7534	853.4781	-0.82441469	0.56584823
1711.09	1710.162	-0.82456616	0.56558874
1954.376	1953.506	-0.82367681	0.56687128
555.6827	555.5831	-0.82443833	0.56582613
1629.229	1628.592	-0.82395216	0.56648674
1474.715	1474.122	-0.82434135	0.5659275
1925.361	1924.607	-0.82313749	0.56765555
456.4608	456.8933	-0.8246675	0.56549607
1466.108	1465.033	-0.82512839	0.56477981
341.0052	340.9105	-0.825436	0.56437837
1024.878	1024.644	-0.82594564	0.56360385
1640.863	1639.993	-0.82467047	0.56544001
1568.94	1568.337	-0.82537936	0.56440812
512.6273	512.5423	-0.82526529	0.56462106
1041.805	1041.268	-0.82483554	0.56522649
1425.007	1424.419	-0.82486671	0.5651638
1696.172	1696.217	-0.82486277	0.56515676
1467.398	1466.227	-0.82494838	0.56504264
1074.067	1074.986	-0.82495953	0.56504405
1547.006	1546.125	-0.82497415	0.56500129
994.9059	994.5171	-0.82501542	0.56496595
775.2102	776.1021	-0.8250513	0.56492287
1422.332	1422.583	-0.82504383	0.56490529
1639.353	1638.558	-0.82505872	0.56487342
1941.691	1940.317	-0.82505394	0.56486572
553.961	554.2419	-0.82518522	0.56473639
777.8838	778.7049	-0.82559352	0.56413006
300.5111	300.1313	-0.82560131	0.56413802
90.23824	91.82553	-0.82568193	0.56402799
1547.192	1546.249	-0.82570315	0.56393538
1528.695	1527.598	-0.82573236	0.56389349
1653.391	1653.02	-0.82597959	0.56352534
409.196	408.864	-0.82602616	0.5635115
1934.773	1933.98	-0.82465892	0.56544257
1352.235	1351.921	-0.82471515	0.56538826
1203.823	1203.406	-0.82472073	0.56538685
1275.111	1274.622	-0.82473964	0.56535606
1493.624	1492.969	-0.82490342	0.56510704
1950.274	1949.271	-0.82538617	0.56437972
1273.876	1273.337	-0.82543712	0.56433729
1025.271	1024.778	-0.82546833	0.56430268
876.9453	876.5851	-0.82547682	0.56429667
328.9964	328.882	-0.82564845	0.56406792
484.0843	483.8582	-0.82585013	0.56376645
173.3107	173.307	-0.82600586	0.56355042
274.9039	274.7553	-0.82606085	0.5634659
1738.955	1738.212	-0.82509588	0.56481436
1662.6	1661.848	-0.8257807	0.56381632
1962.874	1961.878	-0.82596922	0.56352546
764.761	764.5283	-0.82469991	0.56543621
189.3753	189.3682	-0.82548139	0.56431776
1609.442	1608.762	-0.82620748	0.56319328
126.5678	125.9762	-0.82672022	0.56250375
139.6427	138.053	-0.82671087	0.56251703
512.3828	512.2899	-0.82693568	0.56217181
1470.829	1470.199	-0.8264016	0.56291494
770.7557	770.5765	-0.82720739	0.56176125
1850.167	1849.452	-0.82750622	0.56127162
451.2339	451.4602	-0.82685721	0.56228966
682.8138	682.4042	-0.82691159	0.56220028
292.3704	292.282	-0.82636426	0.56302018
291.47	291.7003	-0.82722838	0.56174979
196.0217	195.3513	-0.82618174	0.56329171
1348.956	1347.325	-0.82625183	0.56314043
906.1871	906.1075	-0.82640953	0.56292857
1328.094	1327.414	-0.82662183	0.56259809
1917.637	1916.761	-0.82662593	0.56256394
736.6044	736.3191	-0.82666905	0.5625546
841.6824	841.0096	-0.82689412	0.56221929
77.25201	77.75229	-0.82692301	0.5622074
1971.635	1970.812	-0.8269671	0.56205962
1398.305	1398.773	-0.82701646	0.56201454
533.4318	533.1503	-0.82718456	0.56180469
629.5805	629.1276	-0.82735769	0.56154577
1249.879	1249.035	-0.82743676	0.56140242
1518.935	1518.401	-0.82621046	0.56319318
308.6956	308.5223	-0.82624006	0.56320178
402.4929	402.2711	-0.8262571	0.56317308
499.893	499.6671	-0.82633101	0.56306074
572.2233	571.972	-0.8263663	0.56300602
1093.404	1092.975	-0.82637004	0.5629784
475.1291	474.9509	-0.82664473	0.56260106
1166.27	1165.91	-0.82668478	0.56251288
396.2951	396.2626	-0.82731083	0.56162423
786.6095	786.4466	-0.82733464	0.56157316
1459.325	1458.927	-0.82734033	0.56153486
1805.506	1804.72	-0.82642843	0.56285956
480.1267	480.0502	-0.82694322	0.56216203
815.5023	815.3702	-0.82740092	0.56147427
1322.907	1322.547	-0.82725996	0.56165957
1729.35	1727.773	-0.82705034	0.56194909
196.9751	197.4552	-0.82780578	0.56090224
239.0596	239.4986	-0.82776863	0.56095552
505.6701	505.5908	-0.82839302	0.5600224
1933.06	1932.563	-0.82866723	0.55955195
881.3497	881.347	-0.82854106	0.55978765
289.8896	290.3473	-0.82795966	0.56067146
536.3747	536.2837	-0.82782252	0.56086412
470.5728	470.6803	-0.827843	0.56083654
619.3347	619.5978	-0.82795349	0.56066735
177.5997	177.9762	-0.82807345	0.56050774
269.013	269.684	-0.82819333	0.56032706
1411.828	1412.738	-0.82842511	0.55993543
1660.832	1658.367	-0.8285207	0.55978235
1331.555	1331.094	-0.82859537	0.55968723
454.1219	454.6663	-0.82863228	0.55967038
1253.135	1253.245	-0.82865307	0.55960535
1343.854	1343.932	-0.8286855	0.55955317
1086.505	1086.614	-0.82875978	0.55945481
1588.626	1588.229	-0.82883944	0.55931367
90.36733	90.96939	-0.82805071	0.56054465
1302.427	1302.319	-0.82805551	0.56048695
1769.684	1769.333	-0.82813872	0.5603419
1410.268	1410.145	-0.82827926	0.56015128
1747.86	1747.566	-0.82837185	0.55999827
1038.833	1039.307	-0.82839629	0.55999498
1048.231	1048.471	-0.82855846	0.5597546
1189.264	1189.357	-0.82857145	0.5597291
511.8269	511.9638	-0.82861923	0.55968739
1543.985	1543.238	-0.82883566	0.5593214
214.5922	215.4198	-0.82887839	0.55931527
758.2877	758.6614	-0.82888	0.55929088
1828.9	1828.665	-0.82886997	0.55925675
147.9165	148.6347	-0.82891439	0.55926449
516.7552	516.9626	-0.82758019	0.5612224
804.8862	805.2981	-0.82883968	0.55934866
1517.154	1517.182	-0.82885287	0.55929714
1509.193	1509.12	-0.82848103	0.55984818
1751.236	1751.062	-0.82910476	0.55891242
941.8208	942.0682	-0.82916633	0.55885845
1002.092	1002.344	-0.82915481	0.5588729
1308.813	1308.885	-0.82941443	0.55847374
677.2825	677.5702	-0.83019032	0.55734747
694.4705	696.0442	-0.83018205	0.55735891
560.4033	562.7716	-0.83012371	0.55745144
1425.657	1425.685	-0.83023819	0.55724296
1948.027	1947.546	-0.83039298	0.55698692
853.6764	853.7869	-0.83008356	0.55749898
1077.777	1078.07	-0.82951456	0.55833545
1527.861	1527.807	-0.82996986	0.55763773
288.4299	290.489	-0.8290289	0.55908929
325.0373	325.6043	-0.82935844	0.5585989
958.4998	958.6669	-0.82999364	0.55762829
1496.09	1496.612	-0.82911112	0.55891521
455.3617	455.9698	-0.82916076	0.55888707
1348.231	1347.841	-0.82919891	0.5587919
554.4557	555.9923	-0.8292267	0.55878516
1532.437	1532.869	-0.82927958	0.5586635
751.3966	751.6661	-0.82940637	0.5585103
1092.559	1093.383	-0.82946806	0.55840384
1892.886	1892.78	-0.82951536	0.55829585
175.5764	176.8336	-0.82958096	0.55827418
522.2349	522.3544	-0.8296239	0.55819665
644.8219	645.4791	-0.82965116	0.55815107
846.4776	846.8289	-0.82967567	0.55810612
1805.908	1805.453	-0.82981308	0.55785758
1715.209	1715.353	-0.83002473	0.55754703
1209.267	1210.115	-0.83003075	0.55756185
1541.45	1541.307	-0.83004573	0.55752415
1201.74	1202.075	-0.83009261	0.55747011
1917.394	1916.782	-0.83010848	0.55741237
894.8003	895.1981	-0.83018348	0.5573484
280.3786	280.7047	-0.83043921	0.55699266
1121.748	1121.701	-0.83043865	0.55695813
991.3104	991.5844	-0.82901363	0.55908278
100.2552	101.0193	-0.82913666	0.55893672
1516.897	1516.972	-0.82912319	0.55889634
1704.592	1704.398	-0.82923439	0.55872235
575.5484	575.9246	-0.82942101	0.55849589
1285.204	1285.252	-0.82957372	0.55823819
1100.097	1100.317	-0.82961405	0.55818661
1801.398	1801.136	-0.82964911	0.55810161
1473.666	1473.615	-0.82971188	0.55802408
543.9507	544.2763	-0.82983492	0.557882
117.7823	118.3466	-0.82993765	0.55774602
1890.71	1890.245	-0.82994862	0.5576517
1771.921	1771.54	-0.82995312	0.55765087
587.3645	587.6741	-0.83000847	0.55762198
1141.979	1141.963	-0.83014731	0.55739137
1595.362	1595.126	-0.83015932	0.55735244
1394.159	1394.031	-0.83018194	0.55732824
1082.809	1082.874	-0.83019984	0.55731578
1915.785	1915.241	-0.83035052	0.55705183
1366.145	1366.176	-0.82936551	0.55854375
1214.955	1215.066	-0.8293698	0.55854431
824.2891	824.5743	-0.82944235	0.55845376
596.2347	597.1912	-0.82956045	0.55828787
1920.821	1920.429	-0.82953533	0.5582648
1026.514	1026.662	-0.82967779	0.55809515
1909.612	1909.139	-0.83005197	0.55749691
918.6589	919.2823	-0.83017141	0.55736534
1950.963	1950.923	-0.82971938	0.55798968
1223.123	1223.222	-0.8294125	0.55848063
1305.011	1304.931	-0.83018254	0.5573316
1284.66	1284.625	-0.82998406	0.55762804
611.2221	613.1497	-0.83048979	0.55690389
1582.025	1582.127	-0.83070306	0.55654231
1485.17	1484.504	-0.83050588	0.55684116
1197.91	1196.534	-0.83129564	0.55567481
1085.702	1084.981	-0.83172208	0.55504137
1012.438	1012.046	-0.83178796	0.55494589
539.4603	539.4001	-0.83116984	0.55589139
525.8184	525.9094	-0.83067864	0.55662569
711.5322	711.6608	-0.83070107	0.55658449
721.9082	721.9586	-0.83069722	0.5565898
290.6331	290.7946	-0.83097564	0.55619164
1742.861	1742.366	-0.83052451	0.55680096
646.3033	646.5753	-0.83059638	0.55674343
272.2819	272.4724	-0.83064975	0.55667895
895.8975	895.9465	-0.83077377	0.55646809
730.0782	729.6274	-0.83085104	0.55635984
719.3727	719.2502	-0.83087264	0.55632802
1825.692	1825.388	-0.83085688	0.55630078
80.25273	80.2826	-0.83118282	0.55589015
427.7547	428.6696	-0.83117894	0.5558823
723.7816	723.7393	-0.8313109	0.55567274
793.3109	792.1885	-0.83147005	0.55543166
329.777	329.9182	-0.83150906	0.55539233
986.5422	985.8314	-0.83154353	0.55531322
1183.239	1183.355	-0.83165838	0.55513237
1711.567	1710.761	-0.83170976	0.55503051
526.8101	526.9983	-0.8317547	0.55501643
1762.625	1762.576	-0.83183037	0.5548472
1188.834	1188.657	-0.83054143	0.55680182
74.20346	74.3876	-0.83060329	0.55675592
599.3163	599.3775	-0.83064816	0.55666815
856.1213	855.9443	-0.83078994	0.55644567
83.1689	83.47346	-0.83083597	0.5564083
816.7267	816.6348	-0.83082509	0.55639488
654.4467	654.4585	-0.83088917	0.55630606
1189.04	1188.807	-0.83090488	0.55625931
1085.392	1085.189	-0.8309148	0.55624915
1019.534	1019.276	-0.83125638	0.55574149
85.75778	85.98283	-0.83135361	0.55563448
1793.685	1792.84	-0.83138092	0.55551892
402.6148	402.575	-0.83148436	0.5554264
160.9339	160.9519	-0.8315565	0.55532791
679.3416	679.1356	-0.83159183	0.55525411
1212.582	1212.127	-0.83169309	0.55507907
1343.012	1342.321	-0.83172919	0.55501898
348.2765	348.4825	-0.83058549	0.55677183
480.9019	481.029	-0.83061489	0.55672264
659.1968	659.1438	-0.83107371	0.55603014
1176.592	1176.265	-0.83129846	0.55567153
933.1118	932.8355	-0.83157873	0.55526284
220.4557	220.5375	-0.83159552	0.55526716
492.3371	492.1986	-0.83190382	0.55479432
290.863	290.8462	-0.83186329	0.55486317
724.6946	725.3877	-0.83177541	0.55497714
242.2899	243.7848	-0.83075219	0.5565272
748.6377	748.6945	-0.83185322	0.55485949
142.5859	142.9081	-0.83066197	0.55666585
550.5193	550.5608	-0.83086142	0.55635188
797.069	796.979	-0.83094825	0.55621179
1472.019	1471.508	-0.83256608	0.55375672
958.915	958.6932	-0.83311215	0.5529583
1858.264	1857.501	-0.83326644	0.55268341
450.6409	450.7104	-0.8330232	0.55311384
271.3083	270.7202	-0.83297364	0.55319569
1491.21	1490.665	-0.83207677	0.55449077
324.4723	324.5695	-0.83270668	0.55359532
746.6842	746.5121	-0.83332205	0.55265114
1662.611	1661.698	-0.8320387	0.55453968
974.0643	973.4752	-0.83260999	0.5537135
1875.622	1874.819	-0.83267204	0.55357768
1015.007	1013.918	-0.83291007	0.55326021
132.3508	132.6711	-0.83318852	0.55287738
539.1643	539.08	-0.83199798	0.55465117
908.3259	908.1338	-0.83212088	0.55445112
90.5331	88.49802	-0.83229551	0.5542225
161.9085	162.1322	-0.83232664	0.55417291
238.7904	238.9754	-0.83253169	0.55386182
1853.233	1852.489	-0.83259007	0.55370209
760.0251	759.8199	-0.83261354	0.55371744
621.3712	621.2744	-0.83265425	0.55366206
357.3328	357.3998	-0.83276131	0.55351182
918.6744	918.4802	-0.83296557	0.55318086
268.7453	268.9229	-0.83306289	0.55306134
1451.049	1450.641	-0.83319046	0.55281781
512.8943	513.5363	-0.83329318	0.55270444
992.3217	992.0821	-0.83334578	0.55260468
67.34368	67.60184	-0.83212377	0.55448111
990.9425	990.679	-0.83247237	0.55391962
1761.459	1760.752	-0.83267912	0.55357272
751.358	751.2227	-0.8327868	0.55345719
1187.556	1187.191	-0.83234299	0.5541052
723.8165	721.4643	-0.83320376	0.55283054
1502.053	1501.506	-0.8321823	0.55433202
1810.309	1809.543	-0.83338058	0.55251372
162.8334	162.284	-0.83349911	0.5524079
1138.137	1137.673	-0.83389573	0.55176791
1453.826	1452.904	-0.83410549	0.55143613
180.8921	181.0207	-0.8344739	0.55093354
1001.813	1001.568	-0.83422943	0.55126937
739.3519	739.4815	-0.83345257	0.5524546
1051.775	1051.591	-0.83344904	0.55244628
818.532	818.6639	-0.83350885	0.55236628
901.603	900.348	-0.83384628	0.55185322
1791.783	1791.177	-0.83392913	0.55168634
932.5728	932.0157	-0.83414797	0.5513957
1363.111	1362.36	-0.83425355	0.55121638
863.772	864	-0.83427925	0.55120003
1922.688	1922.401	-0.83426665	0.5511692
259.3812	261.0519	-0.83430255	0.55118983
1539.759	1539.243	-0.83430753	0.55112625
1820.675	1819.992	-0.83431858	0.55109576
1747.393	1746.735	-0.83443616	0.55092135
1736.62	1735.93	-0.83446472	0.55087872
1385.101	1384.678	-0.83358413	0.55222714
858.0386	857.8925	-0.83360609	0.55221782
224.5186	224.6613	-0.83363786	0.55219605
246.9485	247.0698	-0.83375312	0.55202113
1938.41	1937.412	-0.83375265	0.55194567
926.981	926.7691	-0.83390779	0.55175911
602.4437	602.3976	-0.83391229	0.55176621
87.57321	87.87296	-0.83393018	0.5517598
1598.912	1598.43	-0.83403523	0.55153539
746.1951	746.1972	-0.83437674	0.55105753
1374.9	1374.476	-0.83444981	0.55091866
564.353	564.5861	-0.83453941	0.55081882
1732.007	1731.319	-0.83461007	0.55065862
1155.544	1155.242	-0.8346902	0.55056453
1554.428	1553.964	-0.83468376	0.55055558
1304.631	1304.242	-0.83472628	0.55050296
1201.804	1201.512	-0.83475202	0.55046868
1942.017	1941.131	-0.83337152	0.55252076
565.9454	565.9233	-0.83392636	0.55174647
1595.942	1595.349	-0.83390598	0.55173095
600.7057	600.6682	-0.83419342	0.55134116
1202.109	1201.762	-0.83430621	0.55114412
292.2429	292.382	-0.83337113	0.55259585
1599.344	1598.759	-0.83464987	0.55060479
523.3112	523.3715	-0.83536881	0.54956195
1867.551	1866.741	-0.83538779	0.54947128
1135.912	1135.519	-0.83556469	0.54923735
1619.78	1618.957	-0.83528196	0.54964443
1512.643	1512.645	-0.83561907	0.54913695
793.6158	793.4944	-0.83575036	0.54897
332.5895	333.5295	-0.83585803	0.54882525
174.9809	175.2426	-0.83620239	0.54830673
952.0881	952.1832	-0.83481276	0.55038779
1875.931	1875.093	-0.83479639	0.55036893
601.2141	601.2999	-0.83484604	0.55035244
764.5744	764.4623	-0.83488948	0.5502796
93.43	93.91649	-0.83512721	0.54994611
1635.298	1634.694	-0.83517861	0.54980069
1805.786	1805.2	-0.83544578	0.54938619
123.1643	123.3345	-0.83575278	0.54899382
1759.21	1758.945	-0.83589233	0.54870884
211.0137	211.4722	-0.83594992	0.54869013
1580.28	1579.733	-0.83598962	0.54856944
1398.223	1399.124	-0.83600497	0.5485547
1456.985	1456.532	-0.83603303	0.54850921
890.7952	890.7095	-0.83611118	0.54841605
1602.683	1602.28	-0.83612679	0.54835924
795.0891	795.0596	-0.83490003	0.55026227
303.3752	303.3981	-0.83498447	0.55015457
1412.515	1412.178	-0.8349651	0.55013559
1178.6	1178.441	-0.83504033	0.55003228
390.3224	390.4746	-0.83514938	0.54990071
170.5463	170.848	-0.83539593	0.54953483
797.9114	797.8546	-0.83572785	0.54900407
1866.216	1865.513	-0.83578732	0.54886345
330.0612	330.196	-0.83604919	0.54853413
626.3822	626.3558	-0.83613388	0.54839283
67.82727	68.14053	-0.83619232	0.54832625
105.3168	105.6044	-0.83622138	0.54828048
848.7612	848.686	-0.83498321	0.55013373
1545.016	1544.585	-0.83508792	0.54994282
1216.308	1216.037	-0.8354316	0.54943608
1071.273	1071.064	-0.83556464	0.54924036
1287.039	1286.716	-0.83574164	0.54896109
417.3992	417.4753	-0.83612356	0.54841723
1905.851	1905.095	-0.8361338	0.54833353
1752.449	1751.873	-0.83513737	0.54985757
1880.071	1879.378	-0.83540184	0.54944928
1785.101	1784.507	-0.83501511	0.55004164
134.0434	134.3332	-0.83557797	0.54925946
532.2126	532.2885	-0.83680198	0.54737678
477.8691	478.0792	-0.83685873	0.54729227
883.2257	883.1484	-0.83687921	0.54724366
1904.31	1903.802	-0.83718986	0.5467198
635.9721	636.2878	-0.83759502	0.54615813
555.3939	556.8129	-0.83758671	0.54617423
969.6913	969.825	-0.83634944	0.54804913
1415.831	1415.762	-0.83627689	0.54813929
898.2469	897.1955	-0.83637366	0.54801539
433.6115	435.4239	-0.83639822	0.54799753
1104.8	1104.06	-0.83641304	0.54794602
945.0655	945.3424	-0.83662758	0.54762553
153.2058	152.7042	-0.83672713	0.54750653
1252.769	1252.423	-0.83673198	0.54745204
1700.567	1700.123	-0.83707716	0.54690259
766.245	766.2885	-0.83719203	0.5467701
1578.158	1578.138	-0.83718108	0.5467495
751.908	751.5904	-0.83736444	0.54650664
1377.123	1376.591	-0.83744327	0.54635752
1058.28	1058.194	-0.83747615	0.54632189
1777.503	1776.174	-0.83749779	0.54625445
1824.517	1823.999	-0.83756744	0.54614524
472.4301	472.5469	-0.83635943	0.54805521
974.9671	974.7073	-0.83646719	0.54786918
1048.526	1048.314	-0.83647681	0.54785119
469.0064	469.0616	-0.83651569	0.54781682
879.9619	879.931	-0.83654336	0.54775707
1698.011	1697.422	-0.83653275	0.54773507
1526.794	1526.312	-0.8366574	0.54755302
176.9501	177.2498	-0.83673536	0.54749298
264.1613	264.4069	-0.83676551	0.54744346
949.8517	949.7733	-0.83698569	0.54707785
477.5341	477.736	-0.83700767	0.54706447
1509.417	1509.005	-0.83708242	0.54690389
362.5357	363.0596	-0.83719418	0.5467837
1365.153	1364.723	-0.83718956	0.54674676
1878.231	1876.468	-0.83718419	0.54672988
1035.127	1035.069	-0.83724886	0.54667119
977.3447	977.2902	-0.83743813	0.5463838
1872.521	1871.994	-0.83747768	0.54628044
1691.53	1691.059	-0.8375299	0.54620945
1349.896	1349.546	-0.83688188	0.54721831
1835.346	1834.684	-0.83709257	0.54687226
1298.656	1298.426	-0.83760434	0.54611424
1845.2	1844.597	-0.8376326	0.54604425
1089.835	1089.642	-0.83702931	0.5470049
642.8511	643.8938	-0.83770673	0.54598646
606.92	607.2221	-0.83772446	0.5459608
624.287	624.4907	-0.83792001	0.5456599
647.5676	647.8614	-0.83790732	0.5456784
486.4571	486.8561	-0.83807307	0.54543056
541.2684	542.2184	-0.83807743	0.54542155
1420.359	1420.191	-0.83887147	0.54416006
976.5537	976.9723	-0.83864057	0.5445364
353.4107	353.5797	-0.83883154	0.54426886
290.0053	290.4525	-0.83851959	0.54475188
462.6268	463.2226	-0.83870694	0.54445634
1389.681	1389.141	-0.8377008	0.54596199
1147.741	1148.121	-0.83775258	0.5458938
1258.618	1258.464	-0.83790651	0.54565239
386.8252	386.4126	-0.83793957	0.54563977
388.3638	389.0475	-0.83800479	0.54553949
1027.91	1027.377	-0.83805426	0.54543605
546.2734	545.4987	-0.8381804	0.54526316
1837.12	1835.1	-0.8381635	0.54522946
1682.991	1682.676	-0.83818805	0.54519937
339.325	339.783	-0.83832629	0.54504732
1788.268	1788.234	-0.83849607	0.54472025
793.4166	793.9829	-0.83855656	0.54467386
1723.225	1723.586	-0.83855111	0.54463876
1769.354	1769.011	-0.83857838	0.54459451
1385.201	1384.76	-0.83860713	0.54456904
605.6666	605.847	-0.83863218	0.54456552
1734.683	1734.042	-0.83862093	0.54453072
1143.579	1143.733	-0.83866262	0.54449486
1135.811	1135.435	-0.83867404	0.54447766
945.5101	945.4569	-0.83889788	0.54414132
1057.52	1057.383	-0.83893796	0.54407449
632.0911	632.6488	-0.8389552	0.5440666
1449.239	1449.197	-0.83894945	0.54403843
810.3842	810.4747	-0.8389926	0.54400124
1710.402	1709.441	-0.8389958	0.54395419
1253.862	1253.657	-0.83902167	0.54393633
372.9762	373.4797	-0.83780246	0.5458508
1348.231	1348.221	-0.83778802	0.54583009
373.3195	373.7955	-0.83782257	0.54581992
466.0892	466.4936	-0.83789711	0.54570169
1687.953	1687.493	-0.83788682	0.54566197
1682.418	1682.012	-0.83790085	0.54564069
689.0539	689.8206	-0.83793238	0.54563812
1933.476	1932.862	-0.83799388	0.54548515
416.6375	416.9879	-0.83819585	0.54524475
461.5389	462.0621	-0.83820774	0.54522462
316.2939	316.7271	-0.83822134	0.54520964
1055.327	1055.362	-0.838295	0.5450647
1792.588	1792.182	-0.83827896	0.54505411
1673.872	1673.603	-0.83839769	0.54487738
1646.62	1646.399	-0.8385344	0.54466832
1908.071	1907.463	-0.83853	0.54466195
1047.839	1047.895	-0.83865086	0.54451736
654.6282	654.8753	-0.83872381	0.5444223
1802.429	1800.885	-0.83873041	0.54435872
367.3194	367.73	-0.8389219	0.54412899
685.6057	685.8584	-0.83898236	0.54402244
319.2726	319.712	-0.83899629	0.54401624
1873.155	1872.7	-0.83899731	0.54394361
674.3022	674.6331	-0.83905022	0.54391825
1141.074	1141.166	-0.83904965	0.54389839
1132.249	1132.206	-0.83771278	0.54595561
1723.437	1722.999	-0.83781352	0.54577273
184.4943	185.0269	-0.83786269	0.5457659
966.6777	966.7207	-0.83832441	0.54502347
1800.576	1800.063	-0.83886176	0.54415632
1002.005	1002.024	-0.83888673	0.54415598
637.5911	637.811	-0.83893835	0.54409236
294.2607	294.7066	-0.83831434	0.54506756
1668.088	1666.811	-0.83888417	0.54412845
1339.53	1339.366	-0.83767431	0.546005
1814.846	1814.33	-0.83786729	0.54568556
1419.946	1419.722	-0.83867602	0.54446124
1053.513	1053.728	-0.83992974	0.54254231
729.5303	729.2975	-0.84015375	0.5422098
1626.91	1626.294	-0.84026384	0.54199748
1431.597	1431.2	-0.83916132	0.54371243
915.4604	915.0927	-0.84028039	0.54200532
290.1049	290.2832	-0.83938746	0.54341367
963.0066	962.8397	-0.83909316	0.54383937
227.3863	226.8723	-0.83917693	0.54374127
675.4502	675.4117	-0.83926361	0.54358891
533.9008	534.0539	-0.83935987	0.54344625
557.4091	557.2678	-0.83967628	0.54295627
978.4266	978.5687	-0.83971041	0.5428851
1660.225	1660.063	-0.83977762	0.54274886
1679.239	1677.772	-0.8398094	0.54269881
1950.288	1949.787	-0.83985902	0.54260821
175.9658	176.3102	-0.84004218	0.54240557
842.2634	842.7659	-0.84012297	0.5422525
1592.893	1592.431	-0.84010986	0.5422378
887.1654	886.9253	-0.84016023	0.54219282
153.9467	154.5171	-0.84026476	0.54206156
241.3137	241.1592	-0.84035731	0.54191463
1239.707	1239.042	-0.84039274	0.54181627
1102.146	1101.163	-0.84049335	0.54166659
918.797	918.647	-0.83928488	0.54354542
1177.313	1176.99	-0.83931494	0.54348725
1537.368	1536.845	-0.83933316	0.54344201
554.2983	554.3218	-0.83950047	0.54322818
1092.593	1092.252	-0.83956956	0.54309775
1490.087	1489.142	-0.83971011	0.5428617
739.7401	739.5749	-0.83983525	0.54270254
1912.59	1911.621	-0.84003708	0.54233446
366.7997	366.7705	-0.84013659	0.54225167
1650.425	1649.637	-0.84029727	0.5419445
1756.212	1755.456	-0.84042211	0.54174559
697.6655	697.4242	-0.84045088	0.54175048
779.7697	779.4418	-0.84046837	0.54171978
841.2348	841.1287	-0.8391473	0.54376123
585.7471	585.6992	-0.83957357	0.54311388
1725.656	1724.899	-0.83968865	0.54288326
365.3795	365.3821	-0.84001831	0.54243492
739.0578	738.7914	-0.8402471	0.5420647
411.2629	411.159	-0.84040636	0.54183163
1895.463	1894.767	-0.83929773	0.54347882
1397.344	1396.681	-0.84040444	0.54179063
1539.04	1538.543	-0.83907597	0.54383922
507.9969	506.9988	-0.84056577	0.54158032
1062.156	1061.771	-0.84068203	0.54137551
1465.457	1466.173	-0.84082816	0.54112947
1507.002	1504.469	-0.84093146	0.54096705
278.8182	279.1917	-0.84175223	0.53974382
254.5081	253.9144	-0.84183136	0.53962142
1580.319	1580.979	-0.84064712	0.54140512
1224.656	1224.021	-0.84086548	0.54108303
1893.825	1892.718	-0.84116847	0.54057898
922.0109	921.6935	-0.84130181	0.54041822
677.9307	677.5796	-0.84096133	0.54095862
290.0251	290.0239	-0.8410379	0.54085579
606.4868	606.0135	-0.84162085	0.53993506
1321.808	1320.966	-0.84050379	0.54164011
1197.913	1197.607	-0.84058729	0.54151632
863.0757	863.0634	-0.84069385	0.54136611
672.3077	672.2671	-0.84076224	0.54126823
1879.946	1880.159	-0.84096218	0.54090048
1487.319	1486.55	-0.84111896	0.54067635
868.4431	868.5101	-0.84121429	0.54055681
1485.787	1485.077	-0.84129504	0.54040239
1100.024	1099.643	-0.84131766	0.54038545
942.3625	941.9125	-0.84158808	0.53997139
1917.251	1916.557	-0.84157682	0.5399418
1540.334	1539.746	-0.84163194	0.53987489
1392.581	1391.289	-0.84166994	0.53982285
657.0848	656.6453	-0.84183689	0.53959598
1863.947	1864.17	-0.84187104	0.53948565
1030.001	1029.692	-0.84051231	0.54164043
1563.706	1563.101	-0.84066722	0.54137473
656.4772	656.2511	-0.84073049	0.54131823
836.6832	836.3732	-0.84077172	0.54124634
884.0359	883.7147	-0.8411407	0.54067064
1517.292	1517.311	-0.8411359	0.5406485
1922.748	1921.804	-0.84115155	0.5406038
1973.122	1972.17	-0.8411693	0.54057357
86.54322	86.74265	-0.84122001	0.5405806
1029.726	1029.32	-0.84121036	0.54055569
1763.102	1762.315	-0.84121483	0.54051348
344.3491	344.276	-0.84133019	0.54039879
1545.244	1544.627	-0.84132169	0.540358
1511.69	1511.082	-0.84142368	0.54020082
1895.627	1894.68	-0.84146916	0.54011069
1366.695	1366.185	-0.84152923	0.54004339
782.5163	782.3248	-0.84166371	0.53986061
1476.102	1475.567	-0.84168799	0.53979064
737.9547	737.6931	-0.84171008	0.53979026
648.6589	648.4893	-0.84178315	0.53968017
1744.9	1744.172	-0.84180696	0.53959174
1320.874	1320.333	-0.84075506	0.54125004
804.0469	803.7544	-0.84134003	0.5403635
1577.695	1576.987	-0.84149615	0.54008468
1966.266	1965.244	-0.84158043	0.53993366
1793.179	1792.317	-0.84116781	0.54058527
165.5721	165.8858	-0.84252633	0.53853923
1522.874	1524.765	-0.84200203	0.53929825
1660.139	1659.821	-0.84326255	0.53731841
629.3027	629.175	-0.84194706	0.53942525
1147.425	1147.148	-0.84205518	0.5392333
1550.426	1549.693	-0.8421338	0.53909124
1831.913	1831.081	-0.84270707	0.53818049
1315.752	1314.863	-0.84282152	0.53802681
1088.724	1089.19	-0.8427844	0.53809555
1461.881	1460.729	-0.84247334	0.53856481
1453.579	1453.138	-0.84254483	0.53845334
1220.917	1220.554	-0.84290004	0.53790826
820.8529	820.5742	-0.8419437	0.53942216
1933.3	1932.344	-0.84194729	0.53936312
1789.99	1789.367	-0.84205609	0.53920061
1759.917	1759.219	-0.84209544	0.53914067
1738.67	1737.978	-0.84213224	0.53908435
315.3752	315.1989	-0.84217859	0.53907686
1704.939	1704.258	-0.84222139	0.53894667
1759.803	1759.135	-0.8422817	0.53884965
1186.222	1186.037	-0.84241599	0.53866763
735.0712	735.6222	-0.84244852	0.53863715
1804.924	1804.606	-0.8424672	0.53855726
822.7512	821.5689	-0.84256905	0.53844481
1803.372	1802.677	-0.842714	0.53817109
515.6581	515.1967	-0.842871	0.53798529
256.8028	257.4826	-0.84298674	0.53781458
1570.206	1569.595	-0.84302447	0.53769637
1036.203	1035.93	-0.84306359	0.53766048
1883.116	1882.672	-0.84311361	0.53754073
1466.545	1465.581	-0.84314896	0.53750624
748.4723	748.5659	-0.84326748	0.53735355
1786.971	1786.313	-0.84192665	0.53940284
1422.538	1421.839	-0.84197972	0.53933808
137.9305	138.0618	-0.84225488	0.53896478
354.6376	354.6193	-0.8422571	0.53895256
1227.826	1227.443	-0.84226995	0.538894
502.4547	502.3557	-0.84233219	0.53882906
1814.417	1813.835	-0.84269385	0.53820207
1861.391	1860.772	-0.84276956	0.53808111
826.0447	825.8724	-0.84297873	0.53780299
1543.589	1543.278	-0.84301966	0.5377052
767.7604	767.7275	-0.84308352	0.53764128
1091.585	1091.426	-0.8431615	0.53750437
1676.681	1676.328	-0.84325097	0.53733576
1574.752	1574.168	-0.84216142	0.53904688
1438.811	1438.337	-0.84234202	0.53877127
533.2965	533.2112	-0.84236332	0.53877909
800.5796	800.3839	-0.84238117	0.53873965
423.9091	423.8967	-0.84246358	0.53862689
264.4759	264.6419	-0.84292303	0.53791415
606.5912	606.5932	-0.84296929	0.53782737
528.6953	528.8013	-0.84331547	0.53728771
765.0314	764.8751	-0.84250774	0.53854323
109.9653	108.6986	-0.84224619	0.53897953
605.2681	605.1461	-0.84234199	0.53880937
1219.68	1219.273	-0.84216659	0.53905596
813.1624	812.9473	-0.8423097	0.53885081
1571.943	1571.384	-0.84408782	0.53602547
357.567	358.5834	-0.84428426	0.53577124
1000.469	1000.125	-0.84448338	0.53542935
692.6163	692.4677	-0.84450424	0.53541022
706.7418	705.8619	-0.84454446	0.53534618
773.7703	773.4515	-0.84461641	0.53522969
1437.805	1437.305	-0.84464791	0.53514907
679.7268	680.4188	-0.84470499	0.53509397
1799.34	1798.833	-0.84330637	0.5372426
1677.854	1677.196	-0.84430077	0.53568468
512.7443	514.4586	-0.84364506	0.53677066
526.9025	527.5793	-0.84365069	0.53676126
1059.308	1058.919	-0.84352952	0.53692814
1028.157	1028.031	-0.8435686	0.53686816
729.4117	729.3585	-0.84357665	0.53686891
430.1342	430.2267	-0.84370636	0.53667785
1862.307	1861.696	-0.84372426	0.53658283
420.491	420.7935	-0.84381272	0.536511
1446.286	1446.492	-0.84380288	0.53648005
1022.589	1022.027	-0.84391639	0.53632157
331.4591	331.99	-0.84402853	0.5361751
347.8367	348.4967	-0.84410833	0.53604879
1404.049	1403.813	-0.84410417	0.53600795
1537.882	1537.58	-0.8442362	0.53579341
854.2542	853.9328	-0.84428502	0.5357487
1056.069	1055.02	-0.84434379	0.53564692
1916.114	1914.462	-0.84446975	0.53540608
1666.999	1668.763	-0.8445346	0.53531638
1832.907	1831.819	-0.84453346	0.53530987
391.91	391.1473	-0.84465283	0.53518864
117.5896	118.2647	-0.84472559	0.5350849
520.3791	520.4406	-0.84355631	0.53690987
1357.838	1357.731	-0.8436816	0.53667506
939.8691	939.8292	-0.84371462	0.53664267
591.2977	591.2792	-0.84415709	0.53596177
1446.023	1445.564	-0.84424985	0.53577642
589.5731	589.4778	-0.84432923	0.53569063
888.6586	888.3544	-0.8445244	0.53536974
426.1547	426.3674	-0.84336814	0.53720934
202.2411	202.5854	-0.84345327	0.53708485
668.0396	668.0801	-0.84355746	0.53690174
749.3394	749.2524	-0.84399593	0.53620864
1153.672	1153.295	-0.84444323	0.53548557
977.4976	977.2388	-0.84429515	0.53572717
764.0032	763.8413	-0.8443384	0.53566856
437.5369	437.6001	-0.84409728	0.53606244
764.9192	764.6278	-0.84496564	0.53467858
1676.911	1675.838	-0.8454458	0.53387579
1715.888	1714.27	-0.84558587	0.53365184
1286.352	1285.714	-0.84472296	0.53503793
1874.635	1873.337	-0.84513553	0.53435668
355.1287	354.7523	-0.84565286	0.5336086
566.4288	566.2307	-0.84515398	0.5343895
1702.57	1701.64	-0.84526266	0.53416438
324.5279	324.4735	-0.84529825	0.53417142
456.0269	455.7653	-0.84566096	0.53359153
830.3972	829.7299	-0.84476278	0.53499613
988.3388	987.4153	-0.84476245	0.53498952
125.2949	125.5334	-0.84487111	0.53485481
1115.819	1115.063	-0.84489034	0.53478163
922.3792	922.552	-0.844991	0.53463143
1425.766	1424.853	-0.84506268	0.53449446
677.0197	676.7696	-0.84509946	0.5344709
577.7606	576.8307	-0.8451259	0.53443342
564.1671	563.4898	-0.84512108	0.53444162
791.0132	791.1185	-0.84515975	0.53437052
918.399	917.9431	-0.84523859	0.53424012
1253.627	1252.986	-0.84532534	0.53408726
888.3599	887.8591	-0.84545067	0.53390579
594.0297	593.4199	-0.84545775	0.53390759
502.4679	502.4962	-0.84552744	0.53380111
253.3462	251.7772	-0.84554853	0.53377814
1503.811	1502.987	-0.84562804	0.53359572
1151.584	1150.13	-0.84566119	0.5335602
266.8091	267.0068	-0.84568	0.5335692
146.8391	147.5184	-0.84570006	0.53354225
1616.309	1615.38	-0.84565678	0.53354457
1170.857	1169.61	-0.84573805	0.53343744
1050.015	1049.39	-0.84577556	0.53338359
899.1652	898.5992	-0.84580683	0.5333409
243.4401	243.4953	-0.84588667	0.53324247
1072.132	1071.066	-0.84589032	0.53320056
1399.604	1398.759	-0.84593661	0.53311151
1146.811	1146.221	-0.84600027	0.53302258
1812.97	1812.708	-0.84603152	0.53294009
684.4659	683.3464	-0.84611408	0.53286294
399.1163	399.9088	-0.84480474	0.53494845
619.5875	619.2614	-0.84525805	0.53422257
953.8083	953.3488	-0.84537878	0.53401664
1539.334	1537.973	-0.84541103	0.53393774
535.3959	535.6078	-0.84563679	0.53362645
336.1125	335.9957	-0.84565302	0.53360913
1194.062	1193.387	-0.845968	0.53307157
1467.407	1466.548	-0.84600027	0.53300716
1858.711	1857.629	-0.84603957	0.53292498
104.9798	105.0686	-0.84552734	0.53381762
612.7888	612.506	-0.84554005	0.53377641
972.4269	971.9197	-0.84563126	0.5336159
996.5853	996.0236	-0.84591193	0.53316974
575.5311	575.1921	-0.84608965	0.53290642
1138.794	1138.123	-0.84609461	0.5328732
764.515	764.2302	-0.84492173	0.53474798
1918.633	1917.111	-0.84488813	0.53474547
1914.779	1913.156	-0.84620088	0.53266591
806.6452	805.8075	-0.84623011	0.53267323
1643.186	1641.582	-0.84639759	0.53236727
809.686	809.3763	-0.84706045	0.53135168
287.8046	288.4801	-0.84668877	0.53196612
1445.51	1444.8	-0.84745704	0.530689
644.2727	644.5861	-0.84615922	0.53279296
633.6735	633.1515	-0.84620785	0.5327162
684.0849	683.6661	-0.84621444	0.53270353
626.7811	626.6752	-0.84626147	0.53263131
382.9266	382.0858	-0.84636071	0.53248403
1842.992	1841.828	-0.84643522	0.53229718
827.2977	826.9199	-0.84657187	0.53212897
1357.986	1358.293	-0.84656075	0.53212182
845.1042	845.7342	-0.8466697	0.53197246
1972.632	1971.812	-0.84668644	0.53189068
343.1776	343.5466	-0.84674667	0.53187168
1501.417	1501.265	-0.84686894	0.53162419
1086.187	1085.653	-0.84697846	0.53146971
879.3489	878.4335	-0.8470779	0.53132074
979.7149	979.5085	-0.84709418	0.53129017
506.037	505.8215	-0.8471054	0.5312933
1198.488	1198.348	-0.84716025	0.53117457
1572.908	1572.396	-0.84718034	0.53112427
560.7831	560.6729	-0.84740684	0.53081002
339.6153	338.5542	-0.84747851	0.53070501
333.595	333.7268	-0.84750794	0.53065821
1916.738	1915.698	-0.84637456	0.53238978
792.2501	791.9212	-0.84654916	0.53216666
953.7491	953.3399	-0.84665689	0.53198795
310.3899	310.2903	-0.84675576	0.53185858
416.7752	416.6472	-0.84683768	0.53172371
1442.977	1442.391	-0.84685749	0.53164534
356.738	356.7056	-0.84717409	0.53119006
1316.157	1315.625	-0.84725939	0.53101081
896.8424	896.4124	-0.84644759	0.53232349
674.8553	674.5311	-0.84653426	0.53219556
1791.815	1790.951	-0.84652595	0.53215552
1374.136	1373.589	-0.84692215	0.53154569
201.6573	201.6639	-0.84702987	0.53142639
1110.484	1110.107	-0.84722122	0.53108149
361.8368	360.8991	-0.84666844	0.53199548
1291.433	1291.33	-0.84700593	0.53141616
992.7134	992.2007	-0.84619828	0.53271532
1005.431	1005.163	-0.84763691	0.53042268
1530.807	1530.311	-0.84779458	0.53014536
1716.564	1717.239	-0.84769882	0.53028901
722.4658	722.591	-0.84796208	0.52991549
523.4913	523.3293	-0.84821332	0.52952197
579.2345	579.1295	-0.84819578	0.52954765
330.4173	330.5346	-0.84766556	0.53040653
1525.913	1525.282	-0.84872561	0.52865382
947.0654	946.8067	-0.8480058	0.52983542
188.9356	189.0683	-0.84754922	0.53059821
286.217	285.7935	-0.84758022	0.53054474
1971.708	1970.896	-0.84756451	0.53049042
224.4261	224.6491	-0.8476374	0.53045589
83.23557	83.18755	-0.84779562	0.5302087
1942.976	1942.343	-0.84777281	0.53015898
1922.941	1922.475	-0.84780906	0.53010206
1044.445	1044.489	-0.84799643	0.52984588
1645.079	1645.123	-0.84799416	0.52982027
341.3894	341.7508	-0.8480709	0.52975773
820.6336	820.4276	-0.84813819	0.52962922
1248.045	1248.034	-0.84817581	0.52954906
1440.181	1439.706	-0.84824051	0.52943607
899.5916	899.7828	-0.84832578	0.5293251
1830.584	1830.694	-0.84850139	0.52899802
568.1988	568.1219	-0.84854135	0.52899422
181.0764	181.3783	-0.84860305	0.52891149
1509.172	1508.551	-0.84861289	0.52883559
1574.161	1573.869	-0.84861843	0.52882342
273.0156	273.0588	-0.8487374	0.52869212
165.4689	165.3033	-0.848806	0.52858638
1947.599	1946.661	-0.84883865	0.52845057
938.1617	937.981	-0.84770735	0.53031318
809.6786	809.5013	-0.84788038	0.53004233
316.4988	316.5961	-0.84795211	0.52994888
297.1509	297.3124	-0.84798592	0.52989558
438.1213	438.1212	-0.84808712	0.5297277
1029.33	1028.967	-0.8485224	0.5290039
478.5669	478.5418	-0.84853961	0.52900086
1650.961	1650.305	-0.84858224	0.52887762
1189.173	1188.716	-0.84871064	0.52869431
105.4641	105.6107	-0.84875677	0.52866784
1243.887	1243.509	-0.84752111	0.53059645
1196.448	1196.068	-0.84805141	0.52975074
1779.856	1779.097	-0.84842179	0.52912835
544.067	543.9788	-0.84853622	0.52900348
249.4783	249.5648	-0.84855415	0.52898715
1745.854	1745.106	-0.84873785	0.528623
1342.792	1342.3	-0.84878303	0.52857068
1338.758	1339.143	-0.84858478	0.52888905
1293.6	1293.145	-0.84856191	0.52892798
558.4124	557.13	-0.85095693	0.5251001
535.2855	535.2481	-0.85089186	0.52520666
689.42	688.9034	-0.851062	0.52492399
596.6018	596.367	-0.85104063	0.52496272
616.5657	615.9694	-0.85103251	0.52497503
1966.559	1966.052	-0.8510783	0.52483493
1855.936	1855.832	-0.85094703	0.52505361
1109.961	1109.556	-0.85139086	0.52437105
1065.723	1065.754	-0.85140013	0.52435808
254.3299	254.7917	-0.85086527	0.52526147
261.1789	261.3203	-0.85088095	0.5252358
332.1569	332.3277	-0.85116923	0.52476553
770.2065	769.7786	-0.85152983	0.52416111
1453.229	1452.632	-0.85060418	0.52562953
168.2675	168.6532	-0.85069352	0.52554313
290.9131	291.024	-0.85079347	0.52537625
301.9369	302.2028	-0.85086843	0.52525438
340.312	339.9557	-0.85151572	0.5242028
1644.17	1643.101	-0.85037701	0.52598735
584.3132	584.0911	-0.85041264	0.52597995
403.0292	402.9214	-0.85054113	0.52577996
1814.734	1814.057	-0.85055292	0.52569399
1826.349	1824.977	-0.8505446	0.52570687
1218.564	1217.653	-0.8505913	0.52566188
1468.915	1467.994	-0.85070937	0.52545849
1332.828	1332.096	-0.85100046	0.52499366
220.4746	220.3868	-0.85121612	0.52469414
1335.372	1335.885	-0.85130294	0.52450284
995.9467	996.007	-0.85135811	0.52442959
540.9246	540.8189	-0.85137184	0.52442783
545.413	545.4864	-0.85139045	0.52439742
120.5431	120.8508	-0.85145447	0.52431134
1438.653	1438.521	-0.85143158	0.52428891
123.6739	123.9528	-0.85148864	0.52425573
211.978	212.0446	-0.85149395	0.52424349
934.1992	933.614	-0.8514841	0.5242279
389.1245	389.2741	-0.85153254	0.52417338
375.112	375.1874	-0.85151745	0.5241985
819.702	819.3317	-0.85154907	0.5241276
989.7322	989.4501	-0.85157932	0.52407061
239.8647	239.9506	-0.85161086	0.5240524
214.7896	215.0029	-0.85058185	0.52572194
1402.242	1401.667	-0.85065071	0.52555675
1756.404	1755.342	-0.85101981	0.5249409
364.8455	364.9712	-0.85131664	0.52452498
116.0383	116.3579	-0.85150698	0.52422624
343.9619	344.4978	-0.85156086	0.52412927
1083.129	1082.714	-0.85031515	0.5261149
1478.746	1478.194	-0.851091	0.52483963
359.5497	359.6762	-0.85128831	0.52457119
256.8493	257.0862	-0.85157926	0.52410304
1833.787	1833.023	-0.85158516	0.52401919
900.7935	900.6465	-0.85163559	0.52398329
533.4864	533.4179	-0.8506421	0.52561101
1943.312	1942.357	-0.85073422	0.52539375
364.2301	364.3666	-0.85138901	0.52440751
276.7633	276.7026	-0.8519633	0.5234777
1958.751	1957.788	-0.85238091	0.52271714
234.8883	234.6886	-0.852837	0.52205484
869.8787	869.1093	-0.85298053	0.5217925
1200.359	1199.369	-0.85232307	0.52285016
1036.522	1035.987	-0.85268795	0.52226269
173.5234	173.7564	-0.85167806	0.52394591
928.9732	928.6758	-0.85264331	0.52234059
904.2562	903.7451	-0.85276156	0.52214867
1640.678	1641.94	-0.85225956	0.5229316
1345.828	1346.002	-0.85258944	0.52240852
324.6381	324.3517	-0.85296899	0.5218354
839.6767	839.5969	-0.85165087	0.52396125
88.22102	88.05508	-0.85167866	0.52394842
1030.04	1030.473	-0.85169534	0.52388011
71.01977	71.09539	-0.85186339	0.52364871
160.4211	160.3864	-0.85188695	0.52360676
1778.843	1778.272	-0.8518766	0.52354816
1177.931	1177.803	-0.85195802	0.52344581
1622.319	1622.776	-0.85197987	0.52338813
1140.592	1140.033	-0.85201405	0.52335642
1227.482	1229.8	-0.85202975	0.52332653
1778.63	1778.052	-0.85205706	0.52325442
808.8011	805.7604	-0.85220641	0.52305874
1950.395	1948.393	-0.8522473	0.52293549
1890.908	1889.405	-0.85227514	0.52289327
1769.384	1768.796	-0.85236411	0.52275458
80.524	80.10419	-0.85241545	0.5227492
1232.799	1232.329	-0.85242946	0.52267508
1030.698	1029.746	-0.8524571	0.52263969
818.7996	818.299	-0.8524721	0.52262504
1237.98	1237.758	-0.85265624	0.52230479
716.7535	715.9659	-0.85268186	0.52228738
1576.043	1575.239	-0.85283993	0.52198798
1582.827	1581.533	-0.85282651	0.52200957
1875.903	1874.394	-0.85289471	0.52188287
310.9359	310.9685	-0.85174565	0.52383034
760.3605	760.1664	-0.85196828	0.52344859
319.2928	319.1304	-0.85198228	0.52344503
1382.151	1381.645	-0.85199148	0.5233814
221.6002	221.5233	-0.8520635	0.52331689
349.2967	349.1326	-0.85225755	0.52299546
149.2322	150.0633	-0.85227377	0.52297732
624.3112	623.9572	-0.85237667	0.5227894
1522.027	1521.379	-0.85241057	0.52269156
1347.057	1346.495	-0.85245049	0.52263519
142.9165	142.7453	-0.85249187	0.52262201
1185.807	1185.163	-0.85268036	0.52226795
850.3998	850.0918	-0.85273388	0.52219634
1922.41	1921.431	-0.85279096	0.52204986
503.888	503.6994	-0.85204074	0.52334198
1959.675	1958.622	-0.85282727	0.52198857
1425.998	1425.361	-0.85244232	0.52264461
1401.557	1400.859	-0.85280938	0.52204668
752.2313	751.7539	-0.85297935	0.52179977
292.8443	292.7081	-0.85230109	0.52292688
292.7074	292.4442	-0.85293881	0.52188607
810.413	810.1254	-0.85302287	0.52172597
854.1537	853.5433	-0.85305476	0.52167183
945.2149	944.5592	-0.85308145	0.52162398
1373.154	1372.542	-0.85343191	0.52102977
1795.918	1794.985	-0.85362625	0.52068965
1856.311	1855.341	-0.85356454	0.52078762
186.2655	185.1749	-0.85312489	0.52158629
1028.114	1029.341	-0.85336348	0.52115847
836.7242	836.1191	-0.85360462	0.52077242
474.7112	474.0014	-0.85367209	0.52067798
466.3216	465.4518	-0.85367653	0.52067108
91.07156	90.90945	-0.85353825	0.52091345
1654.432	1653.504	-0.85362197	0.52070407
938.2059	937.673	-0.85367096	0.52065902
1484.676	1484.513	-0.85301776	0.52170192
513.1831	512.6978	-0.85305536	0.52168612
303.9498	303.3825	-0.85306741	0.52167538
1936.337	1935.849	-0.85309585	0.52155071
1917.431	1916.161	-0.85310484	0.52153707
1464.737	1463.781	-0.85322151	0.52136967
300.9405	301.2877	-0.85324613	0.5213831
1654.536	1655.157	-0.85330968	0.52121558
417.0244	416.3034	-0.85336424	0.52118487
643.6077	643.0434	-0.85340933	0.52110112