587729149846946414	0	0
587729149846946427	-9999	-9999
587729149846946430	0.03410956	-0.01157086
588848900971299299	-0.01168916	-0.03439978
588848900971299315	0.007461539	-0.002709848
588848900971299318	0.01907634	-0.06981371
588848900971299329	-0.009510854	-0.04454925
588848900971299332	-0.008065673	0.01200672
588848900971299356	0.02454042	0.04228935
588848900971299359	0.01197755	-0.00670708
588848900971299363	0.02410148	-0.0007513132
588848900971299370	0.008942461	0.01097538
588848900971299376	-0.02330504	-0.02023693
588848900971299380	-0.01380217	0.008110595
588848900971299384	-0.003655467	-0.01771284
588848900971299411	-0.04353283	-0.03162348
588848900971299420	-9999	-9999
588848900971299432	0	0
588848900971299440	0.03836165	-0.01619283
588848900971299444	0	0
588848900971299449	0.002748869	-0.005166065
588848900971299455	0.06436581	-0.0328713
588848900971299459	0.006669996	-0.001853679
588848900971299469	0.03096022	-0.01989521
588848900971299486	0	0
588848900971299500	0.04880889	0.008482873
588848900971299509	-0.01184203	0.003083945
588848900971299530	0.005687379	-0.03162978
588848900971299533	-0.01968868	0.01367619
588848900971299534	-9999	-9999
588848900971299551	0.01179346	0.02709784
588848900971299558	-0.002448529	-0.007110244
588848900971299564	-0.007883891	0.00376387
588848900971299569	-0.1676339	-0.02920642
588848900971299570	0	0
588848900971299576	0	0
588848900971299607	0	0
588848900971299633	0	0
588848900971299636	0	0
588848900971299672	-9999	-9999
588848900971299680	0	0
588848900971299686	0	0
588848900971299698	-9999	-9999
588848900971299701	-9999	-9999
588848900971299718	0	0
588848900971299721	0	0
588848900971299729	-9999	-9999
588848900971299731	-9999	-9999
588848900971364395	0.0005149309	0.0006794114
588848900971364424	-0.1073568	-0.02170803
588848900971364435	0.003861254	-0.001964967
588848900971364457	-0.03798356	-0.0437906
588848900971364471	0	0
588848900971364477	0	0
588848900971364487	-0.0002233101	0.001346401
588848900971364499	-0.001400507	0.001255184
588848900971364513	0.0005415714	0.0002622964
588848900971364518	-0.0005232031	0.004470862
588848900971364541	0.001966176	-0.001256814
588848900971364554	0.0002684223	-0.006879838
588848900971364564	-0.001022482	-0.0004799364
588848900971364569	0.002166018	-0.002278757
588848900971364570	0	0
588848900971364583	-0.0002622406	0.003220693
588848900971364593	0.0009756621	-0.001775482
588848900971364607	-0.2094978	0.1142759
588848900971364635	0.002339649	-0.0001952955
588848900971364647	-0.003531502	-0.003455514
588848900971364649	0.005457039	-0.00350875
588848900971364660	-9999	-9999
588848900971364667	-0.004698233	7.426692E-05
588848900971364697	-9999	-9999
588848900971364713	-0.001237809	0.0009905115
588848900971364720	0.0112626	-0.0228935
588848900971364731	0.006085234	0.008903368
588848900971364738	0.005675264	0.01217837
588848900971364749	-0.01829914	0.007476817
588848900971364753	0.01031464	-0.002818112
588848900971364759	0.01758785	-0.002381057
588848900971364778	-0.004092692	-0.01411959
588848900971364788	0.004818383	-0.01797242
588848900971364791	0.01121796	-0.0178344
588848900971364796	0.01391491	0.02302122
588848900971364797	0.04816213	-0.05208016
588848900971364798	-0.02426428	-0.001447289
588848900971364801	0.03467617	0.003545322
588848900971364825	0.004186138	0.02324116
588848900971364828	-0.009601915	0.0004269766
588848900971364843	-0.02365707	0.01103529
588848900971364844	-0.009101096	0.003298763
588848900971364854	0.01147576	0.005261323
588848900971364870	0.006261887	0.008338559
588848900971364898	-0.01923631	-0.01765576
588848900971364912	-0.008963576	0.01389892
588848900971364939	0.00252981	-0.01168252
588848900971364954	0.01372354	0.02254993
588848900971364959	-0.005174831	-0.006615208
588848900971364967	0.02838258	0.009025082
588848900971364970	-9999	-9999
588848900971364977	0.003255682	0.008933391
588848900971365012	0	0
588848900971365016	0	0
588848900971365037	0.07522478	-0.03984036
588848900971365064	-0.1066794	-0.006119324
588848900971365076	0.02471608	0.01466695
588848900971365092	-0.0290425	-0.09556182
588848900971365094	0.2329552	-0.1498911
588848900971365101	-9999	-9999
588848900971365121	-0.002408345	0.01375035
588848900971365134	0.008007087	0.00386083
588848900971365150	0	0
588848900971365162	0	0
588848900971365163	0	0
588848900971365165	0.006465869	0.006175957
588848900971365167	0.06784475	0.03664462
588848900971365168	0	0
588848900971365176	-0.03519421	0.05963103
588848900971365178	0	0
588848900971365206	-0.02438016	0.0907376
588848900971365215	0.02582096	-0.007673438
588848900971365242	0.009346438	0.03049139
588848900971365266	0	0
588848900971365269	0	0
588848900971365270	0	0
588848900971365271	0	0
588848900971365275	0	0
588848900971365279	-0.01710335	-0.007454891
588848900971365285	0	0
588848900971365290	0	0
588848900971365312	-0.006985418	-0.01118638
588848900971365334	-9999	-9999
588848900971365341	-9999	-9999
588848900971365343	-9999	-9999
588848900971429895	-0.007238785	-0.001179906
588848900971429901	-9999	-9999
588848900971429937	0.009009005	0.04398466
588848900971429950	0	0
588848900971429956	0.01007403	-0.01588064
588848900971429991	0.001555063	0.00412664
588848900971430006	-0.003048048	0.0001582768
588848900971430035	0.001891697	-0.003268122
588848900971430040	0.002050994	-0.0003814521
588848900971430051	-0.002132714	-0.002428735
588848900971430065	0.001657454	0.0008166376
588848900971430080	-0.003530424	-0.001275954
588848900971430097	0.001270966	-0.0001035692
588848900971430100	-0.002387999	0.004052061
588848900971430107	-0.007485616	-0.002966569
588848900971430135	-0.0007595326	-0.00399761
588848900971430147	0.009568268	0.01396508
588848900971430160	0.00190837	-0.04498115
588848900971430169	0.01142558	0.04302055
588848900971430172	0.001022163	-0.003147346
588848900971430184	-0.002795262	0.008840421
588848900971430200	0.006618029	0.07562808
588848900971430208	-0.0005958751	0.002879244
588848900971430214	-0.007032146	0.0011925
588848900971430237	-9999	-9999
588848900971430251	-9999	-9999
588848900971430253	-9999	-9999
588848900971430265	-0.0005239791	-0.002521482
588848900971430266	0.02244425	0.005796443
588848900971430289	-0.004262474	0.07507281
588848900971430294	-0.005808524	0.009904913
588848900971430299	0.04277653	-0.01235566
588848900971430300	-0.02145053	0.0416737
588848900971430301	-0.01497504	-0.0149973
588848900971430303	0.006879834	-0.001540062
588848900971430317	0.003732743	-0.003301761
588848900971430355	0.002390262	-0.005960317
588848900971430385	0	0
588848900971430392	0.01211277	0.003023769
588848900971430429	0.006762776	-0.01339423
588848900971430438	0.002658132	0.007410078
588848900971430454	0.02607974	-0.006540108
588848900971430462	0.006294885	0.009531822
588848900971430465	-0.07916268	0.03301683
588848900971430468	-0.0163243	0.03473132
588848900971430480	-0.03405032	-0.02238612
588848900971430511	0	0
588848900971430512	-0.009616331	-0.002073419
588848900971430519	-9999	-9999
588848900971430521	0.0140963	0.1252195
588848900971430541	-0.1714503	-0.1236006
588848900971430548	0.001344435	0.03191596
588848900971430549	0	0
588848900971430560	-9999	-9999
588848900971430583	-0.012946	0.003622079
588848900971430584	0	0
588848900971430589	0.03443809	0.008467169
588848900971430606	-0.07644298	-0.05379501
588848900971430617	-0.02835834	-0.01388034
588848900971430629	0	0
588848900971430635	0.00445459	-0.0007063011
588848900971430637	0.04304572	0.009324684
588848900971430642	0.01382514	0.127664
588848900971430668	-9999	-9999
588848900971430671	0	0
588848900971430682	0	0
588848900971430690	0.06041618	0.0548068
588848900971430700	0	0
588848900971430718	0.002234039	0.02277293
588848900971430731	0.05283988	-0.1581797
588848900971430765	0.0785718	-0.0257562
588848900971430786	0	0
588848900971430794	0.02448944	0.007345617
588848900971430815	0	0
588848900971430831	0	0
588848900971430866	-9999	-9999
588848900971430880	-9999	-9999
588848900971430882	-9999	-9999
588848900971430885	0	0
588848900971430887	-0.009213387	0.2104529
588848900971430888	0	0
588848900971430894	0	0
588848900971495446	-0.01568379	-0.008557843
588848900971495469	0.001032062	0.0002811036
588848900971495511	-4.09596E-05	0.004963408
588848900971495518	-0.005604596	-0.002755253
588848900971495522	0.0006457654	-0.001992977
588848900971495561	-0.01254732	-0.006726122
588848900971495562	-0.04967437	-0.008280138
588848900971495577	0.00238775	-0.0002208964
588848900971495591	0.004562118	0.0002561428
588848900971495593	0.001196211	0.0004910211
588848900971495599	0.0007508353	-4.152961E-05
588848900971495620	-0.02811986	0.003283459
588848900971495628	0.112135	-0.4151913
588848900971495640	-0.0004356993	0.000466731
588848900971495661	0.005896829	0.005917759
588848900971495683	0.001417772	-0.0006844282
588848900971495686	0.0006501159	-0.007138552
588848900971495701	-0.003979127	0.002951813
588848900971495708	-0.005983032	0.009720657
588848900971495738	-0.002347129	0.004813826
588848900971495750	-0.001536814	0.0004755245
588848900971495773	-0.01634157	0.02023209
588848900971495777	-9999	-9999
588848900971495828	-0.003699571	0.01343788
588848900971495829	-0.02527646	0.02995772
588848900971495833	0.0226795	-0.001007279
588848900971495840	0.02015492	-0.009842722
588848900971495859	0	0
588848900971495879	-0.007625866	-0.007351068
588848900971495892	-0.005416422	0.004308005
588848900971495898	0.01392189	-0.001177871
588848900971495902	-0.02131998	-0.004596614
588848900971495912	-0.03351354	-0.06736402
588848900971495915	0.008023662	0.02600514
588848900971495929	0.01939107	-0.008696788
588848900971495938	-0.01233828	-0.0002896076
588848900971495963	0.03317899	0.004939738
588848900971495967	0.02512353	0.01057874
588848900971495974	0.01236735	0.01531017
588848900971495980	0.01889686	-0.0007574611
588848900971495986	0.0109781	0.003890526
588848900971495988	-0.00802945	-0.003348921
588848900971496013	-0.01766186	0.004354757
588848900971496023	-0.007390136	0.003096086
588848900971496030	0.009380362	0.002404583
588848900971496036	-0.03163039	-0.0269769
588848900971496051	-0.008607208	0.00654562
588848900971496056	0	0
588848900971496060	-0.06265874	-0.03583561
588848900971496062	-0.003826863	0.004685173
588848900971496099	0.01119902	0.008612528
588848900971496102	-0.1192236	0.0781266
588848900971496106	0.01144275	0.02997625
588848900971496119	-0.002580914	-0.0121202
588848900971496125	0	0
588848900971496132	0	0
588848900971496145	0	0
588848900971496168	-0.1024177	-0.02938247
588848900971496173	-0.002090642	-0.01470369
588848900971496176	0.1401616	-0.1158301
588848900971496204	-0.1044089	-0.1295783
588848900971496207	-0.1271136	0.06222931
588848900971496235	-0.01844153	0.01280914
588848900971496245	0.0180451	-0.004445858
588848900971496248	0.007566199	-0.006789883
588848900971496257	0.2059282	-0.2808656
588848900971496275	0	0
588848900971496278	-9999	-9999
588848900971496281	-0.01503627	7.57345E-05
588848900971496284	-0.1213666	0.06760193
588848900971496297	-9999	-9999
588848900971496327	-0.1092413	0.03950445
588848900971496336	0	0
588848900971496341	0.09175748	-0.07992759
588848900971496344	0	0
588848900971496354	0.003657389	0.006992166
588848900971496408	0	0
588848900971496419	0	0
588848900971496426	0.001541973	-0.01605108
588848900971496427	0	0
588848900971496430	0	0
588848900971496433	0	0
588848900971496444	0	0
588848900971496450	0	0
588848900971496475	0	0