y[NrBL^\kHoDJZJX	3837	9761	3293	9263	348	1930	1801	1063	2017	2942	4078	6314	557	3405	9229	8832	9971	4999	7547	4115	7673	3378	9517	33	3460	145	3003	1143	3247	1837	2160
QvLaCrOGJ\md\T	1155	3808	1531	5382	9253	3456	2797	5971	3527	9029	7280	8843	3158	8317	8723	1894	5045	8664	8713	1228	7189	5479	2069	3304	6220	4733	2653	9542	1202	3057	681
_BWghLkYnhm_HWQPgptIGgrLE	2769	2941	2604	7141	5742	661	7071	2698	5528	1822	3013	5425	4804	881	1050	220	8675	2447	6003	7097	6798	6849	7169	7440	8763	5453	6699	7252	8615	8594	5110
sgwMEMwYWHtyXVuUaUSPNBykL	1629	9175	8237	1887	1258	7821	6074	5438	5027	8560	3611	2910	190	3107	5582	1424	1573	8904	54	2584	2193	1140	7733	7789	8607	878	6337	8950	9230	4016	8882
dFXopP[[GF\GuTvpYkRWlKg	2744	423	5188	4434	1281	3655	1756	6398	8797	5432	9542	212	8857	3645	4883	9171	6617	4613	3869	2424	2013	2839	4008	4167	4494	7989	4691	5550	7215	9338	7285
wfacvmlGftPq^]vMKbhAUWkD	4495	8982	6112	642	3381	7542	3030	1530	9043	8703	9597	5657	4462	6916	6838	8612	2323	4557	2684	8267	6026	6175	4436	7655	5381	6073	8092	364	8864	5330	4206
D`FV`MFGKTXTbjsuNOqdw^	5704	3161	303	8963	7411	9823	9358	6534	9775	4728	4598	1048	7807	3044	4600	4511	6897	1836	4447	825	3373	8710	8688	3233	3318	1039	9098	2728	2694	800	2037
ZdMSaOQSaEFiF[j`hiMfXtot	3467	2430	2772	49	5273	8918	8323	4362	1154	31	7112	8719	3252	9019	8010	6735	6188	2835	3639	2512	7581	2013	7722	9126	2389	1256	8341	9259	3853	380	4726
b]i\fbnp[Q`vJy_A	6462	8800	4250	206	7884	2214	9216	9715	8862	8671	5862	667	4328	8600	6800	3845	7565	6421	7501	5356	7527	5222	9284	9668	8522	8531	1991	8427	5462	2146	6961
y[NrBL^\kHoDJZJX	7722	119	3250	3807	7400	1779	7818	3036	7626	3398	3602	1743	9905	266	1171	515	655	5422	8266	1064	506	9855	6085	6110	4023	976	6465	2997	495	7698	7122
_BWghLkYnhm_HWQPgptIGgrLE	2789	4003	5781	4390	856	6287	8290	1475	7645	8758	8465	3686	7587	7921	2376	4516	5524	6562	931	5005	2450	1764	7403	7160	908	972	4163	9497	2184	668	1415
wfacvmlGftPq^]vMKbhAUWkD	7301	208	9707	5488	6694	1367	589	1963	644	7647	3576	6086	7505	8902	9465	5783	91	8410	677	8327	4312	1214	270	8895	8891	7989	6299	9822	4187	9718	9812
e[\GKiWCkbUl[ZoqQh`YxSaSN	4425	6739	34	9792	6916	728	8237	3934	1503	3297	122	6038	7379	2292	9395	5980	6911	1523	1583	5742	4268	9817	6795	2996	1649	7482	5506	207	8059	5013	1767
VevejxFRGq[hQbLqNCN	638	9649	7196	2083	4323	2304	8139	2190	4934	2961	4850	2762	5671	6208	3056	9019	3990	2140	584	8075	4311	8681	4734	8308	2622	5289	3943	4259	7427	593	2285
OoIZgMcX[TvZUBraamjW	8843	9706	5001	7533	7436	9578	7469	2314	4944	4255	9929	8807	7500	5882	5020	9363	757	3276	2726	4385	5637	823	3239	3909	9431	496	627	7013	9494	1600	3263
UPEQJN[lp\drjGyARxq	2730	6484	7776	7016	6997	1022	8077	8477	4397	6054	3298	4443	5695	8954	5889	5067	5040	8690	52	9968	2417	2364	1841	890	7709	502	9720	8047	6471	8483	8289
JsJOG[WZoWMn^lRqg^LmoSWi	3327	1369	5689	2126	2657	897	7996	8054	9547	218	4207	5823	840	6899	1740	6975	8513	2602	6439	3160	1349	5426	2126	5971	495	7708	265	1044	757	5328	5593
MvswM\pfeurWuK]VTNKS	3664	4054	399	1650	1470	5384	7981	6962	7766	6357	9066	5763	4678	6161	340	5107	941	6995	988	9489	9710	7572	3558	6543	4397	4943	4678	3136	6975	2702	5668
UPEQJN[lp\drjGyARxq	3925	9734	9948	9262	8701	2377	6927	8562	754	3060	1904	9120	3507	2234	829	5105	2968	5769	8826	5927	6788	4824	4087	4158	964	3032	5663	1965	6495	7365	1781
CB^ICpEO``TEcl[lmGkY	4979	2756	3421	8166	2938	4637	7923	3870	9669	8427	313	6909	482	7261	7139	7311	7306	7371	7805	457	4607	5208	2127	2108	3278	6450	7387	5680	9660	9054	9355
I_BdRwsGGecZwQvGqwT	7258	3989	8886	891	1772	7006	4755	7052	1356	2382	7379	47	7873	522	3519	3777	1061	4298	4384	4692	7441	2455	1138	1177	7588	349	8069	7143	9021	2842	8775
gyuhZa_OwoAIjkMgDSXSaZd	1389	284	5776	2619	4698	1345	4236	9095	5372	1658	9853	3748	7414	342	4977	8100	4914	9565	9890	8757	4199	9392	1522	8493	4964	5949	6877	416	1875	1530	6380
^TlorHSgfCZpCDsmnSpoWx	4873	8440	1711	5969	8436	3836	7708	6721	1116	1277	518	7017	4434	3128	3883	3613	580	5798	5557	5833	4806	8137	2262	5349	5880	8589	8187	3794	8997	8521	75
Mo\csbrrmMECsYj`ZaPZxTr	6523	8413	228	2517	4609	7988	6654	2380	2165	9591	4737	4752	1598	6557	1500	1578	8003	3697	2576	7109	1117	1183	6238	3247	9800	9476	9132	8278	9169	7408	3808
YaUaHZJIcs^susms^hqD	3112	6274	6676	9916	9811	8716	8938	1422	1660	4253	9139	2066	7930	2394	8936	1653	1862	9099	3890	4057	7308	7657	2541	6672	7896	3200	1065	3294	7529	4670	8244
RmyOKjEptftENRtNxmkXtB	4555	3481	1772	8868	8336	728	176	4607	2299	5653	1487	2915	7620	6694	1922	7726	3235	8755	1218	8722	8610	2134	3180	9921	4225	649	7422	5056	9037	9323	5767
kxjW]Jojc[^U]JmbAj	8526	4895	4318	2641	6275	4957	2830	4483	4822	2224	7531	8156	1675	8292	574	6498	3852	5272	9103	2379	4099	2572	7049	1970	2971	8339	7674	3842	4899	5377	5376
HxOQCqbGvP\\Ac	3766	9274	9945	540	8160	1895	9986	6456	6379	3317	1643	7439	4203	2144	5147	6228	9303	3765	808	126	326	3457	8379	4403	1859	2517	3216	910	3642	4244	947
gV`BygDwrX^rrAfXwPCLnDaU	2634	6538	6295	2177	3999	53	2191	6482	3645	7689	7962	5969	5857	2907	9836	1235	9461	5954	7754	561	6954	2648	4764	4740	9086	4022	8203	9592	1814	2251	9747
DXS\qPTVWlOSBw[yVH	4807	1708	5098	2875	690	2130	8631	6633	726	4602	5606	7495	1685	5975	8465	6779	8915	7951	1830	5500	9526	1979	3107	5348	3364	7540	72	8237	3063	727	5192
_cpWBHQR]iHEXYs	9055	3803	4384	6184	3290	7601	402	512	5764	194	5614	3071	6042	3682	3449	8852	4201	7641	3027	4966	2547	5164	5269	5158	6968	1164	9666	1874	2080	4608	6952
UYJMM]hMQUGHYPbh`USA	6873	9245	8742	4909	7186	3616	8180	2154	2695	9449	5112	4297	5916	8422	0	8816	2990	4260	8936	3565	4837	4742	1653	9690	1683	3418	8550	2843	8819	2922	515
JcSOqbNpbXmCffQhk_	2750	1057	2078	2972	4416	6443	9597	5702	8040	2963	6959	398	7293	3429	7529	9843	8158	6199	3208	7008	7048	7751	7252	4841	3566	7055	7935	4508	5376	7395	1717
y[NrBL^\kHoDJZJX	382	8988	6970	7772	8665	1523	6711	3655	8545	5247	9547	8247	7635	5229	928	4840	2997	3848	9634	5096	1177	4432	9806	2631	8247	6006	6851	3256	2647	3405	3395
]ZwBe\D[usAYTgFOKs	8998	9808	8492	746	2624	406	1592	7099	9137	447	5912	9738	1073	709	1371	2945	9707	2613	3348	5407	2057	9179	3497	8305	6969	3001	6911	4281	8970	1855	6255
A^fp]_DkDynW]HhrG	6030	8323	4986	4162	8762	6484	1576	3657	6844	3794	3926	5735	3780	7074	7504	7974	1306	9279	4973	8823	7680	5298	3195	8215	3412	5324	4341	4813	3292	9944	639
J^cYiWUewppLLWJn`Sk	8937	4992	4977	4085	265	2663	4921	6454	1547	5146	3078	4363	1605	9888	678	6559	1006	386	9657	4043	6672	9710	1572	3197	1094	9473	4985	8531	4943	2171	1999
Tw_kBSRclLqP]jGkoAADMBJt	8789	2424	8880	1010	6027	8264	1652	385	3940	9349	3395	7631	7576	8525	5081	2212	7393	7313	623	5338	5387	8899	2387	5917	7700	8120	2117	2553	3164	6007	372
Pky_]G_KeHto_f	2187	3102	8788	9795	6283	1694	2108	6460	767	6246	3153	7686	9934	2948	1228	8441	9104	260	6579	3354	1775	7880	2132	517	8552	6195	7658	324	5079	8232	710
TIRKhIJIeRmpqVafdR	212	8547	5850	900	2294	9705	8336	1668	3176	7845	6467	5013	687	6220	3752	9538	8340	8835	5624	8859	958	5408	3886	4719	9273	9727	9188	1346	7297	5226	9898
vkGqh_kOyjysWHBhkLGtj	1590	2038	4837	8602	2046	9289	7665	2163	4003	2682	6970	3606	8612	2290	5909	8375	9483	2994	8943	7829	7851	6983	930	3368	6577	6390	2176	1653	2180	894	5668
QmEoolcCMUUKafEP_lRdHgU	4499	3221	6569	4240	1561	6195	6843	4753	2655	4136	5530	7682	4491	5447	28	3504	1476	8614	8345	6505	6178	1405	7259	1694	1346	7588	6558	1457	4687	5672	7680
cAElkXxIl_EuFF	8863	3952	1568	6579	5730	9982	6984	3030	9978	8408	5937	3831	6203	7826	3566	8433	6537	9885	3702	4063	6668	2160	7761	4176	1389	6323	137	3109	1302	8542	1467
`oeYEdWgoU_Xhie	2898	4964	3589	7535	2166	4960	6030	8898	3375	1447	2700	9331	8561	7608	2449	9882	6378	3919	3623	6677	3650	191	1427	1885	2298	104	5045	5367	9374	1312	5924
CB^ICpEO``TEcl[lmGkY	6570	6430	3241	5859	8276	9872	2920	4553	2344	8262	2623	8598	81	5533	3711	5193	2745	5314	3870	6816	5791	807	8930	1037	3923	9068	1460	1474	3268	2805	2190
D`FV`MFGKTXTbjsuNOqdw^	8604	224	9260	9172	748	4936	8599	7123	8440	8388	195	4427	7426	3175	7882	8717	2170	8129	704	3909	5784	8315	4737	4568	1102	6903	1606	4054	6872	6449	2926
OoIZgMcX[TvZUBraamjW	6144	3370	2373	1463	1648	4148	2863	9276	7399	2367	8589	9467	3540	2099	4880	386	3545	4648	827	1795	8474	8505	5955	3138	3534	5490	544	3332	2396	4882	4105
TTb^fCJfRMynBX	3804	1137	1254	4911	8602	317	3813	2942	5801	1743	6770	3599	5222	4731	4602	8818	6465	6599	7007	5429	7052	2909	5845	8426	4236	822	2751	6213	2774	5471	8838
wfacvmlGftPq^]vMKbhAUWkD	2119	1956	2857	3840	6829	6713	459	6623	9925	6430	2439	7162	5805	7112	8027	1944	4301	1458	9612	5980	5834	3973	9402	2593	2687	1266	5583	6591	2259	7107	6990
_BWghLkYnhm_HWQPgptIGgrLE	6888	2457	7176	2350	2004	1964	439	7653	8388	524	4914	5541	6481	4075	267	2144	9605	3663	900	9485	3005	1342	9365	3652	5367	8146	3172	6223	4820	7783	8458
`fpKhUQNBFg^\JxisYshQL	7265	2362	6121	331	6686	3943	5708	1136	5126	8281	3011	1862	9075	4483	9664	8048	8144	8089	2598	6547	2728	1138	1147	2408	458	3977	9638	7098	3223	2135	7073
lqXIWlq_[GVcVZV	1622	8941	3959	3731	9324	7487	4380	7718	9504	280	1767	3842	7424	878	5927	2584	4879	5661	9208	8930	7582	1806	270	7430	3557	9779	4838	449	4856	6422	1050
PWWJdkB`fV[jSMHTmFD	2489	4845	749	3843	6272	8020	7115	6187	4997	8273	1405	5622	4759	4618	6596	5654	7129	3480	2322	1691	8575	2549	8700	6090	2927	8717	1259	3655	2769	9728	5638
WxMkAEblBOH^AgmZM_lNjX_	4169	382	8251	1240	7341	9018	1383	6428	3986	3621	7067	5621	5473	7675	4203	2020	4969	9697	8613	4275	8645	4102	5025	9831	5003	5331	6384	3694	9369	717	3134
slK`VPKbhYuYBqXIKr	2920	2150	9556	7706	6914	1401	7657	8313	1539	3556	8936	4528	3893	2092	4056	57	3658	3042	4617	7098	7761	9921	8983	2434	5682	3516	1606	5531	4030	6242	9669
UubkRdhmAeGEyFsm\c	5119	6881	6609	5607	5136	4550	1481	7354	3430	5496	1536	3243	8398	234	7870	5587	3183	5638	3385	400	297	2579	4285	5358	8745	4734	8787	6097	3025	9522	1485
\ZCxpcyyX][p[FpmNUlBGL	529	3714	4523	8040	7851	930	6192	1354	8370	7159	3052	3203	9668	4436	4936	8858	8662	2916	3095	7823	5978	9020	2137	3932	1338	5962	2996	7286	7164	3930	2571
ZVCSOTn^k\[AvuYWdiQ]	9980	7747	1779	4837	6618	2854	9534	7143	8331	9807	1751	1384	9355	2714	2687	8289	6513	1805	9538	7062	2653	1946	7508	9829	8009	4732	5639	1526	7706	5543	2641
Qal\UVJwVMWVrBMdltGqEx	6214	9237	2147	3935	6715	8914	8554	3102	5067	5980	2278	36	4883	3007	6857	4747	3128	244	5823	6821	6795	3051	2749	433	1815	7805	7843	1207	8895	4241	3161
y[NrBL^\kHoDJZJX	54	7130	6413	7227	6787	3471	9776	9977	7769	684	5247	9978	2753	5582	737	4661	6164	5718	5987	611	9583	2327	3426	7871	6848	4374	3067	4953	278	3321	6129
gPG[XiMbubsTGkqR	8704	9706	5912	1158	2827	6595	8046	2369	8184	1656	3897	7933	7860	17	1006	5603	6815	7830	8181	9549	1191	9378	5095	4454	5825	2658	3184	301	3632	6934	4366
]nrUGYgVppHulj	1701	288	5046	143	2960	1141	1400	933	7803	7033	7746	9439	1248	3776	4473	7937	8557	5603	4834	5654	5056	9482	4325	6341	1225	5729	1931	2861	4826	7555	129
y[NrBL^\kHoDJZJX	7291	1024	7328	5205	1485	5763	2037	7545	4099	6422	743	4408	8382	9810	9213	9641	4425	2972	2517	9054	8217	4594	1100	7729	8350	5530	2469	4983	5666	103	4910
OwNvTjEbrTvmEPJA	6088	6699	2888	1873	6800	7367	1718	463	9376	9484	315	4024	9944	9525	9444	6270	5810	810	3623	1981	8785	1306	2645	488	8403	4064	7529	4241	5953	1792	3703
cVXaU^GfUUK\LNNC`f[tC	8278	5362	8886	9847	2000	4815	2262	222	1888	4915	3229	6313	6037	8169	1449	6125	7324	3183	2331	1584	1271	4229	9796	2396	1561	6620	5352	9066	5640	8376	1837
]nrUGYgVppHulj	4525	3051	116	6688	7731	817	2010	470	5116	9127	1291	1231	7821	6331	2616	8847	9375	150	5033	7011	5162	6553	6480	9091	9132	561	7067	4591	1137	1828	4833
mPPLdVnhAhnb_\lMfvheJW	5992	3109	5585	2917	7851	6011	1287	7646	3258	9800	3954	6802	1687	7579	3120	8181	943	5677	1434	3877	6055	1775	8419	9512	1103	4862	8071	7216	8928	7025	3038
dClEEBcafqlspqpKE^Dua	7609	8774	5674	4681	6680	4412	5808	770	202	1659	9863	7495	9830	2376	3639	4084	3319	2393	3881	8956	2390	6842	5083	3903	7745	7605	7994	1924	1447	8056	7799
ZgDI_xbLJIOrmcPZvSP	8032	2914	8350	8346	1257	2239	1307	2782	7362	5454	388	8714	1104	2137	7500	3308	8848	4099	2047	1036	8621	9401	657	6844	7736	290	3747	8810	8159	5361	9935
XMyKNsI`TAsCNBLyQRr	598	6189	8186	3868	400	4581	6901	1983	2303	2231	4800	4021	3558	3627	660	6503	5947	8855	6930	2060	742	6358	8794	3007	6767	2469	702	9199	8466	5136	5140
vRlIcDtBeeGCyISblDNRWrU	2671	3926	4373	8099	3726	8306	3913	4891	8881	5950	1374	7967	9755	270	2896	2593	1100	7857	384	6638	5050	2384	7117	7483	969	8813	4381	5080	5526	7335	3761
ZvQ^`YLksQNJKiq	7134	2685	9254	6584	7180	9302	4895	6251	5280	3138	2294	9842	8767	1405	8577	9394	7151	306	1223	7615	1592	4464	688	6306	3155	8873	6025	9044	1310	5054	7341
y[NrBL^\kHoDJZJX	2858	4234	2825	8250	7715	9792	4914	7892	8252	3223	405	8288	8130	9009	1819	5941	1116	6616	2969	8979	8251	5602	5786	6244	6233	655	9865	7005	939	4679	2998
pUjoJjnILYcm`hSPsVm[C_Y	9751	9071	1934	6875	8657	3419	2172	6443	5082	5522	1601	5984	8537	9412	9578	5466	8450	9489	9733	155	8143	9037	341	4982	6154	2445	3261	8067	3696	1543	1379
y[NrBL^\kHoDJZJX	6220	6868	9601	7502	7609	6835	7732	3608	1584	5578	8883	822	8867	5540	4693	3681	6896	2232	1725	3293	8638	4710	5880	3142	6382	7270	6715	7170	3308	7982	8423
nH`PPoM^xKQrXeHjhHLms	1378	9657	5466	6518	3652	8846	3213	8929	2036	6989	9513	9389	6865	1791	3990	1572	3723	512	269	4417	9877	7772	2699	8738	2708	4450	2204	1721	8686	6452	5199
XBNTffu_ysGqqJ\PcSoBAiI	7633	7952	7776	5638	4502	6057	6466	7714	4227	7931	4255	738	7037	880	7391	7104	1552	7918	2422	6446	3668	7798	2095	7801	9131	3905	6225	6008	1759	7219	2732
OoIZgMcX[TvZUBraamjW	6160	9296	4301	6832	494	9161	3788	4137	9430	865	2970	9338	1932	6761	9929	2557	2230	2340	9969	6749	9321	841	426	1019	5152	4574	8077	4102	5653	4798	4054
VgUdXyoSQ[xrKEUoVVie	6856	4091	5339	2452	3795	2179	7336	434	2213	1869	7612	4405	1063	6638	1496	5875	1553	5818	1776	3249	4450	3495	441	4040	4264	5760	9227	6257	4563	7456	4223
ApYRSyIlvO\qmOCE\NGHct	4891	8550	630	7851	3671	2984	3831	7127	9009	6501	1111	3233	7235	7295	6472	4893	4982	3453	5596	4465	2199	6837	9257	2326	6597	8401	311	6518	6817	4362	1343
KIc`vCffDYUPnKTnxSlnDU[^L	3917	5195	8683	4923	6358	549	1279	2652	9472	8925	1049	701	3784	3599	2420	5022	8182	1389	5717	9129	4525	5431	6730	431	4967	7796	669	1375	3978	5704	6433
BuKLdqDljcWxlPJXQb`H	1878	8187	6149	1427	5591	7106	8062	7560	9323	5409	4414	2315	6920	8502	8766	8040	7084	5290	1092	4386	210	4109	9453	5337	7708	7084	2290	7589	3767	9053	5029
VwyUC_JjTWJolrI[mNEpVoEO	1417	1215	4619	9092	285	3031	4161	9611	5521	3278	3486	3123	1044	9614	283	9179	1565	4827	8623	1675	9918	3715	663	6648	9186	5919	4812	943	7792	3937	6114
lPamVsWwhBZMqQZK]Zp]a	9138	705	3047	4823	5964	8323	8204	7234	6818	308	4751	964	4806	1621	388	8008	3661	6346	3345	9706	4862	5177	3199	8745	3442	9144	3240	8166	7269	8353	1095
dFXopP[[GF\GuTvpYkRWlKg	746	5043	5742	5186	149	1369	3426	7910	7108	1145	3767	2953	7414	1346	1930	4428	6324	8697	7619	3850	3059	8270	7218	3001	4992	2061	8802	2951	7715	1000	7704
y[NrBL^\kHoDJZJX	6186	7892	1977	4737	2910	1540	8072	6465	7426	2357	8649	1243	619	9533	7754	8168	8255	1000	9196	1810	1802	8913	9633	5415	5862	8997	6350	2487	9777	3670	1194
tPZTkSXDJu`\GwRbEgvi	9272	1299	1789	6099	3600	8876	5308	1787	1123	7324	131	3916	8583	7752	7066	4661	598	4313	4955	9415	6955	3000	2129	9700	2114	1441	8844	5890	3740	6960	8892
Tw^gCramuKE_buwx	4459	2835	5523	8270	6268	6807	2286	1040	9193	6852	7197	1781	6085	7505	3246	1795	4614	9238	1184	2964	36	7037	1954	8115	8951	8706	5720	8909	4475	1267	8774
HC^Kd`r^XhfsZlTKjN^tuUEMy	2412	2187	5500	7021	4294	680	9646	2099	5730	9458	6432	4123	6837	3714	8964	4452	2751	8428	2052	2054	887	1902	4744	7716	4897	8030	8591	6585	4138	158	2482
ywHxMXllp\r[]k	2184	1742	771	6933	9948	385	115	3364	3918	425	5986	984	2828	9494	8186	6743	424	7026	5738	6496	7075	3983	7024	3033	7172	1820	3233	4614	6288	4959	9325
EcoYOa`yIXl^IluV[itRZLK	4985	4739	4274	525	8194	6062	5320	7747	6141	2815	7026	5579	917	7178	3827	5627	3799	2120	5936	3883	3825	6416	434	5157	6740	7709	978	7204	6259	8686	7899
dFXopP[[GF\GuTvpYkRWlKg	7274	6926	4206	8607	9209	7780	366	8557	3259	5694	5443	3252	7539	2886	932	7802	4364	7504	2944	223	9834	5338	6339	9135	4606	8892	2465	6142	5568	3815	7864
oaukCVv^TexeI_k\	9737	3850	4245	6435	2256	1240	8498	9069	1699	1638	9938	7475	8962	9859	1314	2022	1975	467	9785	4482	8807	5447	9351	4363	2654	3065	4264	2354	1557	6798	5889
E\UuarHqag]qpcigeaYYOZCyW	7666	8719	3090	2312	5560	7260	8710	6466	4372	2335	5428	7336	5172	3311	4012	4761	9783	5872	8158	3556	4576	1196	5086	5834	6418	8365	8704	4320	3973	7215	5772
dFXopP[[GF\GuTvpYkRWlKg	4085	7604	153	793	3939	5684	3464	1920	363	6264	2258	14	6505	1316	6947	490	9145	1348	7249	263	6347	225	6730	3298	206	8651	6314	7089	6743	4061	3844
ouNBxGIvueAbZF[KA	6730	4425	6210	2771	1560	71	7316	5075	3159	3680	782	5416	9584	4664	791	2817	5483	8153	6697	8942	3187	9722	1202	1490	7894	1385	6254	9170	4002	3107	4525
FXKhqtENcwptTkmoli[n	5507	1534	9249	6153	7691	6661	3411	3514	6259	7223	5575	9738	7961	6666	1284	5793	2538	4872	3825	6170	3352	8170	6039	6865	2580	271	2722	8211	6900	1205	528
y[NrBL^\kHoDJZJX	677	2875	9345	144	968	5852	7935	789	3181	2341	1439	10	7169	4585	8399	7600	2633	6359	6396	3122	2003	5110	6217	8741	9257	5288	5844	168	3630	408	7798
nZT\sI\XOcOoInp]	8799	2350	3102	2767	2336	4208	4187	7365	7430	7765	329	7526	5485	1044	9343	9005	7078	4172	2878	6511	1969	8616	6322	9469	3877	924	8174	8414	8388	9622	1570
UPEQJN[lp\drjGyARxq	7915	5310	6012	3389	3283	8863	168	5724	342	9640	6252	5835	9405	2049	4599	4600	9825	7271	381	3663	189	4553	2657	1662	9199	1302	8972	216	6934	9600	5140
